# F(k,t) correlation function
# Reference time: 0.000 ps
# lag_time_ps	F(k,t)
0.000000	597.87988477
1.000000	49.70909484
2.000000	33.89451969
3.000000	41.84557624
4.000000	-56.47819029
5.000000	-52.38094953
6.000000	-24.45294879
7.000000	1.92550463
8.000000	-75.70014258
9.000000	-69.70217473
10.000000	39.05803040
11.000000	9.77509403
12.000000	16.58837588
13.000000	9.88902325
14.000000	-14.21655759
15.000000	114.95435700
16.000000	32.93764485
17.000000	41.90023447
18.000000	65.42747408
19.000000	-77.72608395
20.000000	6.37374163
21.000000	55.72698463
22.000000	-124.35233228
23.000000	-9.54783324
24.000000	-73.50679366
25.000000	34.54553093
26.000000	16.69807139
27.000000	67.34887100
28.000000	-30.99821322
29.000000	12.93334616
30.000000	8.49413991
31.000000	15.02774199
32.000000	-8.43794544
33.000000	-137.10711668
34.000000	-96.32544841
35.000000	111.24977714
36.000000	21.62502724
37.000000	13.18511912
38.000000	-15.52635191
39.000000	9.54768157
40.000000	26.40344274
41.000000	3.36234333
42.000000	-21.96920633
43.000000	15.42588930
44.000000	10.74206764
45.000000	-123.58032727
46.000000	108.58578643
47.000000	-36.02957652
48.000000	-9.26216694
49.000000	-7.88771331
50.000000	-19.14843935
51.000000	-151.07910933
52.000000	-75.74800437
53.000000	19.94421739
54.000000	66.93559279
55.000000	-94.69746851
56.000000	30.99133769
58.000000	-15.18754419
60.000000	-30.68844500
62.000000	-2.32134082
64.000000	22.90655095
66.000000	1.53558734
68.000000	62.42195514
70.000000	-93.99612298
72.000000	-30.53349297
74.000000	12.97058713
76.000000	18.21270865
78.000000	21.02127591
80.000000	10.99913076
82.000000	-24.67352416
84.000000	-53.98683759
86.000000	31.85490369
88.000000	36.93357879
90.000000	-43.39895597
92.000000	52.32422134
94.000000	47.57015618
96.000000	69.43298732
98.000000	-48.51748313
100.000000	38.57106991
102.000000	15.76949561
104.000000	-146.11384741
106.000000	-24.41096641
108.000000	-9.44515625
110.000000	-77.54867400
112.000000	-17.46109942
114.000000	19.60715919
116.000000	102.86332093
118.000000	-37.73776559
120.000000	32.73352633
122.000000	104.47990673
124.000000	3.22318582
126.000000	126.42578247
128.000000	-6.07057817
130.000000	34.60491324
132.000000	-75.98746378
134.000000	-42.88335837
135.001000	13.11243277
137.001000	5.12013836
139.001000	-8.34760056
141.001000	-118.43263407
143.001000	43.49464543
145.001000	75.60644128
147.001000	-58.72557480
149.001000	1.39971960
151.001000	45.20283293
153.001000	36.77182923
155.001000	27.94996277
157.001000	-55.98461512
159.001000	-59.91276935
161.001000	0.12928721
163.001000	-99.84758798
165.001000	55.64008934
167.001000	1.46489837
169.001000	119.26254309
171.001000	-80.27751382
173.001000	-49.26231659
175.001000	8.26824659
177.001000	152.30780687
179.001000	-50.77100827
181.001000	-84.18777698
183.001000	-93.78342672
185.001000	45.75603073
187.001000	-40.74382415
189.001000	-28.11097136
191.001000	70.73792937
193.001000	24.78040146
195.001000	0.29897397
197.001000	82.78070396
199.001000	-23.79254490
201.001000	47.78479572
203.001000	28.73419025
205.001000	-5.26939668
207.001000	-26.28768828
209.001000	-29.31580980
211.001000	21.96640707
213.001000	111.95703396
215.001000	-72.64714454
217.001000	85.18181188
219.001000	33.15394024
221.001000	-76.20872718
223.001000	11.04878173
225.001000	105.15495281
227.001000	-32.66562784
229.001000	59.21933217
231.001000	-110.97881228
233.001000	15.93383010
235.001000	70.96813140
237.001000	13.37820538
239.001000	-18.35868144
241.001000	-11.25406797
243.001000	-10.20152417
245.001000	-75.32366776
247.001000	-26.73122008
249.001000	-45.24146620
251.001000	-87.86081403
253.001000	101.75136659
255.001000	40.88099067
257.001000	-11.26771957
259.001000	4.31404930
261.001000	43.47360419
263.001000	-28.63260039
265.001000	-20.36029521
267.001000	-32.66223912
269.001000	-80.46881598
271.001000	19.70375013
273.001000	-26.11519206
275.001000	23.48610319
277.001000	-36.17367565
279.001000	-2.22239140
281.001000	-64.96264685
283.001000	-12.33238448
285.001000	-24.38948764
287.001000	7.59709100
289.001000	-141.11755987
291.001000	-97.35016898
293.001000	-42.57101814
295.001000	-6.32887697
297.001000	44.92238901
299.001000	-50.19914479
301.001000	-88.46809722
303.001000	5.62738295
305.001000	64.66679375
307.001000	-47.04871830
309.001000	-86.72090506
311.001000	9.38379195
313.001000	96.65645649
315.001000	-20.48894349
317.001000	-32.50355812
319.001000	-107.65216014
321.001000	25.83690121
323.001000	26.54369574
325.001000	38.70122142
327.001000	11.80570483
329.001000	0.58339823
331.001000	-70.10857695
333.001000	-52.07755287
335.001000	23.42969098
337.001000	43.38549834
339.001000	13.73336518
341.001000	-39.55654012
343.001000	-33.53856943
345.001000	2.71160371
347.001000	-142.19846603
349.001000	-57.12905723
351.001000	-37.99390029
353.001000	29.17352544
355.001000	55.99384600
357.001000	134.44778573
359.001000	-194.17577667
361.001000	-52.32098398
363.001000	49.76673935
365.001000	43.38354812
367.001000	51.83709081
369.001000	13.29862565
371.001000	-62.19388253
373.001000	-32.11250759
375.001000	28.11245060
377.001000	24.07283135
379.001000	57.91694288
381.001000	80.82057778
383.001000	-61.77213455
385.001000	-40.00094659
387.001000	-9.31170803
389.001000	-3.53112331
391.001000	35.11803110
393.001000	85.14760595
395.001000	-91.39793464
397.001000	34.93839988
399.001000	-19.85908234
401.001000	48.14878097
403.001000	-47.44331239
405.001000	-6.70139091
407.001000	-93.75127920
409.001000	29.42969253
411.001000	-66.86762733
413.001000	-2.92476328
415.001000	52.04316024
417.001000	35.34850611
419.001000	55.36880759
421.001000	10.78248115
423.001000	2.93229423
425.001000	47.80238066
427.001000	-53.12713262
429.001000	42.72056976
431.001000	-75.71724414
433.001000	-34.77455077
435.001000	-19.33469749
437.001000	37.85557630
439.001000	11.69376011
441.001000	13.79456350
443.001000	0.42647191
445.001000	0.50696197
447.001000	-93.82495662
449.001000	61.81385297
451.001000	24.41392302
453.001000	-48.77709104
455.001000	73.70360679
457.001000	-53.47338407
459.001000	8.02056868
461.001000	9.26451615
463.001000	21.37207568
465.001000	-5.59866963
467.001000	67.57181435
469.001000	-66.25450382
471.001000	14.40154224
473.001000	127.51620410
475.001000	-2.49781743
477.001000	-58.95817486
479.001000	-117.22285889
481.001000	-123.75636449
483.001000	-84.17254097
485.001000	114.18793440
487.001000	-26.32541788
489.001000	-146.59166553
491.001000	81.07987965
493.001000	74.91111393
495.001000	0.63918656
497.001000	48.13831086
499.001000	24.23556127
501.001000	-66.71893095
503.001000	31.40673233
505.001000	-1.89041823
507.001000	-63.17934579
509.001000	-23.38657094
511.001000	37.98677042
513.001000	4.38947906
515.001000	45.70277593
517.001000	43.54589536
519.001000	-10.98306742
521.001000	62.69236623
523.001000	35.40178811
525.001000	-36.07951416
527.001000	-42.48329316
529.001000	-31.04047353
531.001000	-51.42389072
533.001000	13.77755367
535.001000	-35.93505430
537.001000	93.14198687
539.001000	-41.96920065
541.001000	-70.13882029
543.001000	20.07429318
545.001000	-124.33388179
547.001000	-29.68924434
549.001000	-30.77780960
551.001000	-47.34881722
553.001000	26.52638708
555.001000	-5.20039634
557.001000	-77.83744187
559.001000	39.35625606
561.001000	-56.24073107
563.001000	62.66650210
565.001000	45.97838266
567.001000	-91.57108086
569.001000	-144.53599954
571.001000	-77.88952659
573.001000	44.73198753
575.001000	5.11439843
577.001000	10.09101735
579.001000	4.97584518
581.001000	39.40615611
583.001000	-72.51344108
585.001000	-30.75835571
587.001000	-39.74440539
589.001000	61.07478703
591.001000	1.44505412
593.001000	-45.55631577
595.001000	-16.97134237
597.001000	43.85874361
599.001000	9.34363401
601.001000	35.10263043
603.001000	-6.92294788
605.001000	-82.73066509
607.001000	38.24876800
609.001000	0.90479822
611.001000	-9.31427038
613.001000	-16.72992258
615.001000	-67.12927153
617.001000	76.50070624
619.001000	74.78112683
621.001000	-4.23276987
623.001000	30.11677297
625.001000	45.51111625
627.001000	-86.35479307
629.001000	47.95423340
631.001000	-27.12023992
633.001000	68.03548708
635.001000	-9.13130509
637.001000	-5.41741039
639.001000	-92.17734337
641.001000	-25.59824586
643.001000	-24.76780530
645.001000	-23.28836723
647.001000	-18.13209274
649.001000	59.41557454
651.001000	-27.71589654
653.001000	-79.04820245
655.001000	36.47258908
657.001000	-41.58831621
659.001000	-66.82423216
661.001000	-56.05651843
663.001000	-1.27672034
665.001000	-2.06100893
667.001000	-25.56869979
669.001000	-30.66948609
671.001000	-18.33397500
673.001000	-31.78086717
675.001000	78.16344433
677.001000	88.31583991
679.001000	26.37101219
681.001000	57.85525472
683.001000	-62.64401652
685.001000	-26.16550179
687.001000	18.39202043
689.001000	-10.03368669
691.001000	101.04860412
693.001000	20.51002450
695.001000	-12.92183500
697.001000	-4.13414664
699.001000	-38.38655914
701.001000	-65.19030624
703.001000	41.07999723
705.001000	-2.37213920
707.001000	-1.56601884
709.001000	-17.11146497
711.001000	-33.04149310
713.001000	-32.67718215
715.001000	-2.10301851
717.001000	-19.79915880
719.001000	28.98804256
721.001000	135.02031016
723.001000	125.27500618
725.001000	29.35637361
727.001000	-71.70130840
729.001000	43.58073281
731.001000	-1.16662476
733.001000	-33.88932558
735.001000	-103.08948734
737.001000	119.24237711
739.001000	-48.21419259
741.001000	-55.91989418
743.001000	-22.27249446
745.001000	79.26049234
747.001000	-33.78160675
749.001000	-5.60055425
751.001000	-33.92545080
753.001000	-138.39108138
755.001000	-66.00242205
757.001000	39.79033933
759.001000	142.84122972
761.001000	-12.71205033
763.001000	-61.00140980
765.001000	86.18906383
767.001000	-37.39526508
769.001000	-18.23497181
771.001000	6.48211944
773.001000	-18.11358395
775.001000	-10.11784783
777.001000	0.55066787
779.001000	6.25993101
781.001000	44.03081457
783.001000	-26.23381072
785.001000	-1.47119926
787.001000	43.72193744
789.001000	23.12172787
791.001000	32.92913046
793.001000	-21.66335382
795.001000	51.95537440
797.001000	77.51692583
799.001000	52.50257516
801.001000	41.09868049
803.001000	-49.84939350
805.001000	22.76765356
807.001000	-8.04446199
809.001000	29.94417403
811.001000	51.96667723
813.001000	-24.91218454
815.001000	33.62374704
817.001000	107.09002331
819.001000	70.47136353
821.001000	-40.98609608
823.001000	-18.22084607
825.001000	138.36819862
827.001000	-105.32654275
829.001000	-43.89492962
831.001000	4.88750347
833.001000	80.04168153
835.001000	-68.70257715
837.001000	-32.51011852
839.001000	31.60148583
841.001000	81.83879886
843.001000	-58.94201060
845.001000	1.92509446
847.001000	-9.63004751
849.001000	-106.01108888
851.001000	37.15140153
853.001000	0.53375996
855.001000	44.58449423
857.001000	3.67559134
859.001000	-47.64236232
861.001000	89.28248194
863.001000	40.38720695
865.001000	62.17410997
867.001000	78.81928970
869.001000	-39.43230653
871.001000	64.46581639
873.001000	19.69064437
875.001000	4.63729805
877.001000	72.21308162
879.001000	-20.23700209
881.001000	-8.23704202
883.001000	19.39209861
885.001000	45.58768368
887.001000	11.09232779
889.001000	-17.89001935
891.001000	-33.09949349
893.001000	142.85198357
895.001000	-13.61393014
897.001000	87.26323564
899.001000	38.71184052
901.001000	-12.85939070
903.001000	50.92458536
905.001000	-24.59998124
907.001000	47.88190741
909.001000	-26.77315138
911.001000	-66.64614865
913.001000	16.67233696
915.001000	-100.44050210
917.001000	28.13110141
919.001000	62.50426677
921.001000	-56.35924616
923.001000	-18.87957504
925.001000	14.25849652
927.001000	27.50646265
929.001000	-5.88839177
931.001000	56.90304755
933.001000	-37.68545088
935.001000	86.21100779
937.001000	-94.71902367
939.001000	5.29166424
941.001000	-16.64568107
943.001000	89.59888504
945.001000	114.50036752
947.001000	7.66176229
949.001000	-12.14356773
951.001000	-7.46303962
953.001000	136.49874732
955.001000	-16.13398178
957.001000	109.97721432
959.001000	-25.77359809
961.001000	11.32378030
963.001000	0.10115898
965.001000	-13.83073572
967.001000	11.56896610
969.001000	116.53282581
971.001000	19.00315225
973.001000	-32.01974624
975.001000	113.14802891
977.001000	-2.02882238
979.001000	-59.57829163
981.001000	16.53824896
983.001000	-71.20751894
985.001000	-45.82689372
987.001000	50.43939983
989.001000	54.89550884
991.001000	10.88169990
993.001000	-18.02566180
995.001000	-4.33162146
997.001000	13.66228027
999.001000	39.77941721
1001.001000	-36.89565723
1003.001000	-28.84148040
1005.001000	71.43201580
1007.001000	62.05874843
1009.001000	1.10404852
1011.001000	0.88915760
1013.001000	-44.62671688
1015.001000	-20.91237959
1017.001000	33.24595634
1019.001000	25.10542169
1021.001000	66.03690908
1023.001000	-66.28587354
1025.001000	3.74959909
1027.001000	65.08814647
1029.001000	-9.04492366
1031.001000	-95.04666205
1033.001000	27.68208636
1035.001000	-13.19810533
1037.001000	-116.84101838
1039.001000	-27.34493286
1041.001000	39.57112732
1043.001000	50.99084223
1045.001000	38.93341183
1047.001000	8.08546102
1049.001000	5.83415007
1051.001000	85.30576313
1053.001000	70.27624983
1055.001000	72.81638458
1057.001000	-71.17390606
1059.001000	-20.23423934
1061.001000	-18.70427367
1063.001000	-3.35073491
1065.001000	45.12048908
1067.001000	-19.74559035
1069.001000	47.70080211
1071.001000	13.33290538
1073.001000	24.28846306
1075.001000	41.09841173
1077.001000	130.16963050
1079.001000	-64.14336727
1081.001000	-78.92365337
1083.001000	94.33061732
1085.001000	59.16200056
1087.001000	68.89347988
1089.001000	41.82597115
1091.001000	-17.17553574
1093.001000	25.61219771
1095.001000	18.35248392
1097.001000	-57.96141167
1099.001000	95.04535088
1101.001000	96.66963059
1103.001000	-94.78240774
1105.001000	-60.25635762
1107.001000	17.57386516
1109.001000	-79.21540539
1111.001000	7.55164599
1113.001000	-39.97199800
1115.001000	56.43882651
1117.001000	-30.20696303
1119.001000	-13.22979859
1121.001000	11.08589842
1123.001000	-9.46629009
1125.001000	47.15673924
1127.001000	-38.90831269
1129.001000	92.22170259
1131.001000	-17.54154162
1133.001000	40.96013518
1135.001000	-4.88798877
1137.001000	56.55388170
1139.001000	-12.54573636
1141.001000	93.90561003
1143.001000	51.71381173
1145.001000	-67.54552570
1147.001000	-63.82274350
1149.001000	-65.31639309
1151.001000	93.81958421
1153.001000	-43.52666319
1155.001000	54.20086006
1157.001000	55.08848931
1159.001000	28.92152363
1161.001000	-40.90852455
1163.001000	18.26821578
1165.001000	21.04665694
1167.001000	84.55230325
1169.001000	-9.49845500
1171.001000	28.43394431
1173.001000	-86.66831437
1175.001000	-105.67382553
1177.001000	22.45933511
1179.001000	0.75068875
1181.001000	15.97825155
1183.001000	-63.33554216
1185.001000	-53.35386454
1187.001000	-6.54189948
1189.001000	-44.32648783
1191.001000	36.74802954
1193.001000	-33.23485725
1195.001000	43.27019943
1197.001000	-41.17720402
1199.001000	-20.94138051
1201.001000	26.96748319
1203.001000	33.43188548
1205.001000	-30.98321097
1207.001000	25.47071355
1209.001000	23.07356164
1211.001000	-11.93892335
1213.001000	-23.06834626
1215.001000	-36.31303371
1217.001000	-139.64460333
1219.001000	43.02101614
1221.001000	93.64175050
1223.001000	-14.79219033
1225.001000	-66.66328251
1227.001000	-16.20334838
1229.001000	-33.32448836
1231.001000	-11.30954696
1233.001000	-40.88278455
1235.001000	16.54844727
1237.001000	-118.55222394
1239.001000	27.65458695
1241.001000	1.77520330
1243.001000	39.69961254
1245.001000	6.27143707
1247.001000	-53.84476591
1249.001000	57.29654458
1251.001000	93.98648996
1253.001000	55.29164371
1255.001000	-52.15533912
1257.001000	-5.84900993
1259.001000	-22.43142970
1261.001000	3.24488020
1263.001000	17.62555305
1265.001000	57.07621480
1267.001000	11.89544292
1269.001000	-24.98027902
1271.001000	69.55612948
1273.001000	40.80718473
1275.001000	-55.95900114
1277.001000	-9.74468761
1279.001000	-24.23394186
1281.001000	-11.95593288
1283.001000	-38.55271382
1285.001000	27.84967978
1287.001000	-27.44090642
1289.001000	-17.96240275
1291.001000	-18.31305860
1293.001000	74.31107444
1295.001000	46.71402167
1297.001000	-40.09405343
1299.001000	-47.48555651
1301.001000	-32.86492589
1303.001000	28.97660977
1305.001000	5.51413550
1307.001000	-82.15736935
1309.001000	22.58470608
1311.001000	40.71185649
1313.001000	45.65075115
1315.001000	75.15063914
1317.001000	87.19274887
1319.001000	-10.15802879
1321.001000	53.30363752
1323.001000	-31.70345125
1325.001000	9.21911882
1327.001000	-22.33705199
1329.001000	-47.32263418
1331.001000	128.75586060
1333.001000	36.95104161
1335.001000	-52.49818621
1337.001000	-4.04877443
1339.001000	16.87657077
1341.001000	10.13319701
1343.001000	75.39307826
1345.001000	42.59166132
1347.001000	-19.12670042
1349.001000	19.06641484
1351.001000	13.04315781
1353.001000	-63.65895670
1355.001000	21.11136260
1357.001000	43.68876526
1359.001000	78.53120927
1361.001000	23.60397579
1363.001000	-80.73345074
1365.001000	23.07604296
1367.001000	-25.57204758
1369.001000	-33.30770978
1371.001000	-13.73349151
1373.001000	-37.90220463
1375.001000	0.56988162
1377.001000	-13.47092628
1379.001000	-89.76502634
1381.001000	-16.85875807
1383.001000	-59.31599173
1385.001000	112.10094621
1387.001000	71.20172595
1389.001000	-102.69222711
1391.001000	-66.90395101
1393.001000	13.51004469
1395.001000	86.57314063
1397.001000	8.47793446
1399.001000	-31.25406382
1401.001000	2.99218029
1403.001000	7.78123131
1405.001000	-59.09881829
1407.001000	-8.11284765
1409.001000	76.01684759
1411.001000	-103.26128367
1413.001000	-18.13777147
1415.001000	-87.70202455
1417.001000	85.80689742
1419.001000	45.01695287
1421.001000	-48.14450226
1423.001000	103.92223706
1425.001000	0.06408675
1427.001000	-31.78554258
1429.001000	58.49245410
1431.001000	-55.92080207
1433.001000	82.78834997
1435.001000	29.74596872
1437.001000	-18.57643611
1439.001000	-16.74020926
1441.001000	80.34996806
1443.001000	11.88385577
1445.001000	77.07555325
1447.001000	73.38666417
1449.001000	36.20596838
1451.001000	63.78905127
1453.001000	-0.07778664
1455.001000	70.97335677
1457.001000	-55.79461958
1459.001000	-2.07840067
1461.001000	114.08574366
1463.001000	-13.29717858
1465.001000	-26.64766994
1467.001000	28.35645977
1469.001000	5.34016472
1471.001000	70.43113301
1473.001000	97.88804385
1475.001000	97.79813601
1477.001000	78.35752202
1479.001000	-9.29209212
1481.001000	57.71339100
1483.001000	4.63271756
1485.001000	-138.93860828
1487.001000	19.55932762
1489.001000	-66.06920059
1491.001000	-130.16574331
1493.001000	-15.30038220
1495.001000	-9.93883085
1497.001000	-14.51656932
1499.001000	45.12983083
1501.001000	-15.76521552
1503.001000	111.17512201
1505.001000	44.40390133
1507.001000	-41.36277286
1509.001000	-38.85161223
1511.001000	27.84563358
1513.001000	-33.96469842
1515.001000	-76.33384659
1517.001000	-45.74656067
1519.001000	-63.64500850
1521.001000	62.41777886
1523.001000	10.46037216
1525.001000	76.89019622
1527.001000	31.96105374
1529.001000	24.96993911
1531.001000	-62.39316252
1533.001000	117.48941036
1535.001000	15.10789743
1537.001000	-38.88615711
1539.001000	41.39269138
1541.001000	103.75767241
1543.001000	55.40484065
1545.001000	-19.62199051
1547.001000	58.70795550
1549.001000	23.40730982
1551.001000	-16.38683669
1553.001000	-121.76453174
1555.001000	-67.37624195
1557.001000	18.04483712
1559.001000	-56.08617836
1561.001000	-23.70364147
1563.001000	13.14418929
1565.001000	-30.20711014
1567.001000	-11.06621809
1569.001000	61.91173391
1571.001000	-83.48903675
1573.001000	50.34675329
1575.001000	9.61019216
1577.001000	1.69106830
1579.001000	-150.48640378
1581.001000	-71.06127493
1583.001000	0.16975102
1585.001000	-29.28332304
1587.001000	35.04734632
1589.001000	-38.93136226
1591.001000	-118.93344515
1593.001000	-1.52072150
1595.001000	7.46480285
1597.001000	98.89226034
1599.001000	-37.33574048
1601.001000	31.88440741
1603.001000	37.42498624
1605.001000	12.45120958
1607.001000	102.55041596
1609.001000	-14.74597322
1611.001000	-75.21253986
1613.001000	40.88401882
1615.001000	-22.27631120
1617.001000	27.62966292
1619.001000	-1.44800194
1621.001000	-52.64341995
1623.001000	6.97263355
1625.001000	81.61423410
1627.001000	62.80743859
1629.001000	-41.87253431
1631.001000	-19.68694554
1633.001000	20.34575887
1635.001000	111.99881652
1637.001000	32.09705330
1639.001000	-9.11331363
1641.001000	-16.82622199
1643.001000	19.99145609
1645.001000	26.75894442
1647.001000	-42.51026734
1649.001000	38.18154295
1651.001000	-63.58385345
1653.001000	78.90031607
1655.001000	-41.89789739
1657.001000	-2.46711752
1659.001000	16.52723087
1661.001000	83.18357535
1663.001000	-35.55355742
1665.001000	-22.76189898
1667.001000	34.24740250
1669.001000	21.22291036
1671.001000	-113.27724633
1673.001000	-10.78595798
1675.001000	31.38361683
1677.001000	-60.77558921
1679.001000	-6.92046590
1681.001000	40.66386562
1683.001000	24.23351736
1685.001000	11.62837390
1687.001000	10.00502303
1689.001000	0.26645427
1691.001000	-80.83430947
1693.001000	-4.76510223
1695.001000	-84.97719752
1697.001000	18.03589479
1699.001000	-30.91391021
1701.001000	-74.55250331
1703.001000	-6.64021496
1705.001000	42.87233433
1707.001000	-63.28050919
1709.001000	-62.08974375
1711.001000	-40.82901148
1713.001000	19.33373457
1715.001000	-46.04373496
1717.001000	39.92314445
1719.001000	-118.81036655
1721.001000	-41.95865382
1723.001000	1.61862436
1725.001000	-38.53396960
1727.001000	-17.35813463
1729.001000	45.47613057
1731.001000	-8.27566725
1733.001000	-37.67952211
1735.001000	-19.44549003
1737.001000	-0.61818785
1739.001000	-0.62429830
1741.001000	37.18907522
1743.001000	23.73438403
1745.001000	-13.81332563
1747.001000	47.18098001
1749.001000	28.01193239
1751.001000	-89.64339733
1753.001000	32.55875319
1755.001000	-11.52265078
1757.001000	-37.76512172
1759.001000	40.93776387
1761.001000	16.43886317
1763.001000	70.42689133
1765.001000	14.35925955
1767.001000	-29.48557709
1769.001000	-27.18356739
1771.001000	112.21797539
1773.001000	9.20199965
1775.001000	-19.10816834
1777.001000	-1.94184247
1779.001000	-17.91106767
1781.001000	6.59333092
1783.001000	8.30235938
1785.001000	-24.96358528
1787.001000	10.61967009
1789.001000	3.46617827
1791.001000	74.77239238
1793.001000	7.43024574
1795.001000	-46.53843741
1797.001000	32.91027209
1799.001000	-36.53308148
1801.001000	-14.58861856
1803.001000	1.52222093
1805.001000	-91.71374027
1807.001000	-5.75204872
1809.001000	-68.73755855
1811.001000	3.39341693
1813.001000	46.06390304
1815.001000	48.45961458
1817.001000	-68.55985652
1819.001000	-74.92009231
1821.001000	-10.88746724
1823.001000	-16.59874251
1825.001000	53.19884696
1827.001000	36.62893708
1829.001000	-56.05439193
1831.001000	-114.27030906
1833.001000	-19.20404011
1835.001000	27.27815623
1837.001000	91.95110246
1839.001000	-52.82463505
1841.001000	-23.08752115
1843.001000	-40.47536238
1845.001000	-120.78061492
1847.001000	-51.20893730
1849.001000	-35.90288226
1850.001000	17.71762037
1851.001000	16.58680296
1852.001000	-20.18926587
1853.001000	44.96169960
1854.001000	-43.74725140
1855.001000	93.66185677
1856.001000	63.41648548
1857.001000	-34.68685591
1858.001000	-42.74507214
1859.001000	-1.00661168
1860.001000	-6.30209660
1861.001000	11.34739068
1862.001000	1.35311619
1863.001000	-52.52844880
1864.001000	77.98635931
1865.001000	34.95763414
1866.001000	34.48683179
1867.001000	32.66854127
1868.001000	-31.17499753
1869.001000	-30.77442591
1870.001000	25.82168273
1871.001000	-53.26023029
1872.001000	-11.78202164
1873.001000	-116.27492370
1874.001000	19.30285916
1875.001000	-10.79174804
1876.001000	0.48388272
1877.001000	-20.38580288
1878.001000	-29.53093018
1879.001000	-52.99078707
1880.001000	-97.95594379
1881.001000	15.32998329
1882.001000	2.31361480
1883.001000	-44.94856906
1884.001000	0.83412300
1885.001000	23.30979641
1886.001000	-98.59723552
1887.001000	65.36940367
1888.001000	-82.07653773
1889.001000	12.26550829
1890.001000	-2.68992467
1891.001000	96.13674592
1892.001000	14.91377640
1893.001000	49.01223514
1894.001000	-103.34767719
1895.001000	-47.51022979
1896.001000	-0.26593574
1897.001000	-38.24044945
1898.001000	-20.66247618
1899.001000	39.38971447
1900.001000	-109.67992629
1901.001000	33.61859471
1902.001000	-48.54013892
1903.001000	72.88539701
1904.001000	8.30265589
1905.001000	81.02463400
1906.001000	33.29347403
1907.001000	-28.26971189
1908.001000	-27.76170309
1909.001000	-12.08797143
1910.001000	-39.83364253
1911.001000	-44.79871058
1912.001000	-6.61400808
1913.001000	79.60604529
1914.001000	-34.11735831
1915.001000	-67.19092890
1916.001000	-70.96426603
1917.001000	-103.06323296
1918.001000	63.58243226
1919.001000	-50.25839615
1920.001000	-20.25004833
1921.001000	2.96755033
1922.001000	-37.04337012
1923.001000	-66.44423017
1924.001000	6.52107104
1925.001000	-7.64952385
1926.001000	-6.05603801
1927.001000	-62.77340797
1928.001000	-11.00365844
1929.001000	-59.66340853
1930.001000	-43.14178178
1931.001000	-6.54166491
1932.001000	-2.22070345
1933.001000	-46.71779814
1934.001000	-92.53320448
1935.001000	14.80746089
1936.001000	-12.69076926
1937.001000	112.15147501
1938.001000	17.32013306
1939.001000	7.80274511
1940.001000	48.24373395
1941.001000	-57.49301911
1942.001000	23.91265553
1943.001000	59.87865453
1944.001000	4.58856678
1945.001000	-20.56927799
1946.001000	-128.95579403
1947.001000	56.59173998
1948.001000	36.99384562
1949.001000	-91.78441936
1950.001000	-17.64395821
1951.001000	6.89562697
1952.001000	46.13282911
1953.001000	130.99863641
1954.001000	-28.31357640
1955.001000	58.16527331
1956.001000	-17.79238203
1957.001000	-90.90214567
1958.001000	59.72509645
1959.001000	0.43439869
1960.001000	-51.00234978
1961.001000	-62.22302765
1962.001000	-70.33390596
1963.001000	80.60405458
1964.001000	-15.66894583
1965.001000	9.17814360
1966.001000	-41.95806553
1967.001000	10.63016511
1968.001000	-16.46561661
1969.001000	-68.71750256
1970.001000	-34.94162514
1971.001000	54.53772426
1972.001000	79.29078010
1973.001000	20.24378484
1974.001000	-8.31670140
1975.001000	-148.53004474
1976.001000	-47.24957911
1977.001000	5.28223636
1978.001000	64.24747912
1979.001000	41.30079292
1980.001000	-62.27017219
1981.001000	36.12624475
1982.001000	88.46961378
1983.001000	31.80602642
1984.001000	19.97044326
1985.001000	20.77092404
1986.001000	48.59708557
1987.001000	-18.18337528
1988.001000	-46.97100845
1989.001000	16.00554572
1990.001000	56.27384481
1991.001000	36.83783245
1992.001000	-22.05402393
1993.001000	73.58819540
1994.001000	-62.00740451
1995.001000	-17.31700694
1996.001000	107.25724806
1997.001000	46.65785090
1998.001000	-13.04698297
1999.001000	68.21505247
2000.001000	-2.16890843
2001.001000	114.48983670
2002.001000	-8.13050360
2003.001000	-10.36600604
2004.001000	56.39938179
2005.001000	-12.70053443
2006.001000	-20.48346814
2007.001000	-7.11898739
2008.001000	-19.25495556
2009.001000	-5.76497231
2010.001000	39.58016477
2011.001000	9.53558022
2012.001000	49.68497315
2013.001000	-6.45521121
2014.001000	-5.35899117
2015.001000	17.24622159
2016.001000	1.60213687
2017.001000	14.36688697
2018.001000	-2.39803845
2019.001000	27.55627041
2020.001000	-53.10878349
2021.001000	-32.88281336
2022.001000	22.38980625
2023.001000	-19.20566379
2024.001000	3.57129214
2025.001000	-52.87009048
2026.001000	36.49827543
2027.001000	-4.00244373
2028.001000	-84.08371435
2029.001000	5.98603878
2030.001000	-127.05022937
2031.001000	-86.87757167
2032.001000	55.78606763
2033.001000	-22.08637704
2034.001000	-100.30771531
2035.001000	34.16229926
2036.001000	-34.20932061
2037.001000	-9.98617267
2038.001000	96.26548804
2039.001000	-25.95451238
2040.001000	-73.17924306
2041.001000	-5.79980830
2042.001000	-66.59548267
2043.001000	87.37418136
2044.001000	-8.65134837
2045.001000	-144.25885294
2046.001000	87.35284746
2048.000000	-86.78027721
2049.000000	-51.84518983
2050.000000	16.58827742
2051.000000	12.84019710
2052.000000	41.31445945
2053.000000	54.15525207
2054.000000	-49.19124068
2055.000000	57.73865808
2056.000000	-32.32831975
2057.000000	18.91515273
2058.000000	-45.50340674
2059.000000	35.90739677
2060.000000	-120.17203955
2061.000000	10.13094573
2062.000000	58.89627882
2063.000000	-66.57205975
2064.000000	19.52063337
2065.000000	28.87158558
2066.000000	-19.14386501
2067.000000	144.03402577
2068.000000	-64.85411729
2069.000000	30.17813639
2070.000000	-29.62006259
2071.000000	-13.01881034
2072.000000	63.53063904
2073.000000	66.15867439
2074.000000	-35.49194939
2075.000000	13.03952601
2076.000000	16.52971374
2077.000000	-4.65380613
2078.000000	31.21800374
2079.000000	-25.59333030
2080.000000	-103.59539997
2081.000000	61.29978407
2082.000000	-37.56675657
2083.000000	58.06531878
2084.000000	-6.86841328
2085.000000	-129.59920854
2086.000000	52.98116047
2087.000000	32.63470434
2088.000000	35.48535053
2089.000000	-24.73228419
2090.000000	16.35141559
2091.000000	-49.02818514
2092.000000	67.33063395
2093.000000	-88.64803178
2094.000000	35.30666351
2095.000000	123.53393043
2096.000000	49.17433008
2097.000000	-49.56848665
2098.000000	52.35512170
2099.000000	58.79156996
2100.000000	4.63909250
2101.000000	69.27422356
2102.000000	11.26912991
2103.000000	20.63028655
2104.000000	-97.08762620
2105.000000	-43.23761684
2106.000000	-14.07150624
2107.000000	29.99892050
2108.000000	-75.66613929
2109.000000	58.45497619
2110.000000	60.06886683
2111.000000	1.63613754
2112.000000	-7.97522273
2113.000000	-41.27270196
2114.000000	131.03381791
2115.000000	12.83066927
2116.000000	-66.46186123
2117.000000	60.79200837
2118.000000	-5.10077257
2119.000000	21.66380248
2120.000000	53.12269149
2121.000000	16.25588788
2122.000000	28.70828687
2123.000000	26.54539946
2124.000000	25.83718558
2125.000000	13.17018839
2126.000000	-8.25510876
2127.000000	-13.44101389
2128.000000	-55.74051682
2129.000000	-16.77779381
2130.000000	41.65197926
2131.000000	-15.25655137
2132.000000	-121.65272154
2133.000000	96.04317044
2134.000000	-37.72839486
2135.000000	-10.53416691
2136.000000	-1.15048909
2137.000000	-1.50116701
2138.000000	-36.98566569
2139.000000	-140.95782775
2140.000000	-50.53983638
2141.000000	103.76827877
2142.000000	42.76917479
2143.000000	0.55900355
2144.000000	-57.85074345
2145.000000	-34.29038274
2146.000000	66.73480859
2147.000000	-41.98293327
2148.000000	31.15680276
2149.000000	49.20787560
2150.000000	-81.63279308
2151.000000	0.59102797
2152.000000	-32.85032111
2153.000000	-59.23525121
2154.000000	-42.88588039
2155.000000	-95.60818060
2156.000000	-32.94488104
2157.000000	86.72758978
2158.000000	-17.11335612
2159.000000	-1.81727330
2160.000000	-49.51900104
2161.000000	-128.28280979
2162.000000	-27.39718059
2163.000000	-97.05084037
2164.000000	40.89853967
2165.000000	14.92734884
2166.000000	-27.24772514
2167.000000	-119.34726532
2168.000000	-28.07449983
2169.000000	-46.22233789
2170.000000	18.91012670
2171.000000	6.74915938
2172.000000	-91.16080694
2173.000000	20.31637791
2174.000000	0.03378031
2175.000000	-94.70146222
2176.000000	-23.85254764
2177.000000	-12.93605128
2178.000000	-33.27257336
2179.000000	-80.47663515
2180.000000	33.29028535
2181.000000	-24.68673558
2182.000000	-3.37710917
2183.000000	-110.94752449
2184.000000	-28.98455431
2185.000000	11.02649394
2186.000000	58.93097177
2187.000000	61.09422847
2188.000000	-27.58225627
2189.000000	13.66472349
2190.000000	42.55087803
2191.000000	-13.91923285
2192.000000	-10.27860554
2193.000000	4.82065034
2194.000000	15.62015002
2195.000000	49.69355473
2196.000000	-15.49650008
2197.000000	28.55140328
2198.000000	-7.77080793
2199.000000	-16.43972161
2200.000000	77.70515986
2201.000000	-2.61530428
2202.000000	-46.37946426
2203.000000	-30.00814277
2204.000000	-97.79476528
2205.000000	-29.03755518
2206.000000	38.10740808
2207.000000	17.05513746
2208.000000	16.18227832
2209.000000	41.83582318
2210.000000	43.95087514
2211.000000	-10.02798173
2212.000000	86.94312281
2213.000000	61.81685481
2214.000000	-145.60201260
2215.000000	18.11784188
2216.000000	114.56228181
2217.000000	-98.41453349
2218.000000	-47.04896378
2219.000000	50.33566629
2220.000000	-7.11086596
2221.000000	-89.72222480
2222.000000	95.58996770
2223.000000	27.37530335
2224.000000	83.69626631
2225.000000	13.46701861
2226.000000	-5.11419349
2227.000000	100.01447215
2228.000000	-15.13215387
2229.000000	-136.63027956
2230.000000	95.96568406
2231.000000	35.28289411
2232.000000	-12.51914202
2233.000000	93.87478216
2234.000000	-44.25201463
2235.000000	-85.90325199
2236.000000	-41.15148707
2237.000000	-5.88071495
2238.000000	-56.30974751
2239.000000	0.18996820
2240.000000	-15.02711443
2241.000000	-24.86579132
2242.000000	2.06426556
2243.000000	41.13019698
2244.000000	8.42864530
2245.000000	-21.56770462
2246.000000	-68.29962238
2247.000000	-73.83346059
2248.000000	-27.37867919
2249.000000	9.58200118
2250.000000	26.63194126
2251.000000	45.71152729
2252.000000	96.22365227
2253.000000	-122.16897774
2254.000000	-37.33452186
2255.000000	7.73324660
2256.000000	39.77269894
2257.000000	-2.29739887
2258.000000	54.05886133
2259.000000	-17.32120843
2260.000000	35.49250945
2261.000000	38.85601120
2262.000000	-26.38833381
2263.000000	-19.06289257
2264.000000	-68.71120466
2265.000000	-22.29576772
2266.000000	-7.96301797
2267.000000	38.60405919
2268.000000	90.47341397
2269.000000	52.90359438
2270.000000	-34.96446398
2271.000000	56.17892086
2272.000000	37.60626520
2273.000000	59.85606288
2274.000000	-26.13749085
2275.000000	-40.97898685
2276.000000	-15.98053397
2277.000000	-80.89248425
2278.000000	47.97552571
2279.000000	50.78772568
2280.000000	14.13460491
2281.000000	28.20814062
2282.000000	35.41245551
2283.000000	-150.15874850
2284.000000	109.87732375
2285.000000	16.92589129
2286.000000	39.82136771
2287.000000	-102.14787047
2288.000000	22.07188863
2289.000000	31.09110962
2290.000000	90.70861854
2291.000000	34.68256370
2292.000000	-47.58399236
2293.000000	-69.69124511
2294.000000	-15.48007357
2295.000000	62.32025022
2296.000000	18.82463094
2297.000000	24.34392644
2298.000000	2.85265671
2299.000000	70.00193320
2300.000000	61.61878606
