# F(k,t) correlation function
# Reference time: 1406.001 ps
# lag_time_ps	F(k,t)
0.000000	1066.14453065
1.000000	833.96310418
3.000000	659.55834820
5.000000	460.95057471
7.000000	169.55341855
9.000000	-24.66978085
11.000000	-57.70155717
13.000000	-113.73013950
15.000000	-76.36290641
17.000000	-95.95336355
19.000000	26.82905715
21.000000	-17.47347462
23.000000	131.35117717
25.000000	97.72326736
27.000000	36.55822393
29.000000	-92.29587896
31.000000	-29.91951284
33.000000	77.72406131
35.000000	-7.68300707
37.000000	175.42277686
39.000000	250.66182363
41.000000	220.35639087
43.000000	161.34844602
45.000000	115.17430121
47.000000	227.27463106
49.000000	79.27185196
51.000000	142.20235557
53.000000	66.90003134
55.000000	93.72416480
57.000000	-122.53104046
59.000000	-33.51348474
61.000000	-183.79833698
63.000000	-182.91231214
65.000000	-56.33172675
67.000000	15.16419712
69.000000	-20.32484260
71.000000	52.06835153
73.000000	65.51140389
75.000000	139.91330941
77.000000	186.10527547
79.000000	186.30673047
81.000000	159.07617753
83.000000	29.19592132
85.000000	47.05664923
87.000000	27.67415544
89.000000	-22.72676928
91.000000	-83.28441561
93.000000	-57.02081025
95.000000	-23.52457994
97.000000	151.45498974
99.000000	16.53342106
101.000000	18.29549163
103.000000	80.21529057
105.000000	130.12766601
107.000000	25.06873713
109.000000	83.88627973
111.000000	13.09554427
113.000000	-99.57277259
115.000000	15.30154388
117.000000	55.89724668
119.000000	47.87211338
121.000000	128.44984778
123.000000	2.47380871
125.000000	67.41336542
127.000000	108.04215260
129.000000	31.55993275
131.000000	-81.97405254
133.000000	-36.72642699
135.000000	-27.46982012
137.000000	-33.90597659
139.000000	0.01363605
141.000000	1.59984407
143.000000	123.61388047
145.000000	192.78489664
147.000000	128.38800616
149.000000	155.39552593
151.000000	33.89309192
153.000000	21.12441367
155.000000	-59.08377760
157.000000	-51.08474577
159.000000	-122.29819510
161.000000	17.28496277
163.000000	58.30998356
165.000000	76.20870134
167.000000	-27.29836909
169.000000	-121.35841444
171.000000	-61.49237793
173.000000	-40.34313287
175.000000	32.59107707
177.000000	62.67477471
179.000000	61.82531085
181.000000	19.94005460
183.000000	29.79632980
185.000000	101.13067704
187.000000	-2.44241967
189.000000	140.43519938
191.000000	188.97798740
193.000000	189.38237057
195.000000	210.66538495
197.000000	-43.36329689
199.000000	-138.79132784
201.000000	-297.92337762
203.000000	-148.50750974
205.000000	24.77262747
207.000000	-1.14520603
209.000000	89.90483780
211.000000	124.82363160
213.000000	26.61469929
215.000000	2.82707551
217.000000	63.01439643
219.000000	36.97746866
221.000000	-156.86371949
223.000000	10.61161563
225.000000	-135.47672355
227.000000	-16.36093214
229.000000	0.30949618
231.000000	79.81518240
233.000000	179.47661001
235.000000	64.52345692
237.000000	189.68217378
239.000000	136.91881293
241.000000	164.18045572
243.000000	204.53395663
245.000000	201.34031438
247.000000	88.34316426
249.000000	65.44461429
251.000000	-122.54974636
253.000000	-153.74717437
255.000000	-204.00959539
257.000000	-168.77818312
259.000000	-279.59324937
261.000000	-167.59664197
263.000000	-108.51587614
265.000000	-152.46516801
267.000000	-232.04369879
269.000000	-45.63632714
271.000000	-5.77332463
273.000000	24.61119062
275.000000	101.89586267
277.000000	150.05489787
279.000000	224.99394806
281.000000	198.38187710
283.000000	116.69280752
285.000000	30.08924124
287.000000	6.05922889
289.000000	-90.96469206
291.000000	-111.34912392
293.000000	-33.44997277
295.000000	-34.68673175
297.000000	95.35571412
299.000000	168.75438292
301.000000	255.30832168
303.000000	150.02299047
305.000000	-11.36591364
307.000000	-33.29081081
309.000000	-28.19766883
311.000000	81.57727797
313.000000	58.50713929
315.000000	83.45504003
317.000000	74.43612736
319.000000	68.69725044
321.000000	177.08859976
323.000000	149.91480554
325.000000	369.57000958
327.000000	149.66704801
329.000000	186.55961174
331.000000	149.77198225
333.000000	60.41784247
335.000000	69.21284194
337.000000	158.63784915
339.000000	228.28193002
341.000000	173.40277677
343.000000	158.12924962
345.000000	115.52372779
347.000000	-18.96582839
349.000000	-11.94568478
351.000000	3.87427070
353.000000	-106.60883592
355.000000	49.77545055
357.000000	95.94536942
359.000000	48.34184665
361.000000	51.32679670
363.000000	111.20722433
365.000000	89.24925503
367.000000	12.11810756
369.000000	-70.41316261
371.000000	31.49420280
373.000000	57.07185626
375.000000	98.69498829
377.000000	117.47703579
379.000000	49.92358231
381.000000	184.33775597
383.000000	26.25931473
385.000000	141.83784953
387.000000	76.04969458
389.000000	50.51433336
391.000000	85.52878880
393.000000	124.55292896
395.000000	88.45360400
397.000000	118.22480146
399.000000	4.40324153
401.000000	119.30976074
403.000000	34.77006655
405.000000	-28.36999904
407.000000	-163.18781247
409.000000	-159.57672383
411.000000	-42.77045469
413.000000	-9.48782841
415.000000	-84.13541156
417.000000	-12.93325295
419.000000	137.62760911
421.000000	123.11527043
423.000000	164.67647154
425.000000	86.74216251
427.000000	94.54254507
429.000000	63.96326763
431.000000	-50.73433729
433.000000	-20.60947068
435.000000	-8.28943475
437.000000	-88.95516023
439.000000	-156.22531343
441.000000	-17.08701215
443.000000	84.83245773
444.000000	160.62070468
445.000000	215.27716313
446.000000	70.73144542
447.000000	7.17405971
448.000000	66.05305922
449.000000	-144.91525135
450.000000	-223.68972709
451.000000	-204.67990580
452.000000	-232.46279561
453.000000	-276.41335885
454.000000	-337.87240520
455.000000	-308.07988379
456.000000	-176.24248022
457.000000	-185.42519815
458.000000	-130.67856084
459.000000	-39.25032457
460.000000	-6.32744813
461.000000	140.00694216
462.000000	82.53828724
463.000000	170.36741987
464.000000	192.74861507
465.000000	207.34104642
466.000000	169.81991083
467.000000	164.07899752
468.000000	158.20622917
469.000000	115.51914753
470.000000	41.44707234
471.000000	-0.72655468
472.000000	-49.90512465
473.000000	88.07832835
474.000000	49.43877214
475.000000	-65.50165777
476.000000	24.13829550
477.000000	25.07250889
478.000000	17.07867096
479.000000	43.98024475
480.000000	11.54619605
481.000000	-35.63834433
482.000000	-14.04429550
483.000000	42.23604343
484.000000	81.16950492
485.000000	13.91325597
486.000000	38.17058094
487.000000	-37.55116408
488.000000	-23.60482683
489.000000	-66.87953903
490.000000	-132.16531701
491.000000	-28.04696615
492.000000	-129.18138673
493.000000	-49.59897268
494.000000	143.36973241
495.000000	107.21525346
496.000000	98.93184711
497.000000	60.35879866
498.000000	94.99650158
499.000000	126.92521121
500.000000	44.36042329
501.000000	-3.19458796
502.000000	72.53922303
503.000000	-1.90332331
504.000000	-22.97922967
505.000000	-20.79817556
506.000000	25.64211811
507.000000	7.99009860
508.000000	40.77791189
509.000000	10.18446438
510.000000	-39.86749132
511.000000	84.24501783
512.000000	57.64114142
513.000000	147.75052106
514.000000	241.81306673
515.000000	197.19607356
516.000000	143.94517993
517.000000	132.61441753
518.000000	-7.92616275
519.000000	103.20812018
520.000000	133.42024942
521.000000	8.65894073
522.000000	29.53785049
523.000000	-55.69240261
524.000000	-42.81943402
525.000000	1.70134156
526.000000	17.64936284
527.000000	81.88389836
528.000000	-36.17538726
529.000000	84.68399283
530.000000	48.52642450
531.000000	-8.87655644
532.000000	128.91843648
533.000000	-1.47223706
534.000000	-11.70222874
535.000000	7.43624387
536.000000	172.88256763
537.000000	67.91815064
538.000000	87.97020547
539.000000	58.45409407
540.000000	43.74549994
541.000000	90.08305650
542.000000	-37.02916074
543.000000	63.28841631
544.000000	39.55717238
545.000000	134.86799797
546.000000	76.32018916
547.000000	143.81954464
548.000000	164.59525243
549.000000	160.11884615
550.000000	24.04675705
551.000000	168.96111338
552.000000	138.28990109
553.000000	65.92695788
554.000000	224.27307875
555.000000	55.83155452
556.000000	-15.94362415
557.000000	31.57906983
558.000000	66.78840332
559.000000	-47.17446292
560.000000	202.09432078
561.000000	155.01545084
562.000000	190.04697834
563.000000	81.71900295
564.000000	69.54220692
565.000000	74.43260899
566.000000	113.58600760
567.000000	6.90083338
568.000000	24.90148086
569.000000	98.25553483
570.000000	182.33714362
571.000000	132.89324250
572.000000	106.89898670
573.000000	98.56765099
574.000000	186.01953131
575.000000	117.07736933
576.000000	125.99393389
577.000000	170.29257041
578.000000	119.54677924
579.000000	68.86296923
580.000000	-4.05568206
581.000000	84.51058450
582.000000	28.53755315
583.000000	1.08651676
584.000000	27.37275113
585.000000	36.21313959
586.000000	-49.12804685
587.000000	19.84226072
588.000000	-41.43051939
589.000000	-50.38513189
590.000000	-52.98592301
591.000000	-91.70297075
592.000000	-73.04648837
593.000000	-39.42170791
594.000000	-172.84781814
595.000000	-81.71719417
596.000000	78.30616720
597.000000	-19.67231573
598.000000	-111.30497428
599.000000	94.56323129
600.000000	7.01304495
601.000000	-6.09841840
602.000000	123.38266993
603.000000	88.50665698
604.000000	65.21027659
605.000000	189.26427327
606.000000	222.78992320
607.000000	107.07262970
608.000000	174.24966064
609.000000	54.13372696
610.000000	135.48806605
611.000000	117.94940770
612.000000	136.20180796
613.000000	126.43276322
614.000000	75.83276920
615.000000	-1.04461361
616.000000	13.57040419
617.000000	-55.70944437
618.000000	79.96569231
619.000000	-28.00122641
620.000000	32.71872889
621.000000	59.44741566
622.000000	-31.57679991
623.000000	-143.02992035
624.000000	-39.63042675
625.000000	-190.05346952
626.000000	22.37474030
627.000000	-47.73923059
628.000000	-148.26987936
629.000000	-122.46417468
630.000000	-17.15439386
631.000000	-30.40855373
632.000000	28.11891565
633.000000	-36.48855809
634.000000	-7.34695855
635.000000	36.66964964
636.000000	23.12497048
637.000000	-83.32958348
638.000000	-75.38072775
639.000000	41.50164035
640.000000	27.89818226
641.999000	206.58635648
642.999000	199.82969093
643.999000	195.50715074
644.999000	285.91432164
645.999000	140.64773622
646.999000	263.70516105
647.999000	210.40197504
648.999000	181.06151505
649.999000	238.76100935
650.999000	134.84375298
651.999000	200.73847190
652.999000	60.53406810
653.999000	98.97297849
654.999000	-31.88463621
655.999000	-72.85142852
656.999000	-60.59987977
657.999000	-57.02388197
658.999000	-43.65347928
659.999000	30.02171163
660.999000	110.25244673
661.999000	9.87785667
662.999000	26.36245977
663.999000	39.33980866
664.999000	89.10264493
665.999000	66.46360228
666.999000	70.54526296
667.999000	3.33942964
668.999000	27.55623607
669.999000	30.09405948
670.999000	117.29596028
671.999000	-48.01421206
672.999000	42.37622204
673.999000	-70.27800957
674.999000	21.74874199
675.999000	34.23892599
676.999000	12.59683327
677.999000	34.51270429
678.999000	142.40947759
679.999000	73.06472688
680.999000	69.02093838
681.999000	196.74157544
682.999000	189.49302827
683.999000	103.78470856
684.999000	193.46711272
685.999000	123.63901805
686.999000	151.33249718
687.999000	218.90833905
688.999000	165.45952659
689.999000	164.50667354
690.999000	220.60363966
691.999000	70.54588710
692.999000	51.76834628
693.999000	30.31077554
694.999000	-57.12632543
695.999000	-17.93524373
696.999000	-42.64309027
697.999000	92.13202347
698.999000	69.67648289
699.999000	-21.84333450
700.999000	-9.61981892
701.999000	-29.57883114
702.999000	-46.95079809
703.999000	0.72760802
704.999000	-10.52779415
705.999000	-93.55669661
706.999000	36.29007670
707.999000	-61.04812069
708.999000	57.51231386
709.999000	22.14615682
710.999000	13.83604295
711.999000	-18.08085114
712.999000	-17.07774180
713.999000	87.49587146
714.999000	97.26481846
715.999000	2.64092473
716.999000	84.99932553
717.999000	50.05361175
718.999000	103.89132294
719.999000	-32.69701382
720.999000	87.52377076
721.999000	205.51451700
722.999000	34.08031676
723.999000	110.09868248
724.999000	128.41133564
725.999000	147.09192628
726.999000	75.25843631
727.999000	57.54155920
728.999000	107.97030756
729.999000	94.68284643
730.999000	25.21152329
731.999000	73.92350088
732.999000	37.18875881
733.999000	107.00439314
734.999000	101.17366430
735.999000	93.51377052
736.999000	76.11718149
737.999000	-7.75439519
738.999000	85.54039259
739.999000	134.87559603
740.999000	22.60285168
741.999000	84.06298330
742.999000	88.97914189
743.999000	200.47216397
744.999000	84.28472374
745.999000	167.43399756
746.999000	114.96461806
747.999000	89.49197442
748.999000	80.61873936
749.999000	26.04406954
750.999000	-45.62026211
751.999000	-143.67818055
752.999000	-164.60937822
753.999000	-147.64253006
754.999000	-100.55375890
755.999000	-77.19226710
756.999000	-70.24860601
757.999000	-101.87515761
758.999000	10.51997308
759.999000	-7.85238253
760.999000	-39.63142696
761.999000	-137.89286237
762.999000	-9.92265014
763.999000	-69.69466449
764.999000	-129.00462242
765.999000	-82.90831993
766.999000	-99.16923633
767.999000	-101.14307773
768.999000	-66.92055776
769.999000	-29.80240409
770.999000	-66.11730490
771.999000	-144.11928775
772.999000	108.88817577
773.999000	146.17195267
774.999000	106.86417971
775.999000	78.96398981
776.999000	75.57669786
777.999000	145.72573027
778.999000	115.07668747
779.999000	116.56672844
780.999000	83.03868223
781.999000	-9.61152605
782.999000	-46.03069920
783.999000	-106.00973273
784.999000	-115.25272682
785.999000	-159.65274891
786.999000	-126.20830734
787.999000	-99.01176244
788.999000	-47.01510468
789.999000	-22.00712113
790.999000	85.32904466
791.999000	46.25755054
792.999000	65.65859967
793.999000	46.54979401
794.999000	107.33553558
795.999000	117.52728493
796.999000	-59.55209876
797.999000	-29.35635519
798.999000	-89.62267325
799.999000	-59.17456767
800.999000	-175.23075707
801.999000	-135.69256383
802.999000	12.63939567
803.999000	2.40827160
804.999000	84.25500641
805.999000	247.03762738
806.999000	252.34835400
807.999000	-2.20117387
808.999000	80.40399007
809.999000	82.52933654
810.999000	80.21349313
811.999000	-0.08237286
812.999000	66.41999242
813.999000	108.30028075
814.999000	53.90835518
815.999000	91.45960785
816.999000	3.16312897
817.999000	11.91650653
818.999000	41.72278996
819.999000	-90.24922230
820.999000	-47.84500606
821.999000	-87.50496454
822.999000	-132.44211009
823.999000	-85.17505302
824.999000	-115.49108165
825.999000	-196.78621078
826.999000	-135.31305492
827.999000	-72.97219363
828.999000	-4.07901420
829.999000	-81.19590241
830.999000	109.79907456
831.999000	44.18011137
832.999000	167.63367617
833.999000	176.07487778
834.999000	225.04860152
835.999000	165.81552005
836.999000	82.85855308
837.999000	236.81125403
838.999000	117.73937575
839.999000	110.96248115
840.999000	125.78098856
841.999000	13.25959944
842.999000	-147.34373709
843.999000	-122.85978115
844.999000	-48.43947156
845.999000	-22.44285987
846.999000	-53.56191481
847.999000	-97.91850872
848.999000	108.03099213
849.999000	-49.28350916
850.999000	-32.36132214
851.999000	29.85411529
852.999000	118.25541993
853.999000	81.63220837
854.999000	189.64578041
855.999000	98.63062655
856.999000	225.41000751
857.999000	80.29882246
858.999000	103.98471242
859.999000	87.97996842
860.999000	68.60629472
861.999000	24.98029215
862.999000	-13.08947940
863.999000	-29.15239755
864.999000	-30.95558559
865.999000	-69.58234105
866.999000	66.45241239
867.999000	3.37287711
868.999000	138.49890837
869.999000	110.10440149
870.999000	175.80222517
871.999000	129.20744695
872.999000	41.34804170
873.999000	70.56293303
874.999000	59.32586372
875.999000	91.36586401
876.999000	61.17867469
877.999000	81.23449227
878.999000	-42.38377082
879.999000	12.00287248
880.999000	40.60358181
881.999000	-101.97747616
882.999000	-63.76113471
883.999000	-38.94261284
884.999000	-45.00505957
885.999000	-103.66607760
886.999000	-36.05338446
887.999000	2.81188077
888.999000	160.36640682
889.999000	89.67499939
890.999000	182.27823582
891.999000	175.68631402
892.999000	219.12110448
893.999000	246.78734320
