# F(k,t) correlation function
# Reference time: 1406.001 ps
# lag_time_ps	F(k,t)
0.000000	243.64682126
1.000000	-31.01790634
3.000000	-15.82111275
5.000000	10.51073606
7.000000	-17.07558195
9.000000	-1.29795022
11.000000	4.08874776
13.000000	-43.08219247
15.000000	2.20991680
17.000000	-6.59956904
19.000000	44.42472983
21.000000	6.00483155
23.000000	53.73335580
25.000000	41.37817201
27.000000	-0.05600968
29.000000	-4.18642104
31.000000	34.99536538
33.000000	-26.37262085
35.000000	-39.62517976
37.000000	39.64094893
39.000000	51.84904850
41.000000	16.89867194
43.000000	0.10406405
45.000000	-16.50659204
47.000000	11.14422322
49.000000	-33.01186063
51.000000	22.32643857
53.000000	-9.26686770
55.000000	-33.15452053
57.000000	31.63863239
59.000000	5.05446057
61.000000	12.56588022
63.000000	29.01217524
65.000000	-3.70259683
67.000000	-10.54324177
69.000000	-18.79827602
71.000000	40.81257274
73.000000	7.51764678
75.000000	35.47835078
77.000000	32.84373362
79.000000	81.62802873
81.000000	-2.13884667
83.000000	-0.69692567
85.000000	-3.67938116
87.000000	-5.32854862
89.000000	16.81764268
91.000000	31.21368878
93.000000	-8.85348079
95.000000	18.27591714
97.000000	26.60167656
99.000000	-48.66653950
101.000000	17.78789802
103.000000	-24.15052480
105.000000	-47.19702008
107.000000	18.92348634
109.000000	-49.05799066
111.000000	-16.21050233
113.000000	13.75221120
115.000000	-10.94949695
117.000000	-23.60225162
119.000000	-18.95382754
121.000000	-6.14788055
123.000000	-30.08975548
125.000000	-14.52522912
127.000000	0.66530604
129.000000	-47.45291385
131.000000	-39.33550884
133.000000	8.84213331
135.000000	19.34636133
137.000000	29.14629678
139.000000	-41.12684276
141.000000	-20.20513111
143.000000	-2.01613941
145.000000	-18.42210712
147.000000	5.78654816
149.000000	-29.36614083
151.000000	-39.71604672
153.000000	11.81721574
155.000000	-5.68123284
157.000000	2.25671717
159.000000	43.52212641
161.000000	-3.08788389
163.000000	-48.99068231
165.000000	38.72402437
167.000000	39.49044274
169.000000	18.01969170
171.000000	-2.14201029
173.000000	4.75128395
175.000000	-33.51897824
177.000000	-23.67359865
179.000000	4.76075797
181.000000	-14.97448719
183.000000	20.43095611
185.000000	19.86221683
187.000000	-2.36083074
189.000000	-59.38365052
191.000000	-31.84205238
193.000000	-11.40025072
195.000000	-24.55497651
197.000000	-19.67137205
199.000000	-26.83788787
201.000000	4.10288120
203.000000	8.63072691
205.000000	-1.79285578
207.000000	-20.70417822
209.000000	-11.25853743
211.000000	4.99987967
213.000000	-53.30939587
215.000000	-8.54508502
217.000000	-12.07029599
219.000000	23.84441168
221.000000	-14.57475852
223.000000	4.28667443
225.000000	40.54481356
227.000000	42.91738067
229.000000	-8.45360609
231.000000	37.69558185
233.000000	-7.37747759
235.000000	-43.90757025
237.000000	-11.71336905
239.000000	41.39818852
