# F(k,t) correlation function
# Reference time: 1205.001 ps
# lag_time_ps	F(k,t)
0.000000	548.42615392
2.000000	-50.53091273
4.000000	49.45646064
6.000000	-67.68667384
8.000000	14.02138400
10.000000	65.08904672
12.000000	-31.33686265
14.000000	130.07617520
16.000000	-77.22923028
18.000000	54.97706266
20.000000	-20.67951883
22.000000	-15.82621793
24.000000	-6.39946562
26.000000	43.42961735
28.000000	-56.30339867
30.000000	87.58100553
32.000000	-90.33629042
34.000000	-40.17746002
36.000000	-96.87411977
38.000000	-1.21953641
40.000000	-30.42791336
42.000000	92.28946828
44.000000	-46.15155484
46.000000	59.54962718
48.000000	10.93887575
50.000000	-92.15595295
52.000000	-25.59534100
54.000000	39.32461580
56.000000	-1.17377709
58.000000	-60.46082616
60.000000	27.63983006
62.000000	48.78826682
64.000000	-7.83510369
66.000000	42.15467127
68.000000	11.16703090
70.000000	-20.01689817
72.000000	-43.33309346
74.000000	-64.01393352
76.000000	-23.16747841
78.000000	44.58767784
80.000000	-30.53904320
82.000000	-48.06612179
84.000000	-16.69063772
86.000000	-55.72831576
88.000000	11.05805829
90.000000	-37.20854294
92.000000	10.77652277
94.000000	-15.84293949
96.000000	-23.89505491
98.000000	-35.42553303
100.000000	94.85935808
102.000000	-17.36571585
104.000000	53.47071136
106.000000	-60.71513846
108.000000	155.47911490
110.000000	-3.52468062
112.000000	-53.64280625
114.000000	-8.81485392
116.000000	20.95982062
118.000000	-1.73717608
120.000000	-69.24421574
122.000000	-32.91967867
124.000000	-47.82477604
126.000000	24.54095326
128.000000	7.42861050
130.000000	106.77247668
132.000000	-38.25041279
134.000000	32.25314486
136.000000	69.15535862
138.000000	16.30187252
140.000000	87.27533046
142.000000	10.67041677
144.000000	13.28034636
146.000000	-137.49791044
148.000000	-8.76628986
150.000000	-44.08810434
152.000000	43.25212620
154.000000	70.81949879
156.000000	-36.15479962
158.000000	7.67205874
160.000000	85.85297457
162.000000	10.81777224
164.000000	4.09453814
166.000000	-18.19922937
168.000000	39.15491253
170.000000	-94.62480117
172.000000	-93.64580660
174.000000	10.46363333
176.000000	-6.70378244
178.000000	-49.63386549
180.000000	37.50546079
182.000000	-43.16700170
184.000000	101.31368433
186.000000	15.65374938
188.000000	42.75829013
190.000000	-50.70563865
192.000000	68.86938256
194.000000	-12.36493081
196.000000	-32.18079717
198.000000	-17.79148378
200.000000	-96.89616819
202.000000	-46.50464552
204.000000	-19.37062040
206.000000	-3.11487076
208.000000	66.42523220
210.000000	37.40831140
212.000000	-82.74803180
214.000000	64.37502816
216.000000	-77.45874411
218.000000	82.71818407
220.000000	1.87630463
222.000000	-68.95731200
224.000000	-12.93637796
226.000000	17.71872462
228.000000	4.51134164
230.000000	47.06585264
232.000000	-2.73864238
234.000000	-53.58079882
236.000000	-18.23838679
238.000000	38.59279394
240.000000	11.69057025
242.000000	57.58787558
244.000000	2.02169406
246.000000	-41.61288447
248.000000	-45.81163698
250.000000	49.99438610
252.000000	95.78958968
254.000000	19.43415179
256.000000	27.17040729
258.000000	-58.04625499
260.000000	-22.08662536
262.000000	44.25961177
264.000000	2.71880738
266.000000	11.53118264
268.000000	83.11158744
270.000000	-98.07699389
272.000000	3.39237981
274.000000	-0.85806347
276.000000	80.80675876
278.000000	30.88806451
280.000000	-5.18472821
282.000000	30.67844433
284.000000	-39.75643021
286.000000	54.98663294
288.000000	36.47624085
290.000000	50.93033901
292.000000	46.46426654
294.000000	25.12935696
296.000000	36.97525456
298.000000	9.67477012
300.000000	-15.63849853
302.000000	-72.16855896
304.000000	-52.36822764
306.000000	-9.74599720
308.000000	67.71788440
310.000000	-37.70060767
312.000000	-28.17476734
314.000000	4.63601371
316.000000	-75.45083549
318.000000	50.95889904
320.000000	34.28953546
322.000000	-52.18524036
324.000000	17.01364258
326.000000	-61.14886732
328.000000	18.03872870
330.000000	29.65445230
332.000000	18.68338417
334.000000	20.66400276
336.000000	23.32413234
338.000000	-3.15705762
340.000000	10.64301798
342.000000	103.08801012
344.000000	10.88614695
346.000000	40.11168388
348.000000	-67.22275582
350.000000	0.17585660
352.000000	-26.06979419
354.000000	-23.08661567
356.000000	-35.72893090
358.000000	11.60572803
360.000000	-39.51196025
362.000000	-58.75495463
364.000000	38.51060021
366.000000	-72.99422089
368.000000	68.91443687
370.000000	-60.23946153
372.000000	-5.30459256
374.000000	-50.75959081
376.000000	41.73985905
378.000000	-15.07715962
380.000000	-79.79786484
382.000000	-63.77956774
384.000000	27.03230146
386.000000	-20.15828185
388.000000	9.02138591
390.000000	0.20668501
392.000000	-45.41544655
394.000000	-1.54038235
396.000000	-79.06475545
398.000000	5.19020889
400.000000	24.17491624
402.000000	-19.45525573
404.000000	-41.90568097
406.000000	14.27317448
408.000000	72.10523575
410.000000	-18.85697576
412.000000	84.87930686
414.000000	-62.36371664
416.000000	15.41805464
418.000000	-39.67383183
420.000000	-32.24590365
422.000000	-23.12440300
424.000000	40.45381082
426.000000	46.18610834
428.000000	50.82066423
430.000000	11.74852899
432.000000	64.71664634
434.000000	92.83725664
436.000000	27.23350801
438.000000	-43.24122203
440.000000	8.22494440
442.000000	-121.90700255
444.000000	-23.63030511
446.000000	-154.32267065
448.000000	-49.26683951
450.000000	0.97759577
452.000000	-24.64273218
454.000000	30.64774490
456.000000	-20.60841353
458.000000	46.59083590
460.000000	130.12983872
462.000000	49.25484049
464.000000	10.70838822
466.000000	-44.40537906
468.000000	41.47148049
470.000000	-53.46417682
472.000000	14.39231299
474.000000	38.95110633
476.000000	60.77392122
478.000000	-6.03057108
480.000000	-13.08449535
482.000000	38.71249526
484.000000	54.20756746
486.000000	23.10676121
488.000000	-3.50407041
490.000000	65.32512211
492.000000	55.17791797
494.000000	-7.21293899
496.000000	22.67622556
498.000000	-7.24950498
500.000000	-96.71334602
502.000000	44.87582862
504.000000	-92.02931481
506.000000	-79.93489035
508.000000	-28.08781913
510.000000	-43.07044822
512.000000	-3.19746165
514.000000	50.92699488
516.000000	-60.96737240
518.000000	0.24114087
520.000000	78.34619434
522.000000	37.63059923
524.000000	75.36571094
526.000000	37.63244449
528.000000	-28.33799705
530.000000	35.55443391
532.000000	-80.63488678
534.000000	-14.14277216
536.000000	8.23556662
538.000000	-47.50957177
540.000000	-73.05462314
542.000000	46.59286829
544.000000	4.46141736
546.000000	-32.40932664
548.000000	-11.82986638
550.000000	61.82849480
552.000000	40.91027716
554.000000	117.74530387
556.000000	3.88811531
558.000000	82.21601170
560.000000	-80.90053445
562.000000	94.90466884
564.000000	-9.19024291
566.000000	-32.97000708
568.000000	68.56886323
570.000000	-82.63840560
572.000000	35.66486727
574.000000	63.56364701
576.000000	-2.37548884
578.000000	41.77807998
580.000000	12.00885597
582.000000	29.22060980
584.000000	-75.34108270
586.000000	45.00227567
588.000000	-116.40189895
590.000000	-74.52263964
592.000000	-91.01241720
594.000000	17.44470971
596.000000	53.26536918
598.000000	-26.85125101
600.000000	-62.00104618
602.000000	-35.78792023
604.000000	-5.34527905
606.000000	-44.58473637
608.000000	-35.77733190
610.000000	-19.36889696
612.000000	-27.69595525
614.000000	31.61654578
616.000000	9.51242949
618.000000	14.22310928
620.000000	37.00083963
622.000000	-78.10340300
624.000000	19.78491774
626.000000	90.05224794
628.000000	19.09644630
630.000000	61.71310398
632.000000	22.24915176
634.000000	5.53859333
636.000000	38.51824630
638.000000	-25.86217262
640.000000	-115.96713547
642.000000	36.14730410
644.000000	7.51149857
645.000000	-2.77214223
646.000000	-19.45518358
647.000000	67.90292782
648.000000	-14.40329045
649.000000	-47.63335852
650.000000	102.45058804
651.000000	10.93911072
652.000000	-21.31115640
653.000000	-31.09476855
654.000000	-43.27048532
655.000000	21.28516641
656.000000	84.04738579
657.000000	-79.26903875
658.000000	-25.24078236
659.000000	-94.83851426
660.000000	-46.16934411
661.000000	75.50690604
662.000000	51.96421518
663.000000	75.33296603
664.000000	-87.29498942
665.000000	80.01722490
666.000000	31.85638782
667.000000	54.42751751
668.000000	6.95254869
669.000000	65.59637728
670.000000	18.22649689
671.000000	26.06804010
672.000000	42.27294780
673.000000	-4.11316315
674.000000	-35.26836983
675.000000	-35.62666756
676.000000	-40.52270290
677.000000	-13.02968091
678.000000	65.49051932
679.000000	-52.54081684
680.000000	-62.49117767
681.000000	-42.36732724
682.000000	81.68832683
683.000000	-49.96156599
684.000000	75.27260529
685.000000	16.90357855
686.000000	29.17462279
687.000000	47.40696697
688.000000	-123.96707502
689.000000	-2.68642648
690.000000	8.08566240
691.000000	-37.72766112
692.000000	-24.63953339
693.000000	-20.50406948
694.000000	-4.29622827
695.000000	-12.64414391
696.000000	127.33142031
697.000000	-2.23811718
698.000000	-21.22725058
699.000000	-56.67911168
700.000000	46.77393463
701.000000	-40.38378589
702.000000	49.74999467
703.000000	78.09926983
704.000000	27.97242766
705.000000	-23.91220011
706.000000	-33.42545227
707.000000	-6.48907215
708.000000	-40.80251094
709.000000	5.41365551
710.000000	-48.18630688
711.000000	-83.33440942
712.000000	-35.70330907
713.000000	25.30026008
714.000000	-19.95537724
715.000000	10.74332347
716.000000	12.62536635
717.000000	69.87688963
718.000000	56.46544578
719.000000	53.18924522
720.000000	57.88836374
721.000000	-36.19054282
722.000000	-79.05189812
723.000000	77.22936135
724.000000	-80.02237096
725.000000	75.46369419
726.000000	2.81171867
727.000000	96.50938578
728.000000	-13.91647474
729.000000	-55.80436686
730.000000	63.77936849
731.000000	-14.43595507
732.000000	-15.65529613
733.000000	-6.81426535
734.000000	-41.71248013
735.000000	-62.37157438
736.000000	-30.18346363
737.000000	10.06985943
738.000000	0.50935665
739.000000	-2.07031722
740.000000	-15.46304594
741.000000	-20.56922688
742.000000	26.69994808
743.000000	34.43260881
744.000000	-10.95461395
745.000000	-128.28085730
746.000000	-114.55791312
747.000000	-27.62843989
748.000000	-2.17125823
749.000000	-24.85980084
750.000000	52.15024704
751.000000	-9.00081150
752.000000	147.76928292
753.000000	-0.42988825
754.000000	-51.89648282
755.000000	15.07359554
756.000000	92.31246658
757.000000	-65.99431097
758.000000	-3.36934610
759.000000	2.57400619
760.000000	9.03666891
761.000000	15.51999173
762.000000	-126.90580778
763.000000	90.65150605
764.000000	18.03585624
765.000000	0.13112080
766.000000	-39.59988161
767.000000	-3.42121679
768.000000	17.99641187
769.000000	-15.51914754
770.000000	-6.27922829
771.000000	23.27485441
772.000000	41.74944555
773.000000	62.71635662
774.000000	2.32715231
775.000000	-70.56537192
776.000000	14.23046929
777.000000	46.20977357
778.000000	0.82197805
779.000000	-16.31326630
780.000000	49.68732393
781.000000	35.83184321
782.000000	-42.74242179
783.000000	36.44243650
784.000000	55.30303808
785.000000	-41.03228612
786.000000	-43.86166981
787.000000	23.68457865
788.000000	21.64688731
789.000000	6.00677876
790.000000	15.32006883
791.000000	-71.39255128
792.000000	5.76878166
793.000000	21.50118387
794.000000	71.29725248
795.000000	-3.67867309
796.000000	17.53717326
797.000000	-33.78624915
798.000000	72.99899620
799.000000	-12.41538390
800.000000	15.40336095
801.000000	28.41726856
802.000000	62.14124170
803.000000	57.69542667
804.000000	-11.87135341
805.000000	-38.86012880
806.000000	11.91431821
807.000000	25.89362355
808.000000	3.80229049
809.000000	37.70086273
810.000000	-44.43104868
811.000000	53.57976366
812.000000	71.26188090
813.000000	-22.31477622
814.000000	86.04035701
815.000000	-36.74152675
816.000000	23.94844137
817.000000	-21.90182651
818.000000	-150.22006703
819.000000	-17.91093662
820.000000	-2.20826933
821.000000	59.79957469
822.000000	81.10687295
823.000000	-19.86618232
824.000000	-60.60072261
825.000000	-30.72356022
826.000000	-11.93771437
827.000000	45.71294278
828.000000	7.65525725
829.000000	2.94657666
830.000000	24.06580139
831.000000	38.20582719
832.000000	87.09134017
833.000000	21.63391876
834.000000	32.59564879
835.000000	7.02097831
836.000000	-49.24946439
837.000000	-23.11575308
838.000000	-137.68048942
839.000000	-10.61507499
840.000000	-56.25677661
841.000000	25.55169814
842.999000	-4.82196118
843.999000	35.56999764
844.999000	-87.09201574
845.999000	-46.65575289
846.999000	-8.40392129
847.999000	-46.95968816
848.999000	25.26862470
849.999000	-7.13569796
850.999000	76.61737642
851.999000	-31.66437222
852.999000	-44.27347453
853.999000	-155.42021835
854.999000	32.78877073
855.999000	115.75969275
856.999000	-48.06211762
857.999000	5.17506856
858.999000	-15.92116900
859.999000	16.85566281
860.999000	-40.38405615
861.999000	137.93675533
862.999000	18.29415245
863.999000	35.98896292
864.999000	-30.11342091
865.999000	-53.34087149
866.999000	41.52181774
867.999000	-10.45823678
868.999000	-0.40494561
869.999000	37.32095257
870.999000	-32.69092705
871.999000	-21.64729832
872.999000	79.20790353
873.999000	-52.71683471
874.999000	62.73222948
875.999000	20.96700479
876.999000	37.79707477
877.999000	94.52868117
878.999000	-36.80400800
879.999000	38.10713496
880.999000	1.53847794
881.999000	17.24492318
882.999000	35.29766829
883.999000	-20.97816989
884.999000	-46.91575663
885.999000	-12.59830476
886.999000	19.64225416
887.999000	5.44186351
888.999000	22.80092294
889.999000	-31.08884484
890.999000	-38.58443072
891.999000	34.68797937
892.999000	-63.60265737
893.999000	-64.00336395
894.999000	-59.34420737
895.999000	129.83263001
896.999000	-10.26425807
897.999000	28.18828181
898.999000	52.71675392
899.999000	46.88173555
900.999000	-47.31244877
901.999000	-5.66490762
902.999000	27.11511711
903.999000	9.64421192
904.999000	-20.95954135
905.999000	21.52686726
906.999000	37.21587747
907.999000	-33.82225285
908.999000	14.13914502
909.999000	60.08189176
910.999000	92.82749589
911.999000	-115.56618220
912.999000	14.10723565
913.999000	-67.52284880
914.999000	-11.97289384
915.999000	-72.30580836
916.999000	31.13667849
917.999000	39.69537071
918.999000	-76.96969516
919.999000	-40.83805551
920.999000	54.96555244
921.999000	-22.16934937
922.999000	-68.46379568
923.999000	-65.47425272
924.999000	16.69383531
925.999000	35.14126623
926.999000	-49.97975424
927.999000	-28.41654174
928.999000	53.83346991
929.999000	23.74293492
930.999000	18.08184248
931.999000	64.16990426
932.999000	3.13120996
933.999000	-1.10140050
934.999000	39.48304523
935.999000	38.62426760
936.999000	49.13852249
937.999000	-19.62750438
938.999000	-3.15323150
939.999000	92.57068274
940.999000	-24.02382727
941.999000	27.63760622
942.999000	-8.75648064
943.999000	-3.32700095
944.999000	5.46807828
945.999000	7.54424061
946.999000	-21.02523194
947.999000	-79.02694022
948.999000	62.30251272
949.999000	-2.66569476
950.999000	-64.97915534
951.999000	-46.18008748
952.999000	-20.47482757
953.999000	42.68552629
954.999000	17.02855543
955.999000	-3.06768616
956.999000	95.03417262
957.999000	57.03727238
958.999000	26.13008552
959.999000	-19.65552143
960.999000	-33.30942541
961.999000	-38.70527292
962.999000	66.58370971
963.999000	12.92190791
964.999000	25.56240869
965.999000	59.59674673
966.999000	-12.31293976
967.999000	-41.31566387
968.999000	-39.06116228
969.999000	-29.10105787
970.999000	-19.71435742
971.999000	21.35155844
972.999000	-144.59173926
973.999000	-22.78480340
974.999000	59.06626155
975.999000	8.77137846
976.999000	4.15563846
977.999000	-6.44262636
978.999000	3.40764709
979.999000	58.06500478
980.999000	2.13091517
981.999000	-65.89047519
982.999000	59.27708082
983.999000	-47.52245517
984.999000	-67.79456163
985.999000	49.78282606
986.999000	-2.65339219
987.999000	-96.52903213
988.999000	2.17518803
989.999000	29.94746656
990.999000	-48.84859444
991.999000	-18.23565627
992.999000	-30.29577490
993.999000	-107.22489729
994.999000	-79.20577709
995.999000	-38.13657609
996.999000	11.32743393
997.999000	76.68464395
998.999000	12.06649886
999.999000	-27.55466798
1000.999000	6.96724737
1001.999000	27.44804327
1002.999000	33.65449555
1003.999000	105.80751849
1004.999000	55.94941738
1005.999000	-51.86395535
1006.999000	-71.04759828
1007.999000	149.78226691
1008.999000	-49.19337233
1009.999000	-19.30475480
1010.999000	-2.98380649
1011.999000	20.12750594
1012.999000	-31.78153161
1013.999000	-28.20701011
1014.999000	-47.44766038
1015.999000	11.22533265
1016.999000	19.85969697
1017.999000	-50.68511680
1018.999000	65.32758372
1019.999000	48.91073375
1020.999000	-39.14916203
1021.999000	25.14726450
1022.999000	-28.30920052
1023.999000	19.16827489
1024.999000	14.69437102
1025.999000	72.22391254
1026.999000	-88.30029560
1027.999000	-32.89556649
1028.999000	-25.03826277
1029.999000	33.85069879
1030.999000	-75.81406071
1031.999000	-15.20352003
1032.999000	65.41515205
1033.999000	-12.15796789
1034.999000	39.78428558
1035.999000	-28.75065656
1036.999000	16.11769411
1037.999000	72.25181521
1038.999000	103.40336558
1039.999000	26.96315806
1040.999000	43.59726550
1041.999000	55.94442550
1042.999000	-21.99980549
1043.999000	47.64936548
1044.999000	-66.89905754
1045.999000	-51.74240818
1046.999000	16.85619636
1047.999000	-118.03826804
1048.999000	-1.79328007
1049.999000	16.19536944
1050.999000	-70.79905169
1051.999000	17.72769902
1052.999000	59.05230390
1053.999000	34.61004373
1054.999000	-85.90619387
1055.999000	-85.96596437
1056.999000	-29.14179658
1057.999000	-62.05558913
1058.999000	-69.75180608
1059.999000	-2.68522703
1060.999000	-41.57870078
1061.999000	-21.32525453
1062.999000	9.22853137
1063.999000	8.85240962
1064.999000	-114.39581204
1065.999000	-14.08151847
1066.999000	11.03202953
1067.999000	-87.30291914
1068.999000	27.54462641
1069.999000	7.69194970
1070.999000	60.31034398
1071.999000	37.13829210
1072.999000	6.98037017
1073.999000	19.20381562
1074.999000	-3.73050756
1075.999000	75.36677876
1076.999000	23.22696464
1077.999000	-47.34287130
1078.999000	-23.52736085
1079.999000	-93.98538158
1080.999000	30.02569462
1081.999000	54.84930373
1082.999000	81.97186875
1083.999000	-6.99668102
1084.999000	123.83681661
1085.999000	-52.49412350
1086.999000	-15.91896488
1087.999000	-70.57240398
1088.999000	-106.88750678
1089.999000	11.78154348
1090.999000	-80.54184862
1091.999000	-33.25840152
1092.999000	84.60536477
1093.999000	-16.75453564
1094.999000	-29.76978744
