# F(k,t) correlation function
# Reference time: 803.001 ps
# lag_time_ps	F(k,t)
0.000000	634.65748840
2.000000	-20.19442613
4.000000	113.13155041
6.000000	-23.51780772
8.000000	-37.27466784
10.000000	-12.32085756
12.000000	-55.46152467
14.000000	15.08000466
16.000000	19.59150995
18.000000	-2.36300269
20.000000	85.77385785
22.000000	-36.86106856
24.000000	10.04687358
26.000000	83.66933773
28.000000	-23.59713589
30.000000	91.62136924
32.000000	-27.70491778
34.000000	-82.68935359
36.000000	-8.39204237
38.000000	60.21209941
40.000000	86.48501497
42.000000	44.30799472
44.000000	97.65788382
46.000000	-10.16469108
48.000000	-45.11567416
50.000000	26.49331810
52.000000	19.01612992
54.000000	77.06169871
56.000000	17.63266137
58.000000	-93.44433943
60.000000	73.78952658
62.000000	93.08610190
64.000000	-92.87649627
66.000000	2.60686243
68.000000	-16.86461021
70.000000	40.84347093
72.000000	-66.45679548
74.000000	-50.15472572
76.000000	16.42975441
78.000000	-24.44694323
80.000000	-19.33018854
82.000000	69.64368054
84.000000	40.87984714
86.000000	-4.72157754
88.000000	-62.19337911
90.000000	-29.86756693
92.000000	41.84886099
94.000000	50.65814982
96.000000	37.32484156
98.000000	-27.10124779
100.000000	-20.43685032
102.000000	16.17489424
104.000000	-0.73133736
106.000000	36.05900301
108.000000	20.86443339
110.000000	-57.21437243
112.000000	-4.76309006
114.000000	-64.64493832
116.000000	-24.14972226
118.000000	-34.15754415
120.000000	77.90832235
122.000000	10.34431491
124.000000	12.38412334
126.000000	50.94550688
128.000000	-29.07979798
130.000000	8.48901713
132.000000	-78.07916290
134.000000	11.20095361
136.000000	-67.99469046
138.000000	1.70712772
140.000000	-79.10692099
142.000000	25.18803812
144.000000	-43.16449937
146.000000	-4.98753939
148.000000	-4.41160795
150.000000	28.02529909
152.000000	45.74557470
154.000000	17.18170215
156.000000	-47.30699907
158.000000	75.48113440
160.000000	32.54013852
162.000000	-13.66963543
164.000000	-41.67409807
166.000000	92.57871657
168.000000	-47.95469061
170.000000	150.17448346
172.000000	-34.73444187
174.000000	-109.43198369
176.000000	11.35849639
178.000000	-72.55320913
180.000000	-7.85307034
182.000000	-59.63380287
184.000000	91.55693231
186.000000	-29.04586307
188.000000	-13.90188012
190.000000	52.96536421
192.000000	-44.09633207
194.000000	9.14478966
196.000000	-21.48841676
198.000000	-97.60193522
200.000000	50.69150193
202.000000	38.47708036
204.000000	-53.25897024
206.000000	7.27963183
208.000000	-55.34734156
210.000000	14.61858900
212.000000	69.54016727
214.000000	36.83430585
216.000000	60.70015429
218.000000	-87.42937496
220.000000	54.06796451
222.000000	-91.14110784
224.000000	28.83220969
226.000000	64.09849483
228.000000	96.72193925
230.000000	-48.69350966
232.000000	-39.73608881
234.000000	53.27745243
236.000000	47.60951643
238.000000	-21.80643084
240.000000	90.33155434
242.000000	43.36973818
244.000000	-59.88798497
246.000000	-8.19946057
248.000000	85.06330625
250.000000	32.53087179
252.000000	-99.33830844
254.000000	150.12408612
256.000000	-12.21130081
258.000000	31.56308179
260.000000	-45.10033812
262.000000	-42.35928191
264.000000	62.84638690
266.000000	4.94655384
268.000000	-55.20633483
270.000000	54.55919348
272.000000	-20.16202172
274.000000	-54.54512040
276.000000	-30.63806031
278.000000	40.26865636
280.000000	74.85653493
282.000000	86.26832706
284.000000	-114.68328265
286.000000	-11.23888183
288.000000	4.55563394
290.000000	-70.48112734
292.000000	19.72724279
294.000000	-49.84850257
296.000000	-69.48760624
298.000000	-6.03163706
300.000000	33.65654533
302.000000	-11.20202751
304.000000	48.75114799
306.000000	-10.76905890
308.000000	-100.87321396
310.000000	20.77719669
312.000000	-93.20290441
314.000000	91.03358641
316.000000	-23.36800648
318.000000	-62.02668470
320.000000	-9.67699833
322.000000	-31.14383010
324.000000	37.87368515
326.000000	-16.01013574
328.000000	3.20287716
330.000000	20.34005328
332.000000	18.81921454
334.000000	-23.72070519
336.000000	46.37081468
338.000000	60.79184896
340.000000	71.27986482
342.000000	55.56667973
344.000000	-45.89292305
346.000000	-24.76616723
348.000000	-127.51433039
350.000000	-72.58554760
352.000000	-41.75694160
354.000000	71.26145831
356.000000	37.03894732
358.000000	-62.75388685
360.000000	56.17716688
362.000000	110.59329047
364.000000	-68.45817324
366.000000	-0.20289620
368.000000	-17.34290053
370.000000	20.28295476
372.000000	-48.26474450
374.000000	103.04758914
376.000000	57.46918080
378.000000	-7.70011192
380.000000	6.45793695
382.000000	-65.55039706
384.000000	-4.03859223
386.000000	6.36294723
388.000000	81.99630440
390.000000	-21.34025726
392.000000	3.89037962
394.000000	65.80421008
396.000000	-0.80269586
398.000000	-25.04790439
400.000000	82.15403659
402.000000	35.65187382
404.000000	-170.50300505
406.000000	37.39801293
408.000000	45.05323591
410.000000	-59.02481955
412.000000	32.61052076
414.000000	-120.57190905
416.000000	-51.54064379
418.000000	-3.37184207
420.000000	-22.86213817
422.000000	-13.00151596
424.000000	49.57739001
426.000000	31.56013571
428.000000	-60.08148353
430.000000	-11.46637624
432.000000	-36.38233190
434.000000	-21.70691668
436.000000	126.65673023
438.000000	15.66355895
440.000000	14.49932600
442.000000	129.49115699
444.000000	-75.41720282
446.000000	52.52782764
448.000000	29.59641844
450.000000	-27.34779513
452.000000	-24.67805355
454.000000	-8.27567581
456.000000	141.97747051
458.000000	-48.08787847
460.000000	-18.02269002
462.000000	-57.88431405
464.000000	5.86556583
466.000000	-69.55890333
468.000000	34.19352637
470.000000	-18.69132112
472.000000	33.47377891
474.000000	87.31828785
476.000000	-93.47661057
478.000000	-6.78071330
480.000000	77.49599659
482.000000	-14.62757728
484.000000	-17.04943888
486.000000	34.46025012
488.000000	-23.04417207
490.000000	40.62570785
492.000000	-6.23012080
494.000000	1.83749760
496.000000	46.44345658
498.000000	-51.65713676
500.000000	71.16945742
502.000000	-39.82673489
504.000000	-5.52921297
506.000000	-68.59261199
508.000000	18.18944419
510.000000	0.58263430
512.000000	84.71367616
514.000000	53.23079813
516.000000	-69.18557213
518.000000	-15.27277920
520.000000	-43.97610820
522.000000	13.75280363
524.000000	-89.44414932
526.000000	3.01798375
528.000000	-4.40823502
530.000000	-9.99902002
532.000000	60.94385164
534.000000	10.12759593
536.000000	-61.52928099
538.000000	20.83045882
540.000000	53.55368985
542.000000	-105.93594726
544.000000	57.34044149
546.000000	70.15373889
548.000000	-37.15076413
550.000000	72.28723457
552.000000	66.43357808
554.000000	96.81021140
556.000000	0.69553534
558.000000	-34.77524500
560.000000	-84.14519619
562.000000	-12.85135164
564.000000	43.03637996
566.000000	-48.29938401
568.000000	13.86966970
570.000000	58.74664999
572.000000	-54.35783258
574.000000	-23.85416365
576.000000	-12.93740774
578.000000	-67.87020391
580.000000	-41.29166482
582.000000	-35.56947299
584.000000	-122.36589117
586.000000	24.69806870
588.000000	-62.03970638
590.000000	-43.42512850
592.000000	59.45874337
594.000000	89.49556017
596.000000	33.42665295
598.000000	-24.55795101
600.000000	-13.94800209
602.000000	-62.99210032
604.000000	82.48926505
606.000000	-81.84201439
608.000000	85.39465334
610.000000	13.69465417
612.000000	9.41988069
614.000000	64.74753702
616.000000	-60.37294259
618.000000	26.92821294
620.000000	29.11866766
622.000000	-55.19261570
624.000000	-27.83391351
626.000000	23.67889986
628.000000	-49.53325009
630.000000	-52.79661518
632.000000	103.36328535
634.000000	31.72074144
636.000000	67.51102159
638.000000	105.58638723
640.000000	-68.33897435
642.000000	8.33146373
644.000000	13.28074554
646.000000	65.80838165
648.000000	-102.12712054
650.000000	158.79082927
652.000000	33.57214578
654.000000	18.54196437
656.000000	35.32978591
658.000000	28.35038405
660.000000	19.75484383
662.000000	-122.98671617
664.000000	-32.61160941
666.000000	46.41390305
668.000000	-82.71402714
670.000000	23.54078747
672.000000	-20.48175269
674.000000	19.08258873
676.000000	115.37106633
678.000000	69.97301571
680.000000	23.72151791
682.000000	14.55997240
684.000000	-33.47888032
686.000000	-91.35366136
688.000000	142.48111274
690.000000	1.34869461
692.000000	-0.41121331
694.000000	-47.82363016
696.000000	-28.03075121
698.000000	98.28657093
700.000000	36.79043525
702.000000	52.56771960
704.000000	0.86693697
706.000000	-4.35094681
708.000000	4.19333649
710.000000	-21.08728444
712.000000	-28.47355743
714.000000	23.42999486
716.000000	-51.20423305
718.000000	-41.38268056
720.000000	-57.43109875
722.000000	34.17176526
724.000000	-24.70660954
726.000000	59.24178695
728.000000	-36.62011789
730.000000	105.88610275
732.000000	-31.68643635
734.000000	-20.90278573
736.000000	-6.25460109
738.000000	14.88185747
740.000000	-12.10614277
742.000000	-78.84088653
744.000000	43.35741244
746.000000	15.59614752
748.000000	-74.16844575
750.000000	-39.15418241
752.000000	-34.18050124
754.000000	19.25105264
756.000000	2.71323067
758.000000	-20.28776439
760.000000	65.49848033
762.000000	-5.15808093
764.000000	-38.13687338
766.000000	21.83896558
768.000000	-52.95561347
770.000000	48.20921365
772.000000	26.16884140
774.000000	-48.31447458
776.000000	-66.66483037
778.000000	-13.98465600
780.000000	10.98194420
782.000000	-40.75878820
784.000000	-55.85956804
786.000000	-42.03998972
788.000000	-69.69238797
790.000000	76.38385384
792.000000	70.13643586
794.000000	11.15626175
796.000000	-16.96604886
798.000000	-14.54844826
800.000000	38.45096561
802.000000	79.38063750
804.000000	-17.65445719
806.000000	-37.15256676
808.000000	-3.83517848
810.000000	-47.58633867
812.000000	-3.89613770
814.000000	-19.97896798
816.000000	1.07920959
818.000000	-17.49612273
820.000000	84.37292503
822.000000	48.02767661
824.000000	-60.37790446
826.000000	-32.68991587
828.000000	-19.46331408
830.000000	36.04991149
832.000000	16.39309953
834.000000	31.48157559
836.000000	9.22264436
838.000000	-85.56899518
840.000000	43.21344197
842.000000	-20.65239127
844.000000	156.30935845
846.000000	92.83383802
848.000000	-68.79352525
850.000000	-118.70253791
852.000000	40.70644940
854.000000	18.72464855
856.000000	54.80380975
858.000000	54.00194843
860.000000	-35.03275146
862.000000	-35.71324333
864.000000	-50.49003174
866.000000	24.67483658
868.000000	32.18035274
870.000000	-7.28734710
872.000000	-72.33675803
874.000000	-29.62404735
876.000000	18.36412551
878.000000	-36.10652728
880.000000	-26.71301688
882.000000	-64.32943640
884.000000	-16.95363317
886.000000	75.11797017
888.000000	50.64362686
890.000000	-56.18749543
892.000000	-23.77044798
894.000000	-49.39717732
896.000000	13.33380950
898.000000	55.13555815
900.000000	-15.68655568
902.000000	-58.54509509
904.000000	-96.81289045
906.000000	21.18114430
908.000000	-1.41404979
910.000000	-121.10553730
912.000000	-53.50493556
914.000000	62.93870071
916.000000	97.85693161
918.000000	30.41565062
920.000000	5.68742134
922.000000	-48.31604829
924.000000	-23.66077313
926.000000	126.93821745
928.000000	10.15328389
930.000000	88.42604712
932.000000	-29.39710723
934.000000	19.79657284
936.000000	-38.72178562
938.000000	32.24969845
940.000000	-35.90994733
942.000000	-80.48245276
944.000000	-78.28129896
946.000000	66.10458583
948.000000	-99.61771555
950.000000	69.27031976
952.000000	70.87730872
954.000000	-60.23035794
956.000000	27.11920597
958.000000	-105.35344240
960.000000	25.16783781
962.000000	-29.47266502
964.000000	105.54755533
966.000000	-89.42240312
968.000000	-48.23106759
970.000000	-32.06055586
972.000000	35.99640571
974.000000	54.36087873
976.000000	53.46035571
978.000000	-52.21094846
980.000000	14.57202330
982.000000	9.37644525
984.000000	4.16109990
986.000000	13.50464064
988.000000	-5.01042798
990.000000	-116.59837747
992.000000	120.95343543
994.000000	9.31451143
996.000000	109.12740231
998.000000	26.59775208
1000.000000	57.85899049
1002.000000	-51.16087529
1004.000000	57.57007035
1006.000000	-35.49029687
1008.000000	-98.72261927
1010.000000	-142.45506702
1012.000000	67.43354394
1014.000000	-38.46059286
1016.000000	-17.07976220
1018.000000	32.97318589
1020.000000	22.09389874
1022.000000	28.22957551
1024.000000	8.63818479
1026.000000	-27.17423966
1028.000000	-20.33482259
1030.000000	7.64363696
1032.000000	27.65282308
1034.000000	-8.11648331
1036.000000	-33.95814161
1038.000000	64.53028668
1040.000000	-27.62116613
1042.000000	19.83203772
1044.000000	-7.70598808
1046.000000	43.60202655
1047.000000	-79.87086522
1048.000000	-65.15658842
1049.000000	44.66041204
1050.000000	-11.88868353
1051.000000	13.34463665
1052.000000	-9.22905608
1053.000000	42.34278488
1054.000000	-56.01547175
1055.000000	68.45135516
1056.000000	51.81345569
1057.000000	-0.37948252
1058.000000	10.79276307
1059.000000	37.55729517
1060.000000	30.47084974
1061.000000	46.37144597
1062.000000	59.76615910
1063.000000	103.60182836
1064.000000	60.04180022
1065.000000	-42.54235470
1066.000000	-81.08726563
1067.000000	53.52052258
1068.000000	35.48792502
1069.000000	5.07074831
1070.000000	-14.90197716
1071.000000	29.82638311
1072.000000	-14.07895708
1073.000000	98.42367841
1074.000000	-2.17563058
1075.000000	138.50430557
1076.000000	80.37176025
1077.000000	101.81720033
1078.000000	-23.95026490
1079.000000	32.99718742
1080.000000	86.71619991
1081.000000	-47.33748292
1082.000000	-45.38133902
1083.000000	-73.20093640
1084.000000	-38.64675660
1085.000000	95.27466568
1086.000000	90.91618524
1087.000000	-22.33496770
1088.000000	-78.11783015
1089.000000	8.83946485
1090.000000	71.07448107
1091.000000	-40.46176543
1092.000000	45.32449713
1093.000000	-36.85150609
1094.000000	62.07810099
1095.000000	-50.01312826
1096.000000	-100.54583926
1097.000000	69.01046206
1098.000000	-29.25856063
1099.000000	40.23189077
1100.000000	54.76824757
1101.000000	-12.85223628
1102.000000	-12.84157592
1103.000000	-7.49444354
1104.000000	12.78595140
1105.000000	-44.01037711
1106.000000	-38.42548361
1107.000000	109.81358865
1108.000000	34.53235473
1109.000000	46.89482041
1110.000000	56.37806053
1111.000000	56.96536819
1112.000000	36.13954379
1113.000000	20.17012871
1114.000000	-27.77154188
1115.000000	-12.92310459
1116.000000	75.50184616
1117.000000	-36.72370180
1118.000000	130.58970252
1119.000000	-7.16277628
1120.000000	-81.79283677
1121.000000	65.62502616
1122.000000	-7.49086488
1123.000000	-2.67252804
1124.000000	67.85690578
1125.000000	117.17950633
1126.000000	35.22797688
1127.000000	-64.00315587
1128.000000	7.84956647
1129.000000	35.11726077
1130.000000	52.62683818
1131.000000	-22.89492835
1132.000000	89.31581485
1133.000000	-105.95968182
1134.000000	46.59129661
1135.000000	3.79111995
1136.000000	31.35956359
1137.000000	-31.36959894
1138.000000	-18.01423703
1139.000000	-2.44721221
1140.000000	78.93143103
1141.000000	0.76290715
1142.000000	48.30548934
1143.000000	-52.35847494
1144.000000	-25.88324563
1145.000000	28.37430136
1146.000000	56.17774383
1147.000000	35.17697473
1148.000000	67.91822005
1149.000000	60.17564259
1150.000000	48.19278002
1151.000000	-5.94580824
1152.000000	41.27277326
1153.000000	111.16261521
1154.000000	-16.56379962
1155.000000	-78.59107937
1156.000000	12.62355987
1157.000000	49.62407373
1158.000000	-20.86945169
1159.000000	-20.19227158
1160.000000	6.50598029
1161.000000	-69.52148652
1162.000000	12.23940851
1163.000000	-48.86431207
1164.000000	37.55752088
1165.000000	-27.72053640
1166.000000	66.71238602
1167.000000	72.14661040
1168.000000	-14.75834320
1169.000000	-23.62361950
1170.000000	-4.13825724
1171.000000	-32.67674975
1172.000000	-58.75761855
1173.000000	-13.27592593
1174.000000	-26.59357614
1175.000000	-15.36177804
1176.000000	6.18004378
1177.000000	34.73940656
1178.000000	-6.19933105
1179.000000	-23.29123905
1180.000000	-67.71463249
1181.000000	-23.53894991
1182.000000	51.21391755
1183.000000	67.97774871
1184.000000	-59.58474051
1185.000000	12.75535206
1186.000000	4.86676051
1187.000000	40.65789577
1188.000000	-71.41655016
1189.000000	111.53570421
1190.000000	-49.62021722
1191.000000	-90.31282367
1192.000000	48.81005275
1193.000000	48.18934313
1194.000000	42.92446366
1195.000000	54.59686144
1196.000000	4.64981796
1197.000000	-68.52677814
1198.000000	-29.50356028
1199.000000	-39.48799724
1200.000000	41.66532006
1201.000000	25.80142452
1202.000000	96.38544710
1203.000000	-43.96299205
1204.000000	12.22040007
1205.000000	-129.57034131
1206.000000	9.39431112
1207.000000	-11.56483382
1208.000000	-44.57952461
1209.000000	111.29970900
1210.000000	27.53487224
1211.000000	33.41233568
1212.000000	26.71066664
1213.000000	16.40023304
1214.000000	149.04350452
1215.000000	-9.27842181
1216.000000	3.68808682
1217.000000	-67.46587012
1218.000000	-44.82765348
1219.000000	-53.37011222
1220.000000	74.83910494
1221.000000	2.21272536
1222.000000	28.92310648
1223.000000	-46.08569410
1224.000000	42.27007390
1225.000000	27.01261360
1226.000000	-52.29415069
1227.000000	-12.34937138
1228.000000	47.47231113
1229.000000	-26.91618257
1230.000000	80.66332517
1231.000000	-100.95961474
1232.000000	20.19108673
1233.000000	175.13550067
1234.000000	-84.41505377
1235.000000	-50.99996397
1236.000000	-24.63401431
1237.000000	-49.18060929
1238.000000	3.51491859
1239.000000	-54.07542537
1240.000000	-65.72750675
1241.000000	-3.39172402
1242.000000	-47.54527128
1243.000000	39.55452116
1244.999000	-47.03874878
1245.999000	130.09737671
1246.999000	-60.79480157
1247.999000	-62.42247255
1248.999000	-34.01866598
1249.999000	79.22536416
1250.999000	-11.32400450
1251.999000	-84.59208765
1252.999000	-12.99631492
1253.999000	14.23908785
1254.999000	28.54124035
1255.999000	-34.37848610
1256.999000	-23.18905866
1257.999000	144.76750014
1258.999000	3.84995885
1259.999000	67.37413760
1260.999000	46.47208577
1261.999000	-44.34233529
1262.999000	74.56141251
1263.999000	-113.86555327
1264.999000	-24.74596138
1265.999000	-71.62104015
1266.999000	-16.20274524
1267.999000	-0.27229675
1268.999000	20.30695925
1269.999000	8.66706650
1270.999000	-22.51090399
1271.999000	24.91308839
1272.999000	-31.37149189
1273.999000	-35.93873484
1274.999000	19.51773507
1275.999000	-33.13572547
1276.999000	164.06736945
1277.999000	-34.74454482
1278.999000	-7.16800677
1279.999000	6.64459902
1280.999000	53.27465260
1281.999000	-75.03524285
1282.999000	32.08002611
1283.999000	43.84196678
1284.999000	-41.56638047
1285.999000	35.56726373
1286.999000	112.93338697
1287.999000	2.72096536
1288.999000	11.07201171
1289.999000	-50.03515449
1290.999000	38.34368478
1291.999000	57.50488198
1292.999000	-10.83974796
1293.999000	-53.31177526
1294.999000	-22.51019165
1295.999000	20.40433548
1296.999000	-90.75317872
1297.999000	-16.75476791
1298.999000	56.06857326
1299.999000	17.13364089
1300.999000	39.87014561
1301.999000	-16.78844655
1302.999000	-28.13595562
1303.999000	71.24090141
1304.999000	-73.49010005
1305.999000	70.88796760
1306.999000	65.85937128
1307.999000	-85.73594491
1308.999000	-49.48440578
1309.999000	52.35713582
1310.999000	5.48782221
1311.999000	85.52039136
1312.999000	40.33770192
1313.999000	15.88307021
1314.999000	50.02650742
1315.999000	24.07171045
1316.999000	-21.34005532
1317.999000	14.34626540
1318.999000	4.54092193
1319.999000	-22.69052248
1320.999000	-32.84776741
1321.999000	-67.33618097
1322.999000	-99.40039766
1323.999000	9.61080994
1324.999000	131.35990261
1325.999000	22.89637142
1326.999000	-58.57671371
1327.999000	6.14785823
1328.999000	68.27750531
1329.999000	-34.72809738
1330.999000	43.34304057
1331.999000	17.68401615
1332.999000	-49.12163515
1333.999000	65.49099027
1334.999000	-69.08386260
1335.999000	42.80177159
1336.999000	-132.71504643
1337.999000	-19.50950092
1338.999000	2.00011740
1339.999000	34.40183893
1340.999000	54.15450035
1341.999000	155.11370971
1342.999000	-66.40931826
1343.999000	95.25867593
1344.999000	12.34551363
1345.999000	-38.41753872
1346.999000	-53.87092972
1347.999000	-9.57982256
1348.999000	-56.04071271
1349.999000	-144.00730586
1350.999000	-6.53174659
1351.999000	-74.47172398
1352.999000	-30.03159786
1353.999000	87.08076975
1354.999000	-58.01513519
1355.999000	48.43497875
1356.999000	-46.96593272
1357.999000	-6.43703132
1358.999000	49.36462242
1359.999000	-17.99768090
1360.999000	-81.37458641
1361.999000	82.19867801
1362.999000	56.57277072
1363.999000	-33.17288006
1364.999000	-70.32312871
1365.999000	9.82792409
1366.999000	68.02630109
1367.999000	0.46535755
1368.999000	13.37856030
1369.999000	5.87948608
1370.999000	-107.18843952
1371.999000	26.86402663
1372.999000	-135.05989016
1373.999000	-151.72158656
1374.999000	-42.99914111
1375.999000	-13.06391858
1376.999000	17.26743681
1377.999000	53.74625830
1378.999000	23.10018834
1379.999000	-19.83335177
1380.999000	15.19510523
1381.999000	13.97991447
1382.999000	140.48890911
1383.999000	-21.68494099
1384.999000	4.11256636
1385.999000	93.06295955
1386.999000	147.34757853
1387.999000	-53.28499746
1388.999000	-128.53242452
1389.999000	19.80664184
1390.999000	0.63499478
1391.999000	27.10179522
1392.999000	-15.47139248
1393.999000	11.46113184
1394.999000	-103.31285515
1395.999000	-22.00983048
1396.999000	93.85097984
1397.999000	-75.65675089
1398.999000	109.43677904
1399.999000	108.38661706
1400.999000	68.97272085
1401.999000	14.30741260
1402.999000	-70.31560439
1403.999000	-15.38824550
1404.999000	35.42365326
1405.999000	63.05809902
1406.999000	5.02163047
1407.999000	-28.68149645
1408.999000	134.69512888
1409.999000	-7.18725903
1410.999000	-16.06379103
1411.999000	47.41832131
1412.999000	185.85838766
1413.999000	-26.35273142
1414.999000	7.81856749
1415.999000	224.92293702
1416.999000	82.40716714
1417.999000	-25.02965261
1418.999000	96.52198708
1419.999000	6.12845535
1420.999000	15.08138016
1421.999000	97.19583501
1422.999000	-31.76919811
1423.999000	-20.08716554
1424.999000	33.95040229
1425.999000	50.53473870
1426.999000	24.70610367
1427.999000	-9.05909647
1428.999000	-25.78751065
1429.999000	-77.00661841
1430.999000	-48.45938671
1431.999000	5.22568611
1432.999000	60.53631488
1433.999000	-65.19911905
1434.999000	-21.42158585
1435.999000	-17.73797619
1436.999000	71.11467036
1437.999000	-83.19216113
1438.999000	-46.33138605
1439.999000	-100.03338342
1440.999000	3.89152631
1441.999000	27.64160534
1442.999000	-4.77738226
1443.999000	-39.81031893
1444.999000	-77.70659666
1445.999000	-39.54439288
1446.999000	113.47703635
1447.999000	50.66477252
1448.999000	30.56430202
1449.999000	73.14420073
1450.999000	-32.48592737
1451.999000	61.78622992
1452.999000	32.41321075
1453.999000	-9.52032027
1454.999000	-119.87123935
1455.999000	19.46718516
1456.999000	55.60516405
1457.999000	4.57783584
1458.999000	-117.62416089
1459.999000	-30.24090067
1460.999000	-53.56652014
1461.999000	2.92548264
1462.999000	5.99184299
1463.999000	34.17039021
1464.999000	-54.88802306
1465.999000	-92.88122324
1466.999000	76.30977450
1467.999000	-17.90146174
1468.999000	-79.26880359
1469.999000	-59.74812852
1470.999000	35.25626002
1471.999000	43.61632500
1472.999000	-98.63420153
1473.999000	-41.24331191
1474.999000	49.57810897
1475.999000	-14.46634192
1476.999000	-9.24010994
1477.999000	-16.65183799
1478.999000	50.55922539
1479.999000	28.82279392
1480.999000	65.59858932
1481.999000	12.07122409
1482.999000	-27.25114264
1483.999000	57.05314624
1484.999000	-95.05392833
1485.999000	4.37472406
1486.999000	20.59776642
1487.999000	8.55237987
1488.999000	2.57306590
1489.999000	61.35669055
1490.999000	-63.57478969
1491.999000	45.08647053
1492.999000	86.79520147
1493.999000	-18.13008321
1494.999000	-56.51587984
1495.999000	-58.22697266
1496.999000	81.19766079
