# F(k,t) correlation function
# Reference time: 1607.001 ps
# lag_time_ps	F(k,t)
0.000000	614.30439530
2.000000	33.97949750
4.000000	11.91909426
6.000000	10.78527925
8.000000	75.63231173
10.000000	39.78909925
12.000000	-9.67145869
14.000000	-37.38330158
16.000000	-8.84631951
18.000000	61.90280378
20.000000	38.52715321
22.000000	49.47681424
24.000000	-67.08391067
26.000000	199.98194597
28.000000	53.94475155
30.000000	-15.14715662
32.000000	51.61195594
34.000000	62.50674324
36.000000	85.51525889
38.000000	-11.07054985
40.000000	-55.71965462
42.000000	-66.25989410
44.000000	-75.42281815
46.000000	5.89106794
48.000000	28.27027306
50.000000	8.82813327
52.000000	0.03726697
54.000000	-43.23656107
56.000000	127.08827981
58.000000	31.52347770
60.000000	-47.39962307
62.000000	-141.57140591
64.000000	8.99275075
66.000000	-6.06335118
68.000000	15.06719223
70.000000	-117.20728412
72.000000	-17.39870308
74.000000	-44.69383240
76.000000	43.81436519
78.000000	107.09967349
80.000000	16.55181883
82.000000	83.01687126
84.000000	-60.12026556
86.000000	4.55678606
88.000000	-35.63268143
90.000000	17.17875150
92.000000	69.74867176
94.000000	-38.93433004
96.000000	-35.15446791
98.000000	-112.57298221
100.000000	-46.03657237
102.000000	-89.06546959
104.000000	-3.33767317
106.000000	67.59445587
108.000000	30.62846267
110.000000	57.95668069
112.000000	-54.87251317
114.000000	2.51841262
116.000000	56.02146725
118.000000	-58.37045525
120.000000	95.75445063
122.000000	11.87730096
124.000000	28.77056210
126.000000	35.97739481
128.000000	-52.76832061
130.000000	17.18277169
132.000000	45.45985804
134.000000	-20.99418256
136.000000	-11.63910404
138.000000	53.17945781
140.000000	-46.13634510
142.000000	-77.99439887
144.000000	-40.90972842
146.000000	-77.34687941
148.000000	-39.99254834
150.000000	29.55705007
152.000000	-74.75141623
154.000000	-45.13146762
156.000000	86.13383237
158.000000	38.81776649
160.000000	-51.53071627
162.000000	-12.57935711
164.000000	-43.49519555
166.000000	-98.81244946
168.000000	32.15700368
170.000000	-3.17434822
172.000000	8.88992221
174.000000	-7.85894113
176.000000	5.66404991
178.000000	-21.19733385
180.000000	6.39795733
182.000000	-17.37743946
184.000000	8.66258272
186.000000	-60.30462955
188.000000	27.52881932
190.000000	-99.10132921
192.000000	-3.07074437
194.000000	-89.97715937
196.000000	-32.12836188
198.000000	-114.59307746
200.000000	19.88856636
202.000000	1.89203074
204.000000	85.11941330
206.000000	5.83647373
208.000000	-77.76225983
210.000000	-71.12336751
212.000000	155.62892061
214.000000	50.03746385
216.000000	66.79034154
218.000000	-17.82899788
220.000000	25.69897586
222.000000	71.24502803
224.000000	-41.80666009
226.000000	-19.34838067
228.000000	-3.92808211
230.000000	-57.37064018
232.000000	-76.12932516
234.000000	-30.04645651
236.000000	65.63713828
238.000000	-43.69910127
240.000000	-53.32763804
242.000000	7.44985750
243.000000	47.92095161
244.000000	-78.00457689
245.000000	4.13633461
246.000000	-122.27174262
247.000000	-8.10928628
248.000000	-93.64650762
249.000000	-6.71294153
250.000000	21.72764869
251.000000	69.53917560
252.000000	30.91457770
253.000000	-48.28863206
254.000000	-71.57890620
255.000000	-40.40311704
256.000000	-10.02911181
257.000000	-21.93227135
258.000000	5.46789368
259.000000	32.32461860
260.000000	-86.65502821
261.000000	110.17527249
262.000000	-71.28724817
263.000000	-4.43395723
264.000000	-60.02667991
265.000000	25.36239463
266.000000	-2.20939953
267.000000	125.60068594
268.000000	3.43182439
269.000000	47.22013331
270.000000	-99.49981369
271.000000	39.63711678
272.000000	-31.61522895
273.000000	15.06300890
274.000000	-29.83573871
275.000000	-56.00351911
276.000000	12.75234241
277.000000	30.07692192
278.000000	-26.90909662
279.000000	-33.75108280
280.000000	19.81600021
281.000000	-97.13025686
282.000000	-129.82194225
283.000000	61.58784090
284.000000	45.46101529
285.000000	23.12866409
286.000000	47.00271392
287.000000	-32.90753667
288.000000	38.08046670
289.000000	14.89578112
290.000000	133.36117332
291.000000	-106.94997226
292.000000	18.08728158
293.000000	86.77305437
294.000000	38.10629435
295.000000	-43.73863901
296.000000	-42.95390627
297.000000	-105.15090203
298.000000	-67.63638080
299.000000	-88.69939642
300.000000	11.78383871
301.000000	3.03013961
302.000000	-56.97198500
303.000000	-24.36169533
304.000000	-20.18081712
305.000000	43.45558929
306.000000	-25.67081142
307.000000	46.34830328
308.000000	8.93417520
309.000000	33.96450992
310.000000	23.82999003
311.000000	21.98976035
312.000000	30.79302219
313.000000	8.30819634
314.000000	-44.05045561
315.000000	48.69475149
316.000000	39.40333366
317.000000	3.02920511
318.000000	-133.09665890
319.000000	-57.39376214
320.000000	20.21688323
321.000000	29.15751434
322.000000	-80.61726793
323.000000	39.92960005
324.000000	-50.96762597
325.000000	-26.13206591
326.000000	-1.27305089
327.000000	-72.93578747
328.000000	50.35102124
329.000000	49.94283113
330.000000	-61.96398810
331.000000	-103.45735953
332.000000	-106.13682384
333.000000	-91.07538105
334.000000	22.59912684
335.000000	-37.76529173
336.000000	-34.46423234
337.000000	20.39604755
338.000000	-10.55423283
339.000000	-30.20423824
340.000000	25.96115425
341.000000	-10.04255216
342.000000	-34.23720019
343.000000	1.53619170
344.000000	35.29457439
345.000000	-21.30709655
346.000000	-42.55381935
347.000000	-58.18743799
348.000000	-82.02007186
349.000000	-29.09787930
350.000000	47.68073910
351.000000	3.00473431
352.000000	-31.67045263
353.000000	-72.62343466
354.000000	33.86828952
355.000000	106.82328569
356.000000	12.82845481
357.000000	5.06331354
358.000000	-39.81293526
359.000000	6.24203776
360.000000	115.58140544
361.000000	-9.39997547
362.000000	11.35436941
363.000000	5.73958441
364.000000	-36.03066642
365.000000	-39.38204474
366.000000	-54.21283870
367.000000	-59.03896816
368.000000	-46.78653780
369.000000	-55.89776009
370.000000	-65.68893112
371.000000	33.99796373
372.000000	38.25165132
373.000000	114.51099458
374.000000	96.25904295
375.000000	-54.28169175
376.000000	-53.17489081
377.000000	-38.93339635
378.000000	-137.32085105
379.000000	37.38333414
380.000000	-36.89494765
381.000000	-58.08526930
382.000000	20.25234862
383.000000	-18.41547170
384.000000	6.39486828
385.000000	64.86007998
386.000000	23.44655793
387.000000	35.57225341
388.000000	57.87699968
389.000000	-19.18471630
390.000000	-24.83554138
391.000000	-21.47025779
392.000000	5.22766783
393.000000	-58.59026274
394.000000	57.54063441
395.000000	10.56983465
396.000000	-20.28177467
397.000000	-19.78956768
398.000000	4.17433161
399.000000	-8.79087817
400.000000	23.15116946
401.000000	-10.96571807
402.000000	88.05458105
403.000000	-121.84062952
404.000000	41.82548784
405.000000	44.84463005
406.000000	-66.91586706
407.000000	0.44978620
408.000000	22.40506987
409.000000	-22.19642009
410.000000	-87.19954500
411.000000	7.52339192
412.000000	-27.99413105
413.000000	-85.29055417
414.000000	21.36892658
415.000000	112.55897911
416.000000	2.14991545
417.000000	-60.88280088
418.000000	-25.44966994
419.000000	-66.20489778
420.000000	8.01750875
421.000000	-13.72949875
422.000000	20.40484856
423.000000	-40.08398879
424.000000	-45.04573229
425.000000	-72.09115868
426.000000	-27.34891158
427.000000	0.10720869
428.000000	-98.64291632
429.000000	-128.67356617
430.000000	-32.50818085
431.000000	-49.48713666
432.000000	-14.61644287
433.000000	123.77741591
434.000000	-4.45790658
435.000000	-39.32215904
436.000000	-5.77884183
437.000000	-18.38876410
438.000000	59.46969076
439.000000	38.48093082
440.999000	-59.56898847
441.999000	-14.68967817
442.999000	-84.65083682
443.999000	0.74463133
444.999000	22.18438304
445.999000	13.29127670
446.999000	-21.54035372
447.999000	69.53679014
448.999000	-76.96014595
449.999000	-26.58862541
450.999000	17.13845707
451.999000	58.91392389
452.999000	47.26725564
453.999000	-53.70459108
454.999000	42.51570916
455.999000	-58.15757813
456.999000	-30.26483810
457.999000	-45.83374793
458.999000	24.02638310
459.999000	-116.73542537
460.999000	-76.19125190
461.999000	-19.64127165
462.999000	62.13148322
463.999000	39.22290281
464.999000	3.56007228
465.999000	-3.72677346
466.999000	-112.53540685
467.999000	-7.30211144
468.999000	-6.46508647
469.999000	-53.73197368
470.999000	-76.48739441
471.999000	28.76941315
472.999000	36.65801253
473.999000	6.20028449
474.999000	15.48935534
475.999000	28.08129873
476.999000	-1.21174859
477.999000	-82.25912035
478.999000	50.77193018
479.999000	80.32845631
480.999000	-5.64074258
481.999000	-24.91675740
482.999000	-20.49806236
483.999000	11.95545638
484.999000	63.82793476
485.999000	66.03958411
486.999000	3.30813397
487.999000	77.54885077
488.999000	4.98893310
489.999000	48.75957373
490.999000	-69.53810004
491.999000	11.25332857
492.999000	36.53193614
493.999000	19.47229732
494.999000	-16.94005550
495.999000	-108.04409917
496.999000	42.73019875
497.999000	57.00895429
498.999000	3.50297497
499.999000	-69.26394814
500.999000	61.85548372
501.999000	-47.38916014
502.999000	11.39085423
503.999000	-18.40741261
504.999000	-47.55245210
505.999000	75.17439798
506.999000	0.25883129
507.999000	50.68229496
508.999000	21.51832309
509.999000	79.30558465
510.999000	144.34664376
511.999000	-99.51889484
512.999000	-10.63644467
513.999000	62.72459256
514.999000	32.55030352
515.999000	49.80273043
516.999000	-40.75327713
517.999000	-10.04845086
518.999000	-57.22008320
519.999000	8.89118471
520.999000	87.67702083
521.999000	110.73063506
522.999000	-47.42761354
523.999000	5.39816768
524.999000	6.59885380
525.999000	-42.59900752
526.999000	-28.18951274
527.999000	-0.45371306
528.999000	13.53243197
529.999000	-44.78171115
530.999000	-40.74095515
531.999000	-1.35422142
532.999000	22.59938113
533.999000	-38.57376376
534.999000	39.86420625
535.999000	93.24893290
536.999000	-26.74879332
537.999000	19.05621414
538.999000	98.90784927
539.999000	7.67333865
540.999000	-94.04932347
541.999000	83.76984242
542.999000	-105.33853477
543.999000	2.80547090
544.999000	32.14944563
545.999000	198.65466556
546.999000	-1.63095784
547.999000	6.71137660
548.999000	16.43749457
549.999000	-86.73755430
550.999000	-21.04493357
551.999000	53.86428172
552.999000	42.64481908
553.999000	-53.24414903
554.999000	57.26522907
555.999000	-66.41655585
556.999000	-21.23196617
557.999000	-19.94369265
558.999000	-61.05494605
559.999000	14.10540779
560.999000	-79.02492615
561.999000	-0.33333413
562.999000	64.58922994
563.999000	65.19023920
564.999000	-20.71514892
565.999000	-46.00928788
566.999000	28.43821753
567.999000	-61.29469127
568.999000	14.40160991
569.999000	-87.18407588
570.999000	-61.91130998
571.999000	-34.00561875
572.999000	-80.89602157
573.999000	-42.33122223
574.999000	-64.30352355
575.999000	-2.44050072
576.999000	-15.29267351
577.999000	-13.49585088
578.999000	29.76917121
579.999000	-2.43174968
580.999000	-106.35151649
581.999000	-57.94919912
582.999000	33.68816133
583.999000	-36.29766098
584.999000	-10.79481042
585.999000	4.48623736
586.999000	-11.96270947
587.999000	-14.32988581
588.999000	-106.89676793
589.999000	54.38496841
590.999000	-7.84082353
591.999000	-36.76382493
592.999000	-55.05981675
593.999000	-47.87422023
594.999000	74.83237388
595.999000	-47.72109585
596.999000	5.45476231
597.999000	-123.10849034
598.999000	115.82446663
599.999000	0.90664077
600.999000	-14.58332162
601.999000	4.40746864
602.999000	88.83082433
603.999000	6.83432296
604.999000	-8.52062994
605.999000	90.51077414
606.999000	-69.01708184
607.999000	-20.93062576
608.999000	-54.76719353
609.999000	26.99479246
610.999000	33.46234660
611.999000	-19.35484893
612.999000	22.35112888
613.999000	66.03670811
614.999000	2.76694492
615.999000	73.77767473
616.999000	9.60383107
617.999000	-166.98459482
618.999000	45.76257427
619.999000	-43.46294989
620.999000	-36.70788963
621.999000	-40.62682575
622.999000	22.03724886
623.999000	36.45788331
624.999000	80.27834636
625.999000	-25.56471412
626.999000	54.79923968
627.999000	-4.26909313
628.999000	6.55530619
629.999000	57.16664216
630.999000	-59.09813084
631.999000	2.27928909
632.999000	155.10435810
633.999000	30.76981087
634.999000	12.98248938
635.999000	49.34116554
636.999000	103.25651047
637.999000	-29.40189402
638.999000	87.69389285
639.999000	8.05853160
640.999000	-41.54451107
641.999000	82.90707223
642.999000	28.60939090
643.999000	62.14865598
644.999000	9.59670870
645.999000	26.90057911
646.999000	-27.07639157
647.999000	58.50675472
648.999000	-91.72069376
649.999000	-8.59063049
650.999000	-51.11431872
651.999000	-55.56733138
652.999000	43.76831726
653.999000	65.59243048
654.999000	-43.64431795
655.999000	51.97645599
656.999000	-33.86139363
657.999000	65.46564055
658.999000	-15.37044988
659.999000	-113.84678535
660.999000	56.68620741
661.999000	-80.06468642
662.999000	19.17348382
663.999000	32.92494125
664.999000	35.82067424
665.999000	-14.24078729
666.999000	5.18558962
667.999000	-40.29809237
668.999000	-43.54171521
669.999000	-87.07513758
670.999000	36.24382923
671.999000	6.63871408
672.999000	-53.30213063
673.999000	-39.99648637
674.999000	-50.32789517
675.999000	-5.23684244
676.999000	-85.52842257
677.999000	-55.10557934
678.999000	-42.19086683
679.999000	-1.26298777
680.999000	67.17315879
681.999000	32.35303166
682.999000	70.83939381
683.999000	81.66584160
684.999000	37.62319528
685.999000	-139.58912509
686.999000	-27.01635466
687.999000	40.46850052
688.999000	18.44490124
689.999000	-117.69185725
690.999000	73.23717087
691.999000	93.16387054
692.999000	67.55363467
