# F(k,t) correlation function
# Reference time: 1808.001 ps
# lag_time_ps	F(k,t)
0.000000	494.45098491
1.000000	34.87923191
3.000000	24.29687913
5.000000	59.90580381
7.000000	69.00826044
9.000000	-48.33966048
11.000000	19.46595753
13.000000	-27.94213491
15.000000	-22.21081209
17.000000	17.95726713
19.000000	42.91459712
21.000000	-62.02855284
23.000000	-24.34789771
25.000000	-7.28383704
27.000000	145.60479455
29.000000	65.82536306
31.000000	42.80918654
33.000000	-10.46913860
35.000000	6.30846988
37.000000	73.81099006
39.000000	8.42940792
41.000000	51.47138568
42.000000	-51.76889170
43.000000	1.54428463
44.000000	44.45750290
45.000000	39.44903523
46.000000	4.19503099
47.000000	53.42866339
48.000000	30.60673228
49.000000	4.45370148
50.000000	32.28570135
51.000000	-25.37040999
52.000000	-41.64624827
53.000000	-16.43167071
54.000000	-111.26202338
55.000000	-52.69305817
56.000000	-158.34877822
57.000000	-51.18423263
58.000000	-72.37883150
59.000000	21.52177911
60.000000	8.06187434
61.000000	-51.30495968
62.000000	-59.74524029
63.000000	12.73596429
64.000000	-30.89362274
65.000000	-63.18515074
66.000000	-33.27526882
67.000000	-16.99398244
68.000000	49.18941185
69.000000	4.25583273
70.000000	-32.90243783
71.000000	48.65186617
72.000000	61.45829731
73.000000	69.57065054
74.000000	-10.08587110
75.000000	-4.82297925
76.000000	33.16513006
77.000000	13.18386173
78.000000	-48.88119370
79.000000	-19.90686964
80.000000	-10.17654398
81.000000	-37.35260402
82.000000	-47.38459126
83.000000	-27.19452803
84.000000	0.27642173
85.000000	1.41762647
86.000000	16.80743287
87.000000	7.22491662
88.000000	-15.82956927
89.000000	-47.36363331
90.000000	105.88968383
91.000000	-20.58562568
92.000000	-60.03562209
93.000000	-20.90539809
94.000000	-43.84979703
95.000000	-100.02015944
96.000000	27.01067556
97.000000	-21.38610022
98.000000	-8.43140578
99.000000	0.54127031
100.000000	-52.29419859
101.000000	-24.34325857
102.000000	-6.61014068
103.000000	21.32870314
104.000000	10.50235403
105.000000	119.24539283
106.000000	48.87456361
107.000000	47.03736134
108.000000	44.85951973
109.000000	-16.08472634
110.000000	81.26814516
111.000000	59.11003594
112.000000	-69.47577672
113.000000	-29.36463389
114.000000	-5.50625173
115.000000	15.34999897
116.000000	-5.26389491
117.000000	54.13796330
118.000000	-79.33248806
119.000000	69.15810597
120.000000	18.97765950
121.000000	55.26248002
122.000000	-28.61098878
123.000000	-133.00513121
124.000000	27.26957122
125.000000	-12.91849372
126.000000	79.63084884
127.000000	18.33135804
128.000000	-53.14029671
129.000000	13.24756971
130.000000	49.34422545
131.000000	160.81837895
132.000000	-47.66887419
133.000000	109.56853589
134.000000	41.50330098
135.000000	-31.48097826
136.000000	37.51304097
137.000000	-74.47176589
138.000000	-43.30478850
139.000000	-10.09376405
140.000000	69.83874039
141.000000	64.34937696
142.000000	51.33011754
143.000000	-1.10831818
144.000000	-5.11052919
145.000000	10.09721427
146.000000	37.78343172
147.000000	23.26424088
148.000000	24.25711219
149.000000	-20.61681355
150.000000	35.63315427
151.000000	-29.66661027
152.000000	-27.84822227
153.000000	56.26548743
154.000000	19.08690084
155.000000	-0.74674933
156.000000	101.40645173
157.000000	42.98072415
158.000000	49.24660374
159.000000	-6.06719528
160.000000	21.17372648
161.000000	-49.08083055
162.000000	5.50492725
163.000000	5.99761899
164.000000	-32.52363486
165.000000	21.41872987
166.000000	-106.80837430
167.000000	-168.23800910
168.000000	5.55832719
169.000000	25.30790427
170.000000	2.23738029
171.000000	-8.17959797
172.000000	23.40289022
173.000000	43.89417745
174.000000	18.59321756
175.000000	14.70107304
176.000000	2.36013873
177.000000	-47.85557041
178.000000	-33.72888919
179.000000	55.20056641
180.000000	-57.83643440
181.000000	44.20977698
182.000000	95.86352974
183.000000	-6.61584614
184.000000	27.46395903
185.000000	40.86395442
186.000000	7.26689293
187.000000	9.81011084
188.000000	-99.69416604
189.000000	-43.03646807
190.000000	57.40055496
191.000000	52.80331700
192.000000	-4.88099208
193.000000	16.93109642
194.000000	-6.92925947
195.000000	-7.40595692
196.000000	-78.78636850
197.000000	41.17770505
198.000000	-8.76797659
199.000000	5.25312477
200.000000	-16.70759271
201.000000	10.18076883
202.000000	31.14645551
203.000000	-21.63369755
204.000000	-35.01965615
205.000000	7.19121224
206.000000	-19.85479291
207.000000	37.10132512
208.000000	15.74753808
209.000000	31.63629250
210.000000	31.03177152
211.000000	-13.88549987
212.000000	14.00236782
213.000000	-2.42029580
214.000000	104.97378626
215.000000	-15.13233654
216.000000	74.30444692
217.000000	47.63216031
218.000000	0.50318149
219.000000	48.01919856
220.000000	82.91261519
221.000000	-36.90378440
222.000000	-85.02740208
223.000000	-14.63314982
224.000000	-2.51817523
225.000000	61.01239299
226.000000	-2.06998190
227.000000	30.87470822
228.000000	93.78919994
229.000000	7.92128473
230.000000	-16.38279540
231.000000	18.59861790
232.000000	40.38043138
233.000000	-38.04238861
234.000000	0.51577975
235.000000	-27.02454133
236.000000	4.11557650
237.000000	-14.25323630
238.000000	65.65112657
239.999000	7.65382424
240.999000	56.75791558
241.999000	122.67817131
242.999000	-11.36451643
243.999000	-4.13435244
244.999000	65.57233510
245.999000	21.42966561
246.999000	12.46702335
247.999000	-2.70480880
248.999000	79.55783399
249.999000	-37.21823998
250.999000	61.33082174
251.999000	14.99308981
252.999000	33.99816423
253.999000	16.23442717
254.999000	21.87023910
255.999000	6.26330382
256.999000	-4.48880136
257.999000	45.32966482
258.999000	-13.67537846
259.999000	59.48878482
260.999000	11.27172117
261.999000	40.13762179
262.999000	-72.35885340
263.999000	6.35057929
264.999000	24.65216578
265.999000	-33.30434644
266.999000	19.10007700
267.999000	31.90179141
268.999000	97.97663979
269.999000	32.27578326
270.999000	54.80661738
271.999000	44.40197163
272.999000	-62.74180122
273.999000	-4.35775451
274.999000	38.07179599
275.999000	8.39384513
276.999000	22.96717801
277.999000	123.61361273
278.999000	-20.09948734
279.999000	28.55588574
280.999000	-16.99023506
281.999000	15.74454657
282.999000	-111.21756641
283.999000	31.37574509
284.999000	-7.11802220
285.999000	-31.17653291
286.999000	-43.30210774
287.999000	-33.77988828
288.999000	-25.38634227
289.999000	52.24568276
290.999000	-10.66664867
291.999000	-40.56579358
292.999000	-33.59870216
293.999000	-14.49283643
294.999000	-48.02030966
295.999000	11.15106590
296.999000	-14.32709646
297.999000	-16.05021454
298.999000	43.34937150
299.999000	27.81969800
300.999000	-46.85460441
301.999000	-9.50521068
302.999000	52.31351877
303.999000	56.09671972
304.999000	88.86098096
305.999000	52.03115979
306.999000	8.82774640
307.999000	-31.42028540
308.999000	42.93797549
309.999000	-66.42202045
310.999000	-67.98748983
311.999000	-30.24638080
312.999000	-50.04396280
313.999000	67.15888253
314.999000	38.91937892
315.999000	-164.20343447
316.999000	42.39381047
317.999000	58.17280987
318.999000	4.85559140
319.999000	55.40722159
320.999000	10.93347052
321.999000	78.95219450
322.999000	-11.15215122
323.999000	25.80207737
324.999000	-0.53580065
325.999000	88.89705498
326.999000	27.09261892
327.999000	-40.85194997
328.999000	25.14420109
329.999000	-0.02648376
330.999000	79.97402175
331.999000	-28.17220568
332.999000	88.07954966
333.999000	-2.95965800
334.999000	-48.54145531
335.999000	50.94151301
336.999000	-19.87840590
337.999000	-48.73020657
338.999000	35.69720245
339.999000	-16.42105989
340.999000	95.59060717
341.999000	-39.69088150
342.999000	6.32055519
343.999000	56.66854744
344.999000	-9.55004132
345.999000	40.17939383
346.999000	92.95250553
347.999000	-37.85108599
348.999000	-13.13856714
349.999000	5.17931320
350.999000	40.69568536
351.999000	-15.03753232
352.999000	-2.73306064
353.999000	34.33960826
354.999000	-28.31534031
355.999000	23.17946240
356.999000	-45.93849116
357.999000	-22.69283154
358.999000	-30.22267042
359.999000	18.41658793
360.999000	24.72002209
361.999000	-14.70537111
362.999000	-39.76252596
363.999000	53.58240268
364.999000	-1.02582252
365.999000	-20.59666405
366.999000	93.80815357
367.999000	74.03811168
368.999000	-70.16321271
369.999000	57.26037967
370.999000	-15.21148308
371.999000	31.01511254
372.999000	20.11973684
373.999000	43.41509847
374.999000	19.30098783
375.999000	-27.03754017
376.999000	-57.26791085
377.999000	9.84551354
378.999000	-48.24222685
379.999000	-25.21643140
380.999000	-91.24379417
381.999000	10.51240327
382.999000	-14.71113800
383.999000	33.35776898
384.999000	-23.19136066
385.999000	74.99978357
386.999000	33.50007716
387.999000	37.51311521
388.999000	-6.00201736
389.999000	14.11232581
390.999000	-4.19949592
391.999000	-18.24222050
392.999000	81.33703141
393.999000	69.32904722
394.999000	45.89720400
395.999000	104.27549499
396.999000	-89.24981522
397.999000	20.40601069
398.999000	12.42267380
399.999000	51.97278997
400.999000	63.97978907
401.999000	-76.41455601
402.999000	-33.03884400
403.999000	26.27069930
404.999000	-29.14340345
405.999000	57.05733056
406.999000	15.93997771
407.999000	-46.40022815
408.999000	28.36576245
409.999000	-58.77337612
410.999000	44.05191076
411.999000	-65.80923581
412.999000	-64.78130908
413.999000	-49.34292343
414.999000	-15.95045268
415.999000	10.00822782
416.999000	18.47479718
417.999000	35.26155368
418.999000	-140.04180785
419.999000	-27.28481724
420.999000	2.21399466
421.999000	6.01664654
422.999000	63.31786955
423.999000	-4.48559792
424.999000	-116.92247874
425.999000	47.63674685
426.999000	50.93497523
427.999000	-29.64770026
428.999000	10.26618004
429.999000	66.76741169
430.999000	11.76106680
431.999000	-29.02032598
432.999000	-70.78073695
433.999000	-7.11269596
434.999000	65.16626613
435.999000	-99.51736980
436.999000	-0.95542671
437.999000	85.67587351
438.999000	114.79308785
439.999000	-25.24373264
440.999000	37.92837289
441.999000	-2.03891097
442.999000	-62.25099948
443.999000	28.85617240
444.999000	-36.08817679
445.999000	23.17034223
446.999000	12.02901459
447.999000	23.94897160
448.999000	-23.94094263
449.999000	52.80508732
450.999000	-47.80826907
451.999000	-35.92398786
452.999000	0.83075473
453.999000	37.79452213
454.999000	48.73480013
455.999000	-69.89843407
456.999000	62.55640585
457.999000	35.60079715
458.999000	-70.15912225
459.999000	-57.41602010
460.999000	33.05901167
461.999000	-23.58789741
462.999000	14.82229481
463.999000	10.08584313
464.999000	-27.41933324
465.999000	157.84344201
466.999000	-23.19990875
467.999000	-55.74200193
468.999000	-33.97729656
469.999000	26.03930133
470.999000	-42.18761419
471.999000	-12.98404377
472.999000	45.03898736
473.999000	-18.97182847
474.999000	-99.37097365
475.999000	-99.16678748
476.999000	22.21420087
477.999000	0.90785081
478.999000	-50.65839799
479.999000	-20.88316376
480.999000	72.39907674
481.999000	3.69585765
482.999000	46.06608858
483.999000	-41.90272454
484.999000	25.30654771
485.999000	0.38437887
486.999000	76.20058568
487.999000	40.42824571
488.999000	-2.96526198
489.999000	-104.94904210
490.999000	39.74014605
491.999000	-32.91435146
