# F(k,t) correlation function
# Reference time: 1205.001 ps
# lag_time_ps	F(k,t)
0.000000	648.19478983
2.000000	83.33552889
4.000000	17.62792374
6.000000	21.57463520
8.000000	74.42504410
10.000000	98.05359868
12.000000	-98.06765386
14.000000	-25.37666431
16.000000	-43.01876847
18.000000	-19.49049749
20.000000	112.40141719
22.000000	-93.60611056
24.000000	-15.57907711
26.000000	-76.18081942
28.000000	96.64789770
30.000000	-26.20323519
32.000000	-3.42366518
34.000000	37.97570467
36.000000	-82.66498037
38.000000	36.99120455
40.000000	-36.30235416
42.000000	18.09442656
44.000000	-20.80823595
46.000000	-16.31189245
48.000000	44.67534802
50.000000	138.76181807
52.000000	-85.89714100
54.000000	-8.76895325
56.000000	-36.86349262
58.000000	0.25844059
60.000000	85.42865116
62.000000	-23.93966323
64.000000	32.77590193
66.000000	-85.64002418
68.000000	-104.64983390
70.000000	-54.53879378
72.000000	36.31750306
74.000000	-0.58510057
76.000000	-22.18358158
78.000000	-36.42453844
80.000000	-68.11702516
82.000000	25.61197946
84.000000	26.56448684
86.000000	-25.51566694
88.000000	40.26142040
90.000000	6.38815110
92.000000	-96.52322260
94.000000	-18.45113965
96.000000	67.29154029
98.000000	-19.95889534
100.000000	29.49807532
102.000000	-0.85931273
104.000000	0.97377479
106.000000	-55.68760824
108.000000	-3.34658123
110.000000	-38.51838808
112.000000	11.77529366
114.000000	-108.51872393
116.000000	34.19102642
118.000000	-120.12843378
120.000000	-27.01347866
122.000000	-182.93275376
124.000000	44.32983541
126.000000	9.99578541
128.000000	11.86766034
130.000000	124.49335583
132.000000	66.70847604
134.000000	47.55725455
136.000000	35.58454558
138.000000	-79.14433658
140.000000	49.60991305
142.000000	-68.17090120
144.000000	16.58185748
146.000000	-135.07735721
148.000000	-32.89227855
150.000000	51.42384022
152.000000	22.40513469
154.000000	23.72481164
156.000000	23.58239263
158.000000	-31.94321841
160.000000	12.67398088
162.000000	-200.14091273
164.000000	-77.31796872
166.000000	144.74773201
168.000000	34.25782577
170.000000	-35.93983435
172.000000	-11.36824599
174.000000	37.45294533
176.000000	-35.80131269
178.000000	-37.81503318
180.000000	13.90775587
182.000000	177.19418791
184.000000	-24.32299099
186.000000	88.07014931
188.000000	75.61214448
190.000000	110.36774247
192.000000	-16.40488223
194.000000	52.88630808
196.000000	4.33531581
198.000000	16.27959681
200.000000	-3.53644264
202.000000	43.83901620
204.000000	72.37166909
206.000000	-7.55327125
208.000000	-5.30910867
210.000000	16.27908863
212.000000	-10.12784139
214.000000	4.87893403
216.000000	62.41545197
218.000000	8.27619679
220.000000	-2.09710120
222.000000	53.43631222
224.000000	-70.28294852
226.000000	76.43408077
228.000000	8.81890751
230.000000	35.52799256
232.000000	-93.06163680
234.000000	38.04027831
236.000000	-19.63449718
238.000000	-59.79590556
240.000000	64.90163674
242.000000	63.80954030
244.000000	-116.71556737
246.000000	-59.16389426
248.000000	5.85385537
250.000000	116.99236845
252.000000	-32.75521086
254.000000	80.39784346
256.000000	-7.21725437
258.000000	69.65244091
260.000000	-60.76642331
262.000000	32.41883855
264.000000	-55.13003361
266.000000	-43.48035703
268.000000	39.42876444
270.000000	116.83817032
272.000000	-14.67053017
274.000000	18.72993814
276.000000	-104.88439568
278.000000	-27.74460789
280.000000	58.54334719
282.000000	5.08366469
284.000000	-3.89808231
286.000000	-40.80876739
288.000000	20.34313592
290.000000	63.47163076
292.000000	77.51084643
294.000000	86.49252595
296.000000	28.40774210
298.000000	-22.82317303
300.000000	-37.69474946
302.000000	-160.44093251
304.000000	26.72156744
306.000000	-47.65813560
308.000000	43.44766865
310.000000	-53.57605433
312.000000	-32.92452786
314.000000	28.63161813
316.000000	-15.39668749
318.000000	95.93479367
320.000000	-19.80965571
322.000000	-41.09011738
324.000000	-29.66002164
326.000000	-29.78044128
328.000000	20.63052928
330.000000	-21.51132402
332.000000	36.91605863
334.000000	-57.93355195
336.000000	-2.37884943
338.000000	37.37780607
340.000000	61.09158382
342.000000	71.76991457
344.000000	-16.77647534
346.000000	37.49973018
348.000000	19.21291610
350.000000	-38.73102235
352.000000	12.50159452
354.000000	102.18101588
356.000000	-7.84422304
358.000000	-51.78290087
360.000000	14.26663229
362.000000	12.87014174
364.000000	-70.22508669
366.000000	41.65217669
368.000000	64.13650346
370.000000	21.01848990
372.000000	-49.20127035
374.000000	31.60189995
376.000000	-21.90070460
378.000000	73.28057131
380.000000	-47.27277800
382.000000	47.89324522
384.000000	46.75265368
386.000000	-29.11204740
388.000000	42.69709365
390.000000	99.07344852
392.000000	112.45475318
394.000000	52.39879601
396.000000	-87.62868691
398.000000	-11.36533048
400.000000	38.35252403
402.000000	-20.20464038
404.000000	-58.32382067
406.000000	-45.13025573
408.000000	33.34063341
410.000000	13.43098297
412.000000	122.68048309
414.000000	6.11561864
416.000000	-2.82551772
418.000000	24.02040094
420.000000	-29.05569987
422.000000	14.41985745
424.000000	-9.74500913
426.000000	-164.41240308
428.000000	11.98878443
430.000000	-93.87182004
432.000000	-28.69829622
434.000000	-64.92952470
436.000000	-42.78529430
438.000000	68.11207787
440.000000	-8.56990488
442.000000	37.95069578
444.000000	5.49870747
446.000000	-56.97041749
448.000000	-62.29958747
450.000000	-25.41611277
452.000000	24.66380473
454.000000	26.59218046
456.000000	27.84241440
458.000000	-2.80645213
460.000000	37.63894148
462.000000	18.38118000
464.000000	-69.09579154
466.000000	-36.45199897
468.000000	-8.27172063
470.000000	31.14760067
472.000000	12.44099509
474.000000	1.88531574
476.000000	-46.99151599
478.000000	1.69221106
480.000000	-104.23791503
482.000000	-121.00402266
484.000000	26.66825694
486.000000	110.63503282
488.000000	13.33530326
490.000000	-92.16116926
492.000000	26.27336886
494.000000	-16.37574146
496.000000	-15.30204459
498.000000	-76.85340923
500.000000	-1.38360733
502.000000	-60.38538492
504.000000	6.28635910
506.000000	-73.76522317
508.000000	60.96986580
510.000000	-14.29612719
512.000000	10.61944990
514.000000	61.21680672
516.000000	-74.72942379
518.000000	9.59262515
520.000000	56.88168752
522.000000	-59.51453372
524.000000	-72.68869220
526.000000	-42.16275185
528.000000	27.74883914
530.000000	-56.19282115
532.000000	118.23466985
534.000000	58.98578639
536.000000	-60.07179802
538.000000	50.25451887
540.000000	-108.32356283
542.000000	-12.25047364
544.000000	64.96108112
546.000000	10.95713905
548.000000	-32.19480931
550.000000	-21.71159270
552.000000	9.84766932
554.000000	57.23560561
556.000000	-45.23600030
558.000000	-64.04839129
560.000000	108.45163513
562.000000	131.54817327
564.000000	106.21148791
566.000000	-11.99279772
568.000000	-52.16497019
570.000000	-33.87550954
572.000000	28.23566884
574.000000	41.69818804
576.000000	-31.40887495
578.000000	5.24285417
580.000000	28.98631702
582.000000	34.03879537
584.000000	-16.77417151
586.000000	29.20900923
588.000000	-42.42857928
590.000000	16.58853262
592.000000	26.40001844
594.000000	144.42817658
596.000000	-29.00672282
598.000000	-41.46152311
600.000000	-62.49009115
602.000000	-5.31605336
604.000000	-84.90422121
606.000000	0.86365528
608.000000	-33.32607135
610.000000	19.81816628
612.000000	-18.84580780
614.000000	-1.15900222
616.000000	-24.46680389
618.000000	-36.56826463
620.000000	33.31589655
622.000000	-55.57059506
624.000000	70.07967097
626.000000	-18.71596355
628.000000	-126.16600171
630.000000	-61.32200402
632.000000	-73.51738242
634.000000	23.86294236
636.000000	-45.83223350
638.000000	-8.32831460
640.000000	-14.91525705
642.000000	-50.75413388
644.000000	93.30786342
645.000000	-23.80463409
646.000000	-0.70328829
647.000000	59.20143202
648.000000	28.89912545
649.000000	-20.02371859
650.000000	-54.49805992
651.000000	-38.81965441
652.000000	28.61011130
653.000000	45.69398195
654.000000	-65.00067099
655.000000	85.31942532
656.000000	40.26601386
657.000000	-41.47542679
658.000000	104.94943148
659.000000	65.37762240
660.000000	-115.25844635
661.000000	6.62543298
662.000000	-39.22433936
663.000000	-83.87436419
664.000000	-26.58428578
665.000000	-7.53469140
666.000000	4.25552030
667.000000	52.90292446
668.000000	46.13110646
669.000000	-27.84051884
670.000000	-29.95149813
671.000000	39.34141527
672.000000	107.04267139
673.000000	74.29930500
674.000000	35.99216810
675.000000	-0.45337666
676.000000	-140.40039148
677.000000	-49.99386173
678.000000	78.13578858
679.000000	106.90910678
680.000000	137.96437199
681.000000	-15.53930318
682.000000	23.65095206
683.000000	-98.80380059
684.000000	-26.15874213
685.000000	-26.79235017
686.000000	5.99628078
687.000000	-112.68528564
688.000000	-94.83627623
689.000000	-10.12602612
690.000000	-15.94987762
691.000000	189.15715782
692.000000	40.21262422
693.000000	78.33748833
694.000000	26.58116854
695.000000	66.76262455
696.000000	65.80767219
697.000000	31.67200927
698.000000	-73.75959686
699.000000	-58.41523544
700.000000	150.10093816
701.000000	64.63139392
702.000000	-3.45494841
703.000000	-39.04832207
704.000000	24.86177107
705.000000	30.32988426
706.000000	-19.09524370
707.000000	-15.01757713
708.000000	4.95133859
709.000000	17.90145890
710.000000	82.17762665
711.000000	5.79319814
712.000000	25.62181008
713.000000	14.69362283
714.000000	-73.47873124
715.000000	-48.71568557
716.000000	89.71028764
717.000000	6.23210554
718.000000	-41.73096873
719.000000	-12.09420930
720.000000	62.91579466
721.000000	3.19301004
722.000000	22.69330842
723.000000	29.19833351
724.000000	-125.78949273
725.000000	76.01606397
726.000000	-71.88226880
727.000000	64.30222664
728.000000	115.93603316
729.000000	76.85563467
730.000000	-97.29098201
731.000000	-53.02273807
732.000000	-73.62493277
733.000000	-59.45862772
734.000000	83.67431281
735.000000	27.42812692
736.000000	-55.51022693
737.000000	-12.70654740
738.000000	3.61287765
739.000000	-63.64839085
740.000000	12.87057988
741.000000	-56.21474133
742.000000	7.58672860
743.000000	-107.92050974
744.000000	74.84002310
745.000000	3.92741619
746.000000	25.61121345
747.000000	-42.07135754
748.000000	62.25746421
749.000000	50.59174000
750.000000	44.32944186
751.000000	-47.65655160
752.000000	127.87091243
753.000000	44.56998931
754.000000	5.00717084
755.000000	97.18725534
756.000000	54.30018002
757.000000	-66.15547571
758.000000	-10.40157962
759.000000	34.59373069
760.000000	-74.47299850
761.000000	48.96647885
762.000000	1.52800989
763.000000	47.71965053
764.000000	-13.90317041
765.000000	19.90608110
766.000000	-47.20190878
767.000000	-85.75445117
768.000000	0.77991928
769.000000	6.09572146
770.000000	-13.42765705
771.000000	78.38303840
772.000000	14.50282360
773.000000	-26.70257229
774.000000	19.53128357
775.000000	-53.22251535
776.000000	-73.74772219
777.000000	-177.97415914
778.000000	28.58451969
779.000000	75.49304867
780.000000	-136.85618396
781.000000	3.15197269
782.000000	-49.15336172
783.000000	18.82310135
784.000000	100.15514265
785.000000	20.78797792
786.000000	79.35770975
787.000000	-8.16306162
788.000000	45.20972337
789.000000	17.77734642
790.000000	25.27351691
791.000000	158.70022193
792.000000	-33.06409521
793.000000	20.25465500
794.000000	-105.19775384
795.000000	-111.55778511
796.000000	80.71605516
797.000000	140.34678911
798.000000	-9.48835673
799.000000	62.40213232
800.000000	-11.28804620
801.000000	-14.57181394
802.000000	-71.19180449
803.000000	-70.12001610
804.000000	88.86815027
805.000000	-45.69593834
806.000000	81.55803999
807.000000	28.71458231
808.000000	-29.80206340
809.000000	-10.22321277
810.000000	-21.71678711
811.000000	46.02525100
812.000000	-104.60359123
813.000000	47.72598025
814.000000	81.63160067
815.000000	-26.87187425
816.000000	-27.07188985
817.000000	-54.68435330
818.000000	39.00060453
819.000000	27.53319385
820.000000	-24.18884716
821.000000	-80.98767198
822.000000	-23.87259939
823.000000	-22.01668865
824.000000	49.49198267
825.000000	-29.09313900
826.000000	50.50775042
827.000000	41.83823961
828.000000	14.84159717
829.000000	-1.99262451
830.000000	-22.49968655
831.000000	77.29414589
832.000000	67.50197556
833.000000	-40.56084455
834.000000	2.87608132
835.000000	-44.47535188
836.000000	68.33831989
837.000000	80.29783933
838.000000	9.17279414
839.000000	61.94176711
840.000000	-33.21154554
841.000000	2.07606927
842.999000	1.63206572
843.999000	43.71203464
844.999000	78.98318546
845.999000	28.74639852
846.999000	-122.09836310
847.999000	27.89372107
848.999000	66.49479950
849.999000	80.13970681
850.999000	43.20542271
851.999000	69.09626249
852.999000	48.82069943
853.999000	-23.56463681
854.999000	17.08344041
855.999000	-17.30231584
856.999000	-27.60572126
857.999000	5.46816552
858.999000	-20.35249758
859.999000	-70.39802286
860.999000	-3.74154068
861.999000	25.01668601
862.999000	-180.00303728
863.999000	65.87550005
864.999000	6.72563196
865.999000	-71.25345009
866.999000	84.84846978
867.999000	23.29049773
868.999000	-23.68730877
869.999000	41.26649381
870.999000	-20.38766469
871.999000	-13.89541879
872.999000	25.80297331
873.999000	-59.75295907
874.999000	-46.79540318
875.999000	36.55849584
876.999000	53.81998231
877.999000	-39.35490215
878.999000	2.34544590
879.999000	-42.02520230
880.999000	-81.84668982
881.999000	-59.95956026
882.999000	16.89369541
883.999000	21.96572315
884.999000	1.51543134
885.999000	-33.75472972
886.999000	30.57027895
887.999000	-48.67097829
888.999000	15.90678445
889.999000	-6.27825250
890.999000	78.88871572
891.999000	-7.56035640
892.999000	54.29709052
893.999000	22.92143623
894.999000	2.96423369
895.999000	-62.87242790
896.999000	-34.61535997
897.999000	40.29439576
898.999000	111.33010762
899.999000	86.62872614
900.999000	-87.05093367
901.999000	-106.92088092
902.999000	18.64299559
903.999000	-41.41630347
904.999000	-23.48684157
905.999000	49.17229137
906.999000	92.23020639
907.999000	-60.64300668
908.999000	54.11341166
909.999000	-54.61751549
910.999000	7.30631631
911.999000	25.45790258
912.999000	-16.42653832
913.999000	-69.68713187
914.999000	-14.98967266
915.999000	-42.49309996
916.999000	-16.86663085
917.999000	-21.62285610
918.999000	-55.78832313
919.999000	69.34248221
920.999000	-56.95463086
921.999000	3.82875259
922.999000	45.17782166
923.999000	39.97100913
924.999000	17.35447547
925.999000	38.91712905
926.999000	-114.33594934
927.999000	-68.48967326
928.999000	-33.08959030
929.999000	-65.47392555
930.999000	-50.64279058
931.999000	-115.74791736
932.999000	21.38880587
933.999000	-27.28737516
934.999000	106.01949225
935.999000	29.38636621
936.999000	-2.03976964
937.999000	108.62671398
938.999000	-46.56180313
939.999000	-157.11976894
940.999000	-70.31912452
941.999000	19.65732804
942.999000	-27.79353672
943.999000	-114.36512269
944.999000	35.19456410
945.999000	-48.96629893
946.999000	38.67305034
947.999000	-2.19924960
948.999000	-135.12825038
949.999000	-94.74570933
950.999000	-77.74500388
951.999000	55.34889177
952.999000	-21.30900916
953.999000	-37.95974137
954.999000	58.30274529
955.999000	-1.50750721
956.999000	55.41778618
957.999000	47.40856819
958.999000	-20.20964763
959.999000	-59.98566698
960.999000	110.95889784
961.999000	-51.63441924
962.999000	20.11290892
963.999000	112.36124894
964.999000	-31.20747539
965.999000	-56.00315849
966.999000	-61.02247551
967.999000	-44.10302134
968.999000	-29.83767893
969.999000	138.04418456
970.999000	1.98669929
971.999000	-97.76974593
972.999000	144.65970966
973.999000	-33.85924784
974.999000	-17.86180955
975.999000	51.84394981
976.999000	-83.43820431
977.999000	25.04223732
978.999000	-44.73426473
979.999000	114.25969124
980.999000	73.97686202
981.999000	18.43858866
982.999000	-9.99607289
983.999000	-44.00228914
984.999000	-26.95110288
985.999000	-8.46261383
986.999000	-124.06357609
987.999000	-34.90036152
988.999000	74.59192893
989.999000	-38.33011189
990.999000	-20.97414560
991.999000	133.74891618
992.999000	-0.14606109
993.999000	19.76882835
994.999000	-43.10541792
995.999000	-29.88463367
996.999000	-12.24691214
997.999000	-36.50153330
998.999000	10.15461463
999.999000	-81.34779929
1000.999000	84.75831692
1001.999000	20.42824059
1002.999000	51.12855661
1003.999000	11.39597918
1004.999000	29.26232320
1005.999000	-8.70978284
1006.999000	39.43022592
1007.999000	-14.49983966
1008.999000	67.18097024
1009.999000	41.33206228
1010.999000	-27.20317896
1011.999000	-43.95281731
1012.999000	-50.47811346
1013.999000	33.71731314
1014.999000	68.42510024
1015.999000	46.45917058
1016.999000	-14.37224417
1017.999000	79.80142725
1018.999000	92.52714588
1019.999000	38.15590499
1020.999000	2.96506787
1021.999000	56.77716761
1022.999000	57.07508312
1023.999000	-0.75584253
1024.999000	-50.23469984
1025.999000	-73.38353287
1026.999000	-7.89258860
1027.999000	29.30115347
1028.999000	-15.48946427
1029.999000	32.92663776
1030.999000	25.61021117
1031.999000	129.44646834
1032.999000	91.99563845
1033.999000	-42.36678620
1034.999000	-17.40653356
1035.999000	36.05486528
1036.999000	25.88429388
1037.999000	32.50315435
1038.999000	18.71258474
1039.999000	15.62078287
1040.999000	32.76082073
1041.999000	-104.98916704
1042.999000	34.98310931
1043.999000	134.63062875
1044.999000	44.51586002
1045.999000	-136.72192754
1046.999000	67.55758535
1047.999000	67.42607506
1048.999000	55.99508296
1049.999000	-90.35905529
1050.999000	61.00861343
1051.999000	92.89227974
1052.999000	-55.01345984
1053.999000	-42.82163382
1054.999000	-44.26824298
1055.999000	-13.58155934
1056.999000	28.64055791
1057.999000	-70.58008604
1058.999000	15.50146831
1059.999000	-107.05395271
1060.999000	-62.04142897
1061.999000	1.47421014
1062.999000	-29.88466946
1063.999000	29.20431871
1064.999000	55.90830099
1065.999000	-79.32839568
1066.999000	26.10525259
1067.999000	34.13833053
1068.999000	23.21155057
1069.999000	72.61076085
1070.999000	-66.61385265
1071.999000	-30.84571499
1072.999000	93.75930035
1073.999000	-13.99524957
1074.999000	12.92546041
1075.999000	-23.69605637
1076.999000	-90.41969370
1077.999000	21.34785469
1078.999000	-78.18390678
1079.999000	-32.11278535
1080.999000	-24.62639507
1081.999000	4.84065681
1082.999000	101.30484330
1083.999000	-3.42386310
1084.999000	-15.65263641
1085.999000	-53.01532105
1086.999000	34.41581234
1087.999000	-69.41048958
1088.999000	-0.72158371
1089.999000	87.54001410
1090.999000	22.69820020
1091.999000	-42.06331712
1092.999000	-28.27565086
1093.999000	26.79456628
1094.999000	102.12566348
