# F(k,t) correlation function
# Reference time: 200.001 ps
# lag_time_ps	F(k,t)
0.000000	580.20989073
1.000000	-38.36844569
3.000000	-4.42815177
5.000000	44.31391610
7.000000	87.79887103
9.000000	64.20672315
11.000000	-26.30872935
13.000000	9.00900133
15.000000	105.38462200
17.000000	19.96848644
19.000000	51.16587832
21.000000	36.86576142
23.000000	-37.78572873
25.000000	-12.11898278
27.000000	-1.25342302
29.000000	160.90910613
31.000000	26.17912465
33.000000	31.34188128
35.000000	-60.67022138
37.000000	53.21161740
39.000000	100.10228704
41.000000	25.77253870
43.000000	23.33172079
45.000000	61.23473591
47.000000	5.38111285
49.000000	-57.02832649
51.000000	92.07980753
53.000000	96.33969146
55.000000	5.29061961
57.000000	-71.04573038
59.000000	-18.16287803
61.000000	34.65367994
63.000000	-6.88127281
65.000000	-7.60704210
67.000000	-27.88023387
69.000000	-67.77022962
71.000000	-57.57703199
73.000000	-9.49176653
75.000000	52.56399718
77.000000	-15.22023258
79.000000	-25.19904587
81.000000	-32.80686814
83.000000	-53.73824067
85.000000	-16.46967140
87.000000	87.40139732
89.000000	-87.26560992
91.000000	-52.35975606
93.000000	28.31215481
95.000000	-29.64216531
97.000000	32.82259286
99.000000	52.03829389
101.000000	-5.06229327
103.000000	-11.99659725
105.000000	35.67948898
107.000000	-17.84013493
109.000000	8.95594894
111.000000	-30.27076868
113.000000	74.82196168
115.000000	-36.56362033
117.000000	-35.57735484
119.000000	143.76911660
121.000000	-19.63623430
123.000000	-44.16596679
125.000000	87.51958611
127.000000	-10.98453330
129.000000	-30.34988246
131.000000	-13.40561328
133.000000	39.23375494
135.000000	-78.59156954
137.000000	-163.28796306
139.000000	-53.97655180
141.000000	14.44760579
143.000000	50.44802211
145.000000	32.61797193
147.000000	-77.01050074
149.000000	-77.57076063
151.000000	73.38731541
153.000000	-39.17883993
155.000000	-73.06765488
157.000000	-54.24139858
159.000000	-93.70492620
161.000000	-49.66354376
163.000000	-1.65545488
165.000000	-41.11443487
167.000000	76.23437623
169.000000	95.76981937
171.000000	-38.05233964
173.000000	-77.46981992
175.000000	-97.19158269
177.000000	-84.50150155
179.000000	49.90055602
181.000000	-65.01118205
183.000000	79.80398301
185.000000	49.63138495
187.000000	24.40076269
189.000000	45.84013619
191.000000	105.68874014
193.000000	-40.94858554
195.000000	39.68043397
197.000000	56.56809791
199.000000	-11.76564206
201.000000	78.64833115
203.000000	-51.53184047
205.000000	25.83447980
207.000000	-5.80466452
209.000000	-39.31952625
211.000000	35.25853449
213.000000	114.64829579
215.000000	25.19991675
217.000000	-32.69513034
219.000000	-64.29268738
221.000000	51.82506546
223.000000	-68.20956636
225.000000	-0.75114980
227.000000	-23.80153679
229.000000	-7.69193983
231.000000	-86.62823837
233.000000	-68.51944780
235.000000	-74.57361472
237.000000	-22.80650520
239.000000	-29.85238136
241.000000	105.27915380
243.000000	-2.01325142
245.000000	-102.03505682
247.000000	28.12074579
249.000000	-3.53792645
251.000000	-117.25441963
253.000000	-67.44651042
255.000000	46.23530423
257.000000	107.45109586
259.000000	-4.42445524
261.000000	-24.82358686
263.000000	62.52308188
265.000000	39.40923130
267.000000	-1.23967111
269.000000	-86.62962704
271.000000	-37.54549572
273.000000	44.71210293
275.000000	93.49414458
277.000000	25.61126779
279.000000	57.18868746
281.000000	1.42557271
283.000000	18.09250855
285.000000	-4.19272456
287.000000	48.14029651
289.000000	-75.53784514
291.000000	-38.56000249
293.000000	-39.25414057
295.000000	-91.70631045
297.000000	-33.12940826
299.000000	48.94151219
301.000000	9.88523210
303.000000	69.46623223
305.000000	13.33188384
307.000000	29.42484122
309.000000	-40.26763994
311.000000	25.07697514
313.000000	-54.68064658
315.000000	12.46636788
317.000000	38.75251625
319.000000	58.67188112
321.000000	29.49569828
323.000000	-32.78380177
325.000000	-65.29684026
327.000000	18.94836073
329.000000	-23.82034776
331.000000	63.59618199
333.000000	-3.90897316
335.000000	6.53523606
337.000000	85.60889157
339.000000	-3.01390717
341.000000	38.56686998
343.000000	88.19281501
345.000000	28.37883809
347.000000	27.64560656
349.000000	-30.47426962
351.000000	-27.48700113
353.000000	-26.10399463
355.000000	136.86436992
357.000000	77.28179183
359.000000	135.52329464
361.000000	24.02811113
363.000000	-25.38940101
365.000000	-73.28228774
367.000000	36.38961311
369.000000	-81.01533747
371.000000	-37.65093916
373.000000	-57.23723582
375.000000	-45.01518319
377.000000	-28.60650864
379.000000	41.61810821
381.000000	63.36568812
383.000000	-119.12304985
385.000000	92.02392303
387.000000	-60.26651586
389.000000	22.48142406
391.000000	55.53606954
393.000000	-48.62543698
395.000000	-70.02300227
397.000000	-53.35231142
399.000000	-1.70323326
401.000000	-7.72011475
403.000000	-43.19624329
405.000000	75.32768288
407.000000	28.89910225
409.000000	86.77468388
411.000000	-66.08064222
413.000000	-40.53588326
415.000000	57.84287261
417.000000	75.98370631
419.000000	-133.55136228
421.000000	30.40059973
423.000000	0.53226080
425.000000	-69.42564727
427.000000	49.03218704
429.000000	-33.31530125
431.000000	54.25454392
433.000000	-40.00489553
435.000000	58.89702410
437.000000	79.45758074
439.000000	46.53790506
441.000000	77.44560023
443.000000	81.08881732
445.000000	-3.34291381
447.000000	-40.32894494
449.000000	26.75818653
451.000000	22.02901470
453.000000	84.09180806
455.000000	78.91961342
457.000000	-6.65002685
459.000000	-4.92436097
461.000000	-61.77868832
463.000000	92.53949677
465.000000	-3.26257271
467.000000	-85.87992234
469.000000	-55.66796664
471.000000	-24.62524759
473.000000	33.40694627
475.000000	0.43457963
477.000000	-15.44574011
479.000000	-47.01314674
481.000000	-18.38711314
483.000000	-6.51019482
485.000000	95.21416504
487.000000	-71.36191699
489.000000	68.16531222
491.000000	-43.79535755
493.000000	-80.24957764
495.000000	-13.49650011
497.000000	103.49447032
499.000000	-3.65010316
501.000000	54.65113894
503.000000	-21.06547761
505.000000	29.83323091
507.000000	21.58238557
509.000000	16.36960482
511.000000	-17.66225150
513.000000	130.27468450
515.000000	-75.33485420
517.000000	27.25790462
519.000000	12.80516686
521.000000	-38.41038669
523.000000	2.16292384
525.000000	16.02305704
527.000000	-11.04389426
529.000000	-31.43229300
531.000000	-77.38418199
533.000000	-26.25740848
535.000000	70.26661480
537.000000	-13.31134539
539.000000	85.57061206
541.000000	86.21342114
543.000000	106.57653846
545.000000	53.81834553
547.000000	35.63510474
549.000000	2.09011595
551.000000	10.51324021
553.000000	23.86550120
555.000000	25.90683336
557.000000	98.45968976
559.000000	12.62021722
561.000000	71.18207003
563.000000	7.40527348
565.000000	45.47692020
567.000000	-22.66199056
569.000000	56.88841300
571.000000	-4.76283090
573.000000	-34.60428888
575.000000	35.13916928
577.000000	3.44782333
579.000000	43.58609655
581.000000	2.31200317
583.000000	-48.93662460
585.000000	34.58465068
587.000000	-74.37949991
589.000000	-47.04749401
591.000000	42.35576949
593.000000	15.12351127
595.000000	-44.54024368
597.000000	7.35521496
599.000000	14.03632374
601.000000	-61.47956673
603.000000	30.50093564
605.000000	53.13795016
607.000000	50.42748404
609.000000	-106.88799717
611.000000	33.73808114
613.000000	0.83618355
615.000000	79.10545110
617.000000	53.40897233
619.000000	48.67944237
621.000000	71.51459936
623.000000	-94.26334745
625.000000	-53.26906148
627.000000	26.00976417
629.000000	-56.24776206
631.000000	-72.38997947
633.000000	24.63253109
635.000000	38.47057377
637.000000	48.89820667
639.000000	-76.43958320
641.000000	-14.29064890
643.000000	-48.37041903
645.000000	-75.43515609
647.000000	-14.72152177
649.000000	-49.23565367
651.000000	4.15731512
653.000000	39.06286951
655.000000	32.85089876
657.000000	-64.97895019
659.000000	-0.50837203
661.000000	-8.78441875
663.000000	-56.41670132
665.000000	93.69218991
667.000000	-33.80950852
669.000000	-69.47593369
671.000000	-26.71293358
673.000000	100.17764796
675.000000	5.72513418
677.000000	85.26883025
679.000000	-36.09954606
681.000000	-114.66225093
683.000000	-16.27796798
685.000000	-40.68804707
687.000000	-66.13911970
689.000000	-20.39396428
691.000000	-74.33276714
693.000000	4.07790787
695.000000	-24.57044562
697.000000	94.67693500
699.000000	99.42804400
701.000000	-16.94739490
703.000000	27.03588661
705.000000	0.38094782
707.000000	-45.72363341
709.000000	19.13624706
711.000000	-62.37088229
713.000000	3.78402368
715.000000	14.04729792
717.000000	-43.91563778
719.000000	-8.26276329
721.000000	-64.36687872
723.000000	1.74889189
725.000000	45.24841645
727.000000	68.15590876
729.000000	22.10574253
731.000000	75.41192087
733.000000	-15.28721688
735.000000	14.31235714
737.000000	88.25681572
739.000000	13.46726056
741.000000	18.12009893
743.000000	-1.88869572
745.000000	87.68324896
747.000000	-67.64504583
749.000000	-46.37304987
751.000000	-51.03900264
753.000000	-33.74123389
755.000000	71.06349134
757.000000	-11.62589432
759.000000	-48.62144006
761.000000	-62.37073909
763.000000	-56.30183329
765.000000	96.89534996
767.000000	-0.79087528
769.000000	19.96855266
771.000000	-37.34590716
773.000000	-31.81957714
775.000000	1.89558469
777.000000	-96.78740106
779.000000	-50.30027431
781.000000	72.49239371
783.000000	-85.50105927
785.000000	91.04642608
787.000000	23.96944893
789.000000	-60.46934194
791.000000	-23.02112719
793.000000	-48.44748395
795.000000	-22.81672970
797.000000	-10.58193976
799.000000	25.08549792
801.000000	-49.68331838
803.000000	-37.94176463
805.000000	84.95126273
807.000000	32.75802245
809.000000	-56.73083306
811.000000	72.48394411
813.000000	-0.65552523
815.000000	31.62660221
817.000000	-41.15612124
819.000000	-34.91498987
821.000000	-8.48472190
823.000000	51.03407494
825.000000	88.68368761
827.000000	-57.26967343
829.000000	-51.74286224
831.000000	42.49533992
833.000000	-56.85639950
835.000000	-69.80155918
837.000000	-21.60377162
839.000000	146.57789277
841.000000	87.04429262
843.000000	58.00626712
845.000000	29.51242468
847.000000	43.41734136
849.000000	11.90494237
851.000000	-10.78217819
853.000000	-26.27575211
855.000000	23.43973936
857.000000	-53.81586019
859.000000	-67.65981161
861.000000	12.28318636
863.000000	69.47776625
865.000000	35.11993954
867.000000	-3.62386578
869.000000	-61.42923837
871.000000	-76.21618890
873.000000	-44.82141636
875.000000	24.55977918
877.000000	-16.78070392
879.000000	75.21268399
881.000000	-34.51736195
883.000000	-15.00864587
885.000000	-105.37649714
887.000000	15.01096145
889.000000	1.81724124
891.000000	80.48291772
893.000000	-71.02921554
895.000000	-111.63301238
897.000000	30.32270757
899.000000	21.90594126
901.000000	-71.19319933
903.000000	12.45884037
905.000000	-51.15783000
907.000000	19.28026629
909.000000	109.70186595
911.000000	-85.06805759
913.000000	59.02107598
915.000000	50.40854152
917.000000	49.59155869
919.000000	107.53246495
921.000000	41.23032388
923.000000	8.59768075
925.000000	34.64521100
927.000000	-51.15099482
929.000000	109.50899646
931.000000	-78.61607137
933.000000	-31.50040939
935.000000	-118.11433291
937.000000	-14.21279276
939.000000	-13.99263049
941.000000	11.56543956
943.000000	-61.74959828
945.000000	-21.89342143
947.000000	-16.25364563
949.000000	-60.91958832
951.000000	130.27830727
953.000000	48.33763342
955.000000	30.50659343
957.000000	3.06035840
959.000000	0.97794268
961.000000	67.05804426
963.000000	-40.42185007
965.000000	-3.11292281
967.000000	-80.99868090
969.000000	-17.57462746
971.000000	121.05159792
973.000000	61.64586174
975.000000	9.79359220
977.000000	29.75501768
979.000000	36.44567682
981.000000	36.37377712
983.000000	3.09981349
985.000000	29.61296227
987.000000	-15.18099586
989.000000	-3.29105489
991.000000	92.83039197
993.000000	-101.36047953
995.000000	-58.24461305
997.000000	-50.32768154
999.000000	121.46290072
1001.000000	-33.95722280
1003.000000	83.08029035
1005.000000	103.50087354
1007.000000	-46.86403294
1009.000000	84.20695543
1011.000000	-70.75930091
1013.000000	-41.88696982
1015.000000	-89.36788593
1017.000000	58.21411574
1019.000000	-80.49845197
1021.000000	24.69584847
1023.000000	11.41698567
1025.000000	-27.98212686
1027.000000	31.21762809
1029.000000	63.06237940
1031.000000	-23.72971304
1033.000000	16.24501631
1035.000000	-88.63905444
1037.000000	110.83327400
1039.000000	-61.33032854
1041.000000	27.01815362
1043.000000	-17.90318356
1045.000000	22.82734345
1047.000000	87.06712812
1049.000000	-31.16302539
1051.000000	65.05146589
1053.000000	-29.47074692
1055.000000	62.37334827
1057.000000	-37.43375589
1059.000000	-28.29333308
1061.000000	1.06626305
1063.000000	-30.38652355
1065.000000	75.63369633
1067.000000	-79.59097537
1069.000000	14.47836231
1071.000000	-3.54631466
1073.000000	68.36008992
1075.000000	-9.86973833
1077.000000	-31.77803359
1079.000000	20.08275334
1081.000000	48.64711497
1083.000000	10.48485918
1085.000000	39.56465385
1087.000000	16.34679555
1089.000000	6.74420434
1091.000000	-45.22317673
1093.000000	-37.64876561
1095.000000	-27.28635051
1097.000000	-103.93739905
1099.000000	36.40123863
1101.000000	-7.53805275
1103.000000	12.85259170
1105.000000	7.96418036
1107.000000	73.63709036
1109.000000	-42.68664824
1111.000000	28.89024599
1113.000000	-57.39059647
1115.000000	36.37763776
1117.000000	-13.57911284
1119.000000	-22.46068781
1121.000000	33.68754513
1123.000000	108.27571571
1125.000000	-64.92138243
1127.000000	89.43543932
1129.000000	-34.74527769
1131.000000	-55.50373986
1133.000000	-103.97673274
1135.000000	-21.31390032
1137.000000	-52.70639156
1139.000000	-52.56825376
1141.000000	-64.51891987
1143.000000	3.23030543
1145.000000	-85.77717517
1147.000000	6.65584377
1149.000000	-15.07874187
1151.000000	7.41787698
1153.000000	-1.57036813
1155.000000	67.85553542
1157.000000	-32.62407729
1159.000000	-24.73681565
1161.000000	-45.07230420
1163.000000	-45.61056373
1165.000000	89.76944308
1167.000000	-6.43800458
1169.000000	26.00423429
1171.000000	-97.93310072
1173.000000	60.48472770
1175.000000	-34.97254044
1177.000000	-74.91798403
1179.000000	-41.66758329
1181.000000	-91.95709311
1183.000000	67.26400311
1185.000000	-60.87324622
1187.000000	-24.40109407
1189.000000	-113.97425707
1191.000000	58.05263261
1193.000000	6.03906119
1195.000000	-120.36132770
1197.000000	120.52140825
1199.000000	51.41999743
1201.000000	67.49853025
1203.000000	86.69779844
1205.000000	79.05713185
1207.000000	9.57766388
1209.000000	16.76454049
1211.000000	-91.62881387
1213.000000	-26.43195945
1215.000000	-5.64438196
1217.000000	90.40863387
1219.000000	-3.47479153
1221.000000	54.07258238
1223.000000	64.85014947
1225.000000	-31.74943993
1227.000000	41.14210777
1229.000000	81.03715170
1231.000000	-0.82832828
1233.000000	11.61709710
1235.000000	35.50851974
1237.000000	-36.98708975
1239.000000	-105.28954534
1241.000000	-31.40528918
1243.000000	3.55671874
1245.000000	1.78260119
1247.000000	-147.34105784
1249.000000	-60.73793485
1251.000000	-104.31008790
1253.000000	0.01315385
1255.000000	-26.99925803
1257.000000	-62.42576468
1259.000000	-68.48318525
1261.000000	32.82276627
1263.000000	118.45493332
1265.000000	11.07610050
1267.000000	82.90011280
1269.000000	-92.07208431
1271.000000	-47.52070033
1273.000000	-55.17577270
1275.000000	-55.20008450
1277.000000	153.05203704
1279.000000	65.79322148
1281.000000	3.90472758
1283.000000	-25.91158345
1285.000000	28.91165871
1287.000000	11.89366805
1289.000000	7.16981485
1291.000000	-56.86797738
1293.000000	5.21301168
1295.000000	80.92309146
1297.000000	112.81623388
1299.000000	-24.27754963
1301.000000	4.47760924
1303.000000	-36.85824145
1305.000000	-36.38915070
1307.000000	-11.04574685
1309.000000	46.54970567
1311.000000	33.96139236
1313.000000	17.78108691
1315.000000	-52.68447558
1317.000000	-93.32974509
1319.000000	67.85821446
1321.000000	-44.72073502
1323.000000	1.64472850
1325.000000	-38.49561087
1327.000000	35.41225657
1329.000000	-8.52641081
1331.000000	55.33701639
1333.000000	-31.42615889
1335.000000	-64.31061623
1337.000000	28.88375350
1339.000000	1.86262550
1341.000000	48.83412695
1343.000000	55.58047358
1345.000000	61.02914922
1347.000000	-50.98592726
1349.000000	48.90916075
1351.000000	-61.30931856
1353.000000	0.15998036
1355.000000	33.44501341
1357.000000	-104.86890984
1359.000000	-5.38016123
1361.000000	59.65462607
1363.000000	42.70413255
1365.000000	82.93456356
1367.000000	-17.55930934
1369.000000	-16.29272760
1371.000000	121.61005086
1373.000000	-31.56059790
1375.000000	-77.93374615
1377.000000	-70.85618430
1379.000000	-2.62899419
1381.000000	-19.72364014
1383.000000	-78.30432099
1385.000000	18.07118498
1387.000000	56.76481167
1389.000000	-73.89676623
1391.000000	-38.87732451
1393.000000	-27.82616138
1395.000000	-34.10420656
1397.000000	-10.01849564
1399.000000	64.85462242
1401.000000	-11.83096391
1403.000000	-101.30860100
1405.000000	-15.61352439
1407.000000	-66.70370528
1409.000000	30.19151522
1411.000000	-55.24759568
1413.000000	64.71147038
1415.000000	29.03020158
1417.000000	78.65490659
1419.000000	-31.69910911
1421.000000	80.33694942
1423.000000	-49.12578711
1425.000000	-7.67904245
1427.000000	62.53855909
1429.000000	-12.47889254
1431.000000	26.91743664
1433.000000	-66.24345750
1435.000000	23.20208424
1437.000000	134.15918781
1439.000000	84.20581258
1441.000000	-95.14564914
1443.000000	103.88893073
1445.000000	31.06876801
1447.000000	10.57354162
1449.000000	16.64858257
1451.000000	67.23097472
1453.000000	35.57515195
1455.000000	-57.60106020
1457.000000	-9.95149436
1459.000000	10.74300961
1461.000000	-35.44145877
1463.000000	69.37353749
1465.000000	-70.17310574
1467.000000	-31.80572894
1469.000000	-29.80804589
1471.000000	-15.69241614
1473.000000	-80.64218233
1475.000000	-10.57342340
1477.000000	59.68265130
1479.000000	5.13586780
1481.000000	49.27700610
1483.000000	30.83836862
1485.000000	39.38548998
1487.000000	23.11528514
1489.000000	-89.26293174
1491.000000	115.14683317
1493.000000	23.80113657
1495.000000	-33.50204554
1497.000000	40.38934398
1499.000000	73.69556664
1501.000000	-9.99352944
1503.000000	34.62000758
1505.000000	-21.59292285
1507.000000	-43.11689519
1509.000000	44.21649511
1511.000000	-25.80904775
1513.000000	29.58986912
1515.000000	8.16041493
1517.000000	-23.87389439
1519.000000	0.91435339
1521.000000	-69.40709397
1523.000000	-12.81217189
1525.000000	91.98311108
1527.000000	45.84322785
1529.000000	3.87346253
1531.000000	-58.22313884
1533.000000	42.59521256
1535.000000	-3.46542905
1537.000000	-44.31342465
1539.000000	18.63501091
1541.000000	-29.77310871
1543.000000	-42.43228686
1545.000000	66.22842226
1547.000000	-13.14109041
1549.000000	14.94883820
1551.000000	-7.78208344
1553.000000	92.19758688
1555.000000	-41.22481486
1557.000000	-51.99232573
1559.000000	41.85188075
1561.000000	6.16807750
1563.000000	75.12767393
1565.000000	-34.68015706
1567.000000	-27.76090128
1569.000000	-36.56192603
1571.000000	133.06515733
1573.000000	20.45572833
1575.000000	-150.28360173
1577.000000	7.00484717
1579.000000	-12.37636340
1581.000000	26.11269600
1583.000000	1.28797854
1585.000000	-46.14397654
1587.000000	35.16089851
1589.000000	26.15524085
1591.000000	-18.44562567
1593.000000	-19.76323932
1595.000000	-12.32877911
1597.000000	20.59071106
1599.000000	50.53736322
1601.000000	34.63640675
1603.000000	27.49892606
1605.000000	-37.96594798
1607.000000	-68.94242018
1609.000000	15.08861331
1611.000000	6.04619619
1613.000000	37.96255085
1615.000000	74.15354918
1617.000000	-31.35074755
1619.000000	4.36445388
1621.000000	17.76912844
1623.000000	-126.34153516
1625.000000	82.46450002
1627.000000	145.94990526
1629.000000	79.90711812
1631.000000	-35.64801478
1633.000000	92.40147818
1635.000000	40.20532815
1637.000000	64.50288328
1639.000000	69.53971895
1641.000000	-69.76540162
1643.000000	-22.90088986
1645.000000	-58.55974128
1647.000000	111.95477011
1649.000000	-90.85859352
1650.000000	76.85209984
1651.000000	33.86859013
1652.000000	-2.44794835
1653.000000	-67.33540145
1654.000000	62.94553950
1655.000000	36.19552090
1656.000000	97.20745633
1657.000000	-51.11144602
1658.000000	72.01235630
1659.000000	73.11578615
1660.000000	-5.67521634
1661.000000	-6.22025715
1662.000000	-36.99337575
1663.000000	-45.92712265
1664.000000	-28.78164554
1665.000000	-61.62435280
1666.000000	83.11339822
1667.000000	-13.04699895
1668.000000	-12.31636329
1669.000000	31.57679923
1670.000000	25.89435285
1671.000000	-47.27078463
1672.000000	-79.84684151
1673.000000	-27.73355434
1674.000000	2.68272483
1675.000000	-80.17892563
1676.000000	118.96405310
1677.000000	-99.21836478
1678.000000	16.42683031
1679.000000	37.67463110
1680.000000	0.56652922
1681.000000	-47.52094446
1682.000000	-20.48987579
1683.000000	-32.73163525
1684.000000	-4.73378178
1685.000000	59.87507665
1686.000000	-38.08606312
1687.000000	-117.30820920
1688.000000	29.39290326
1689.000000	41.43461754
1690.000000	118.91948049
1691.000000	97.57504302
1692.000000	-56.48602394
1693.000000	39.88684765
1694.000000	-56.42176760
1695.000000	-75.37500850
1696.000000	-25.29063413
1697.000000	-29.10749704
1698.000000	-50.87678643
1699.000000	46.87111172
1700.000000	-0.89867988
1701.000000	19.21047918
1702.000000	11.03835408
1703.000000	58.90851009
1704.000000	-121.16315161
1705.000000	52.03275808
1706.000000	74.10700331
1707.000000	50.28748754
1708.000000	32.49168621
1709.000000	92.71542553
1710.000000	-23.46903416
1711.000000	-18.44547224
1712.000000	-3.73708922
1713.000000	30.85367420
1714.000000	-15.16066180
1715.000000	128.78419842
1716.000000	11.53487709
1717.000000	-5.06949023
1718.000000	-4.27927421
1719.000000	12.13342581
1720.000000	-99.69317761
1721.000000	22.63196359
1722.000000	-61.66632190
1723.000000	-20.24883276
1724.000000	22.33665719
1725.000000	-14.69006826
1726.000000	68.49823093
1727.000000	15.62706354
1728.000000	48.23453322
1729.000000	-12.52501598
1730.000000	-5.07601984
1731.000000	-41.56725700
1732.000000	4.80031845
1733.000000	-31.78943398
1734.000000	28.12847814
1735.000000	13.77705928
1736.000000	44.70601334
1737.000000	13.77185123
1738.000000	1.16217991
1739.000000	48.60395658
1740.000000	-42.19491449
1741.000000	-26.68334133
1742.000000	-59.41954007
1743.000000	-20.18690968
1744.000000	-17.64871311
1745.000000	-81.91252677
1746.000000	17.46605236
1747.000000	-28.81536665
1748.000000	85.48289627
1749.000000	8.80722271
1750.000000	-78.95379408
1751.000000	-38.99427554
1752.000000	20.10523163
1753.000000	-23.15698791
1754.000000	-42.90519926
1755.000000	44.75403647
1756.000000	-16.23608097
1757.000000	8.29803618
1758.000000	-64.32188090
1759.000000	39.54058750
1760.000000	95.64122058
1761.000000	38.23955133
1762.000000	-50.15759095
1763.000000	-43.58416305
1764.000000	-36.75001399
1765.000000	-96.00299580
1766.000000	-85.53440941
1767.000000	123.40531395
1768.000000	-29.77588675
1769.000000	52.41870633
1770.000000	-48.76923528
1771.000000	-91.93084587
1772.000000	67.84585509
1773.000000	-47.19198667
1774.000000	-41.49902083
1775.000000	-26.63482121
1776.000000	-34.48900681
1777.000000	139.27033215
1778.000000	-69.79613811
1779.000000	82.67025489
1780.000000	59.68514677
1781.000000	-63.53189841
1782.000000	140.43356372
1783.000000	49.88345701
1784.000000	-24.70031401
1785.000000	70.38482692
1786.000000	50.93688001
1787.000000	4.19939106
1788.000000	-10.12923718
1789.000000	8.25111194
1790.000000	-42.00766371
1791.000000	-30.46210725
1792.000000	19.95402903
1793.000000	6.61817357
1794.000000	-1.48375493
1795.000000	-56.81369106
1796.000000	-2.93769722
1797.000000	-21.17892580
1798.000000	-26.23449214
1799.000000	-51.84140390
1800.000000	-29.40947807
1801.000000	-74.66712928
1802.000000	12.60689074
1803.000000	-30.62946877
1804.000000	41.18453318
1805.000000	1.30326396
1806.000000	30.91144647
1807.000000	-52.98252062
1808.000000	-32.38112792
1809.000000	122.38500171
1810.000000	19.24870600
1811.000000	59.19473069
1812.000000	-81.43351796
1813.000000	37.88202551
1814.000000	-75.51580095
1815.000000	87.46753812
1816.000000	-70.59410383
1817.000000	-8.50660510
1818.000000	41.01354515
1819.000000	-39.83231907
1820.000000	9.29736406
1821.000000	-78.96597540
1822.000000	-11.70131062
1823.000000	-4.34157748
1824.000000	27.39747989
1825.000000	-77.33455827
1826.000000	86.78639577
1827.000000	20.11875318
1828.000000	89.10410908
1829.000000	-27.97291492
1830.000000	70.24641546
1831.000000	-36.11587084
1832.000000	37.43601970
1833.000000	-21.87246156
1834.000000	65.06306839
1835.000000	-8.47963019
1836.000000	-47.91539682
1837.000000	59.66120662
1838.000000	25.73350825
1839.000000	55.37729437
1840.000000	-27.42068124
1841.000000	-85.35366116
1842.000000	38.01694927
1843.000000	88.09322515
1844.000000	-11.81787771
1845.000000	75.55544644
1846.000000	-60.04415401
1847.999000	-51.50919940
1848.999000	-88.14813433
1849.999000	15.73701897
1850.999000	-68.98997887
1851.999000	56.70970029
1852.999000	-35.11054681
1853.999000	40.41950193
1854.999000	27.43530752
1855.999000	15.83608994
1856.999000	-4.19032615
1857.999000	-37.13219543
1858.999000	45.91369882
1859.999000	56.63455213
1860.999000	-32.44751386
1861.999000	-5.52199564
1862.999000	-36.48548946
1863.999000	-48.62801920
1864.999000	-43.76426474
1865.999000	106.21533735
1866.999000	51.47439356
1867.999000	-12.28241087
1868.999000	37.80409145
1869.999000	-90.23406635
1870.999000	-23.47865062
1871.999000	-23.40298591
1872.999000	39.50002313
1873.999000	44.05015107
1874.999000	-8.20958350
1875.999000	-96.02997162
1876.999000	31.48941576
1877.999000	28.26097324
1878.999000	-17.93280959
1879.999000	69.23208455
1880.999000	88.49489202
1881.999000	39.92601147
1882.999000	-29.77637422
1883.999000	-23.59358814
1884.999000	51.10578886
1885.999000	50.01983264
1886.999000	124.08876344
1887.999000	-28.80534920
1888.999000	82.98351443
1889.999000	23.81060597
1890.999000	-40.65030448
1891.999000	-7.86064915
1892.999000	92.44477950
1893.999000	68.98934378
1894.999000	-78.36504229
1895.999000	-24.19251578
1896.999000	115.27527158
1897.999000	-29.87507234
1898.999000	-34.76631931
1899.999000	-36.29741486
1900.999000	0.62484322
1901.999000	-0.30514328
1902.999000	-51.19356210
1903.999000	-37.72237810
1904.999000	134.35869996
1905.999000	64.61878778
1906.999000	-32.01724926
1907.999000	-22.91053799
1908.999000	107.23257122
1909.999000	-24.67661006
1910.999000	5.84884166
1911.999000	-32.42453447
1912.999000	56.91720998
1913.999000	-45.85799053
1914.999000	-87.77210608
1915.999000	76.08206265
1916.999000	23.09776232
1917.999000	37.15906550
1918.999000	67.70047100
1919.999000	72.49029535
1920.999000	-78.81589353
1921.999000	43.31794707
1922.999000	36.23303706
1923.999000	22.28367226
1924.999000	34.37709226
1925.999000	-51.00700585
1926.999000	76.48232099
1927.999000	-85.59495276
1928.999000	-63.62041649
1929.999000	-23.42712067
1930.999000	108.31745685
1931.999000	52.87066334
1932.999000	-68.44887254
1933.999000	-25.88073872
1934.999000	114.32822980
1935.999000	-21.39671038
1936.999000	6.01915048
1937.999000	-55.90256056
1938.999000	14.01716092
1939.999000	91.45439009
1940.999000	54.07925876
1941.999000	14.32022614
1942.999000	6.18931187
1943.999000	171.49874949
1944.999000	6.66784127
1945.999000	-54.91377339
1946.999000	-85.14920960
1947.999000	-47.81012677
1948.999000	-68.50140554
1949.999000	47.41737774
1950.999000	80.15723538
1951.999000	106.08085490
1952.999000	-16.44750617
1953.999000	-15.00078851
1954.999000	-62.48003755
1955.999000	-133.90575157
1956.999000	-37.60634039
1957.999000	51.16763227
1958.999000	72.46511857
1959.999000	-26.56413722
1960.999000	-11.01674454
1961.999000	-38.10133956
1962.999000	-66.08962626
1963.999000	-8.74012938
1964.999000	13.15973898
1965.999000	20.80594996
1966.999000	-29.55342475
1967.999000	-40.26752930
1968.999000	51.53979660
1969.999000	-19.81266274
1970.999000	33.30616140
1971.999000	103.48362854
1972.999000	78.35178653
1973.999000	14.41153942
1974.999000	-53.86383116
1975.999000	-13.47499955
1976.999000	104.69522524
1977.999000	-22.84826600
1978.999000	6.59771131
1979.999000	-16.42445727
1980.999000	5.28388783
1981.999000	17.11058230
1982.999000	24.53322969
1983.999000	-58.54786177
1984.999000	-21.90044813
1985.999000	-32.94440939
1986.999000	35.55883229
1987.999000	133.41928192
1988.999000	-22.63832561
1989.999000	29.68155492
1990.999000	24.10043006
1991.999000	94.96494806
1992.999000	63.16535207
1993.999000	-114.01753369
1994.999000	53.46021086
1995.999000	-95.66430854
1996.999000	-1.24228929
1997.999000	-25.43669539
1998.999000	-75.15565108
1999.999000	-24.66570178
2000.999000	-28.01731404
2001.999000	-24.69823565
2002.999000	90.57080173
2003.999000	70.99468449
2004.999000	-53.15446677
2005.999000	11.36893637
2006.999000	12.49230037
2007.999000	-21.22640814
2008.999000	16.94588308
2009.999000	-27.01470406
2010.999000	7.17256214
2011.999000	-9.24335311
2012.999000	16.36451992
2013.999000	-13.82338183
2014.999000	-78.54181518
2015.999000	18.98778106
2016.999000	37.39213722
2017.999000	79.70293217
2018.999000	-6.99206738
2019.999000	-90.34400200
2020.999000	51.58698273
2021.999000	49.02562645
2022.999000	-3.92480522
2023.999000	87.22628579
2024.999000	-95.77731520
2025.999000	13.78134623
2026.999000	5.36170620
2027.999000	81.99805417
2028.999000	-0.64928330
2029.999000	76.48245274
2030.999000	-6.71411186
2031.999000	72.64854411
2032.999000	-31.16717318
2033.999000	-88.69280911
2034.999000	8.67482244
2035.999000	-39.38306290
2036.999000	-22.75866184
2037.999000	38.29428254
2038.999000	-58.58812033
2039.999000	4.34542903
2040.999000	-56.31225924
2041.999000	97.96773073
2042.999000	25.64350741
2043.999000	35.41092285
2044.999000	112.70138681
2045.999000	79.86603876
2046.999000	22.50707767
2047.999000	-73.03522339
2048.999000	101.28052621
2049.999000	18.88847365
2050.999000	-108.30514639
2051.999000	33.72654582
2052.999000	-18.15096687
2053.999000	59.86215466
2054.999000	7.24989114
2055.999000	-11.43957599
2056.999000	-20.49480426
2057.999000	41.59549664
2058.999000	22.89966556
2059.999000	-92.74443873
2060.999000	10.02212323
2061.999000	30.96533099
2062.999000	68.86276912
2063.999000	-11.69617588
2064.999000	40.97846138
2065.999000	-11.34030337
2066.999000	-22.63932305
2067.999000	-36.07952912
2068.999000	53.11499742
2069.999000	26.06920091
2070.999000	32.58019969
2071.999000	77.17609834
2072.999000	-39.04987437
2073.999000	-41.21944851
2074.999000	-9.70217908
2075.999000	63.96827724
2076.999000	32.38030303
2077.999000	69.94387558
2078.999000	-15.66075587
2079.999000	37.87356023
2080.999000	-34.93555348
2081.999000	-7.54503644
2082.999000	-21.55454614
2083.999000	29.42736994
2084.999000	-8.30729792
2085.999000	50.58371853
2086.999000	-151.74963504
2087.999000	-12.87574832
2088.999000	15.49555100
2089.999000	6.31216762
2090.999000	44.52785450
2091.999000	16.40679564
2092.999000	-28.52107832
2093.999000	-96.06782346
2094.999000	-61.87266293
2095.999000	97.91343650
2096.999000	-35.42544722
2097.999000	-50.91470270
2098.999000	-110.36250489
2099.999000	-89.17871364
