# F(k,t) correlation function
# Reference time: 2209.000 ps
# lag_time_ps	F(k,t)
0.000000	581.19244475
1.000000	-40.21471605
2.000000	-33.21350611
3.000000	66.81032952
4.000000	14.98926676
5.000000	60.26533644
6.000000	25.22900604
7.000000	63.88359022
8.000000	52.33315814
9.000000	-0.92903210
10.000000	22.99780689
11.000000	-46.29886056
12.000000	166.39656017
13.000000	-28.61602178
14.000000	7.16779178
15.000000	37.44856992
16.000000	116.75527564
17.000000	-38.84160156
18.000000	48.55753119
19.000000	-55.81923748
20.000000	27.87176815
21.000000	45.72637172
22.000000	-6.13488381
23.000000	-7.49796043
24.000000	150.16671263
25.000000	15.36536093
26.000000	86.58903692
27.000000	21.60534594
28.000000	-4.43455898
29.000000	-78.19344207
30.000000	-19.18583506
31.000000	-48.08137549
32.000000	-88.61472384
33.000000	-42.13334953
34.000000	0.64261586
35.000000	-52.68351815
36.000000	11.75486768
37.000000	51.79044746
38.000000	-46.66116731
39.000000	-95.33964965
40.000000	25.49313746
41.000000	41.28038501
42.000000	27.69795595
43.000000	4.35981691
44.000000	-51.93432849
45.000000	59.34522126
46.000000	68.89766797
47.000000	-3.06044941
48.000000	6.30512581
49.000000	27.66747151
50.000000	45.78340719
51.000000	-82.23558561
52.000000	-56.41716880
53.000000	-9.42104388
54.000000	-75.66313719
55.000000	67.51948398
56.000000	32.92220641
57.000000	86.63184607
58.000000	1.07041889
59.000000	114.14766562
60.000000	-57.76120961
61.000000	-33.96423489
62.000000	81.55024902
63.000000	-110.68616442
64.000000	4.31225839
65.000000	-57.51700873
66.000000	41.99927296
67.000000	32.41489763
68.000000	-13.00464483
69.000000	-9.76777743
70.000000	-13.27539652
71.000000	-3.28814723
72.000000	48.10358672
73.000000	-57.43248405
74.000000	-95.52660633
75.000000	-45.51116051
76.000000	76.60169669
77.000000	11.39680761
78.000000	47.33294541
79.000000	74.74046855
80.000000	-55.56557890
81.000000	-107.38295548
82.000000	32.81339251
83.000000	35.10708585
84.000000	-13.88516377
85.000000	25.70139344
86.000000	26.56927861
87.000000	-98.71431989
88.000000	68.58480921
89.000000	-11.38416128
90.000000	-68.48947205
91.000000	30.23379836
