# F(k,t) correlation function
# Reference time: 1607.001 ps
# lag_time_ps	F(k,t)
0.000000	514.74158035
2.000000	91.51050457
4.000000	69.62134666
6.000000	-20.14575611
8.000000	33.22776373
10.000000	-59.07867344
12.000000	-0.99295097
14.000000	63.05850537
16.000000	-44.47944364
18.000000	60.13221383
20.000000	-17.66318195
22.000000	2.22067739
24.000000	-14.59263273
26.000000	43.69031003
28.000000	-66.76054729
30.000000	40.26303958
32.000000	-20.59623618
34.000000	-30.13431204
36.000000	29.21876219
38.000000	-5.83237661
40.000000	51.58503539
42.000000	65.72026096
44.000000	30.77091079
46.000000	-56.97271615
48.000000	113.09943924
50.000000	-13.30496586
52.000000	11.98708171
54.000000	-34.43970008
56.000000	-10.75209836
58.000000	27.06490813
60.000000	-31.24486149
62.000000	-66.20850322
64.000000	-13.50858839
66.000000	-4.49794528
68.000000	-47.18627155
70.000000	-15.54976489
72.000000	-25.23767363
74.000000	-7.26861329
76.000000	-1.89279718
78.000000	-42.20725413
80.000000	38.45467736
82.000000	-54.74409214
84.000000	-35.94393210
86.000000	13.70833316
88.000000	-6.46597240
90.000000	41.14118236
92.000000	-87.23271792
94.000000	-18.68419726
96.000000	-7.97114822
98.000000	41.93252931
100.000000	-4.63472308
102.000000	-41.95895149
104.000000	-30.93286688
106.000000	-32.08865431
108.000000	-46.16594666
110.000000	-38.71108506
112.000000	-18.03548238
114.000000	-4.26153842
116.000000	21.61467012
118.000000	-3.49753759
120.000000	91.33504921
122.000000	-46.65937532
124.000000	2.05230559
126.000000	20.67533567
128.000000	30.55547668
130.000000	-16.14899759
132.000000	-94.73321920
134.000000	-43.85973854
136.000000	3.57820858
138.000000	-46.24123949
140.000000	-77.99581524
142.000000	34.04977951
144.000000	9.82957162
146.000000	-40.16476544
148.000000	56.10707387
150.000000	-51.77535996
152.000000	-84.04810925
154.000000	-30.51606381
156.000000	38.12289982
158.000000	23.20802052
160.000000	-13.08221099
162.000000	38.55817934
164.000000	-27.57350092
166.000000	-57.59904052
168.000000	-38.05614401
170.000000	4.94597082
172.000000	-32.32848260
174.000000	31.62403346
176.000000	112.21255187
178.000000	105.87865101
180.000000	-104.09312745
182.000000	-12.68553002
184.000000	5.01546174
186.000000	-30.40973879
188.000000	103.61538197
190.000000	-37.73973715
192.000000	-30.41896800
194.000000	38.60900577
196.000000	6.98456106
198.000000	-6.36699666
200.000000	31.13682694
202.000000	53.28894530
204.000000	-131.77711652
206.000000	7.17448283
208.000000	84.52667802
210.000000	21.30428764
212.000000	91.00726547
214.000000	-41.59391896
216.000000	-40.58327375
218.000000	-0.74579866
220.000000	-28.40130330
222.000000	63.33664068
224.000000	40.16829003
226.000000	-44.14201419
228.000000	58.09905839
230.000000	-6.42409517
232.000000	-19.12215009
234.000000	-108.10948688
236.000000	-26.95508519
238.000000	-26.69947759
240.000000	46.11964685
242.000000	-12.60776746
243.000000	76.85424956
244.000000	-70.73479061
245.000000	-68.47251295
246.000000	31.43252669
247.000000	-8.18747446
248.000000	-5.10937472
249.000000	6.70035780
250.000000	31.80920986
251.000000	19.74909882
252.000000	-80.36682006
253.000000	-10.54741867
254.000000	1.58899407
255.000000	-29.31395734
256.000000	-77.37756431
257.000000	26.84631669
258.000000	-9.27721995
259.000000	-54.50668511
260.000000	-11.92874603
261.000000	0.72879755
262.000000	-30.39670763
263.000000	59.92784762
264.000000	38.36631775
265.000000	88.24368973
266.000000	91.39198810
267.000000	-75.64963588
268.000000	-4.67230588
269.000000	-56.06297917
270.000000	-73.05770484
271.000000	-14.05236102
272.000000	-24.94482336
273.000000	-33.29459815
274.000000	59.71110708
275.000000	-13.66483215
276.000000	-40.83834797
277.000000	-39.04374750
278.000000	-26.04683739
279.000000	-2.47020189
280.000000	25.08637597
281.000000	-41.83987986
282.000000	-50.57168593
283.000000	-31.60963427
284.000000	-43.19897870
285.000000	15.81939727
286.000000	102.17847957
287.000000	-17.89818310
288.000000	29.13229381
289.000000	56.57565140
290.000000	10.46469778
291.000000	-52.85410329
292.000000	34.87969064
293.000000	1.68687344
294.000000	64.24051182
295.000000	55.21707253
296.000000	-88.42731837
297.000000	-10.45757189
298.000000	110.46543374
299.000000	-61.78034505
300.000000	-97.74085875
301.000000	-26.37635424
302.000000	-33.28992936
303.000000	51.48385426
304.000000	79.63047110
305.000000	-69.17544096
306.000000	-8.46689414
307.000000	-13.84164795
308.000000	-30.02645588
309.000000	69.06410528
310.000000	20.99153589
311.000000	-76.76064457
312.000000	61.85456165
313.000000	-101.23904590
314.000000	78.24160426
315.000000	-54.36909192
316.000000	60.19086075
317.000000	74.70939650
318.000000	31.06752034
319.000000	-80.35699258
320.000000	-35.06880755
321.000000	1.64991728
322.000000	-20.57419696
323.000000	-84.44307540
324.000000	80.89727089
325.000000	72.31615986
326.000000	45.98252052
327.000000	24.36549341
328.000000	-36.29696495
329.000000	36.89717381
330.000000	59.29226415
331.000000	66.53524492
332.000000	-19.89904225
333.000000	107.96914971
334.000000	-14.93492457
335.000000	-54.51252680
336.000000	138.29096062
337.000000	3.96974114
338.000000	33.63015649
339.000000	38.05355468
340.000000	-68.18350543
341.000000	-31.51469845
342.000000	-1.83562520
343.000000	-33.37548613
344.000000	0.61365389
345.000000	37.35078556
346.000000	48.95688156
347.000000	-16.56659588
348.000000	-35.24224127
349.000000	100.42412656
350.000000	-69.07960179
351.000000	66.17694997
352.000000	9.17305235
353.000000	78.85745309
354.000000	32.52502414
355.000000	8.12062378
356.000000	33.47328562
357.000000	2.44884792
358.000000	-74.72737919
359.000000	-74.94226130
360.000000	68.54064243
361.000000	12.66061204
362.000000	56.96454002
363.000000	41.17201664
364.000000	-74.43669861
365.000000	29.87010583
366.000000	31.93993448
367.000000	-3.74050377
368.000000	-16.56893491
369.000000	-47.47622531
370.000000	-41.46515178
371.000000	6.21170176
372.000000	-17.16301769
373.000000	19.88358123
374.000000	65.83222984
375.000000	4.01923949
376.000000	-65.30847272
377.000000	71.67234270
378.000000	-62.43544034
379.000000	83.41861480
380.000000	-86.13157562
381.000000	-2.87835966
382.000000	-32.39822112
383.000000	-42.35876800
384.000000	7.67673558
385.000000	18.78158515
386.000000	-13.57031792
387.000000	2.11106577
388.000000	-31.46710001
389.000000	49.00120588
390.000000	24.88211768
391.000000	-40.04388241
392.000000	-111.23593865
393.000000	24.76998285
394.000000	-28.05464671
395.000000	86.56081477
396.000000	-43.05991003
397.000000	60.00629531
398.000000	-10.76545242
399.000000	-45.78458140
400.000000	-19.61807269
401.000000	6.23796925
402.000000	62.60380457
403.000000	-71.10096400
404.000000	-16.25689752
405.000000	33.32720006
406.000000	60.63201036
407.000000	56.83442092
408.000000	-29.87706062
409.000000	-49.80742607
410.000000	54.25665901
411.000000	-6.56620102
412.000000	29.74861844
413.000000	-42.95874704
414.000000	-65.22251795
415.000000	2.56719009
416.000000	-11.98572615
417.000000	3.75395167
418.000000	-25.72641991
419.000000	22.59533298
420.000000	43.31634334
421.000000	-76.29026283
422.000000	25.00641363
423.000000	41.24968723
424.000000	-8.26053833
425.000000	17.82723725
426.000000	47.55396339
427.000000	5.85714911
428.000000	-81.01025209
429.000000	-7.06854897
430.000000	7.38686343
431.000000	3.37484716
432.000000	-19.48540090
433.000000	25.52629635
434.000000	-34.86057617
435.000000	119.26771590
436.000000	73.01322511
437.000000	-33.21486745
438.000000	-4.16806131
439.000000	-0.32944161
440.999000	17.38354265
441.999000	41.76472276
442.999000	-57.43951722
443.999000	-18.46171103
444.999000	-16.13356391
445.999000	30.00058822
446.999000	48.48122019
447.999000	112.22530352
448.999000	26.09381756
449.999000	-23.14255300
450.999000	-27.46194725
451.999000	17.82445498
452.999000	-33.48232303
453.999000	19.84740452
454.999000	10.60228538
455.999000	-64.41197481
456.999000	53.69808787
457.999000	11.60193155
458.999000	47.38687154
459.999000	0.14743722
460.999000	4.34315136
461.999000	-34.93738785
462.999000	-12.25832309
463.999000	-23.35876118
464.999000	-73.87967357
465.999000	30.19955927
466.999000	19.64513268
467.999000	34.09037819
468.999000	4.06930491
469.999000	16.57527599
470.999000	10.14940187
471.999000	-32.16966743
472.999000	-24.72117104
473.999000	-35.68713302
474.999000	-14.84509930
475.999000	5.85992497
476.999000	55.63881400
477.999000	-73.52435520
478.999000	-8.53896369
479.999000	66.42697805
480.999000	-15.86710388
481.999000	40.45391396
482.999000	17.86141758
483.999000	-61.05431638
484.999000	-19.88048330
485.999000	-17.60804617
486.999000	37.29862577
487.999000	21.88178109
488.999000	-94.90247352
489.999000	-22.87174216
490.999000	50.47415512
491.999000	18.96046002
492.999000	-23.50384341
493.999000	35.81625576
494.999000	-33.04715502
495.999000	-9.94939366
496.999000	20.24964051
497.999000	-98.64423993
498.999000	-25.65368510
499.999000	-57.35739977
500.999000	-46.38867025
501.999000	-24.76727750
502.999000	-62.27345883
503.999000	80.11611403
504.999000	-0.54739883
505.999000	-98.45174587
506.999000	12.15571683
507.999000	-15.08740993
508.999000	-14.92700315
509.999000	-39.10051311
510.999000	-46.94107922
511.999000	-9.20900351
512.999000	-43.37834543
513.999000	70.76794482
514.999000	-20.81264823
515.999000	48.07898446
516.999000	33.65062854
517.999000	57.59090186
518.999000	-7.47333087
519.999000	-40.59391384
520.999000	48.56729034
521.999000	47.19395760
522.999000	-25.38228178
523.999000	75.95079135
524.999000	47.59253382
525.999000	11.55172669
526.999000	-51.83860108
527.999000	14.74058206
528.999000	-34.84255319
529.999000	86.99849751
530.999000	43.82943452
531.999000	-59.10327171
532.999000	-9.56343919
533.999000	-107.10811612
534.999000	-26.85249267
535.999000	-1.21837379
536.999000	-25.57699997
537.999000	38.65473090
538.999000	11.31311820
539.999000	48.65668032
540.999000	-12.09934389
541.999000	-43.12016572
542.999000	-28.85731862
543.999000	-1.79390477
544.999000	-141.24593308
545.999000	17.73510019
546.999000	-39.23684482
547.999000	44.14733023
548.999000	50.37085227
549.999000	-16.30560583
550.999000	-6.20307525
551.999000	-12.36357802
552.999000	-61.81697225
553.999000	-74.96566867
554.999000	54.10974373
555.999000	-11.46682727
556.999000	-20.80198367
557.999000	-29.03108241
558.999000	-9.59008444
559.999000	77.43181799
560.999000	25.74304782
561.999000	-44.23357736
562.999000	-71.31026617
563.999000	-0.00331912
564.999000	-15.33146692
565.999000	-28.19432627
566.999000	-4.02346120
567.999000	-11.65970255
568.999000	-38.33432360
569.999000	87.96305933
570.999000	29.93560010
571.999000	18.08774555
572.999000	-56.27182714
573.999000	112.53083278
574.999000	-25.18513373
575.999000	6.87374688
576.999000	-24.90296559
577.999000	43.98818432
578.999000	48.34414207
579.999000	-16.84342395
580.999000	-64.84616668
581.999000	-15.48227994
582.999000	79.09253349
583.999000	49.42666959
584.999000	-49.59268286
585.999000	54.15022012
586.999000	-105.12772421
587.999000	-54.12480601
588.999000	-96.56106446
589.999000	-24.73112337
590.999000	31.74224252
591.999000	1.02662341
592.999000	32.66521308
593.999000	48.07914228
594.999000	-110.12158424
595.999000	2.42623708
596.999000	29.91487587
597.999000	110.48755669
598.999000	-65.06863092
599.999000	-5.19007734
600.999000	9.73783665
601.999000	-36.66304255
602.999000	50.37566639
603.999000	94.26449634
604.999000	-7.88987469
605.999000	13.21633543
606.999000	-30.95485167
607.999000	11.36743500
608.999000	69.13838300
609.999000	-108.41375896
610.999000	-48.59016861
611.999000	49.89345888
612.999000	12.19565783
613.999000	86.17866430
614.999000	-6.60577018
615.999000	-42.76360048
616.999000	48.31952296
617.999000	39.72578562
618.999000	-58.09148681
619.999000	17.84301780
620.999000	-31.71720972
621.999000	78.52890141
622.999000	-26.99838280
623.999000	40.66072881
624.999000	-79.50892974
625.999000	98.88113233
626.999000	58.52747862
627.999000	-87.35000463
628.999000	31.67576058
629.999000	-3.36745364
630.999000	27.38377908
631.999000	64.69632042
632.999000	-50.90275861
633.999000	-9.47849011
634.999000	-152.28680438
635.999000	-86.16218646
636.999000	-69.41194586
637.999000	154.12601553
638.999000	-18.56269717
639.999000	-14.97360536
640.999000	29.00359075
641.999000	-90.84675126
642.999000	-30.03104813
643.999000	-36.31185606
644.999000	33.55650454
645.999000	-39.75312679
646.999000	72.79708888
647.999000	-2.24765186
648.999000	-112.20271688
649.999000	-72.79394283
650.999000	-82.10194183
651.999000	-10.54950381
652.999000	44.78156340
653.999000	-25.68080661
654.999000	100.46097657
655.999000	89.13759034
656.999000	-64.88823184
657.999000	22.53765231
658.999000	27.09982167
659.999000	31.55770461
660.999000	-48.71129511
661.999000	65.33333976
662.999000	8.17311694
663.999000	-13.51608574
664.999000	-29.65149529
665.999000	60.37808618
666.999000	-62.28372211
667.999000	-48.75866155
668.999000	-31.34838202
669.999000	59.81223253
670.999000	13.39337353
671.999000	-36.65274452
672.999000	15.39962439
673.999000	-51.48317081
674.999000	64.84432037
675.999000	18.63751523
676.999000	17.92777873
677.999000	-51.83139235
678.999000	-0.33759182
679.999000	1.99207871
680.999000	-22.52267410
681.999000	88.36961993
682.999000	10.15960321
683.999000	-38.51336219
684.999000	-24.20207977
685.999000	-92.12736176
686.999000	-16.66219437
687.999000	29.66305465
688.999000	-62.69567139
689.999000	-0.13574847
690.999000	-10.42475046
691.999000	82.12508578
692.999000	54.01051662
