# F(k,t) correlation function
# Reference time: 200.001 ps
# lag_time_ps	F(k,t)
0.000000	537.36551093
1.000000	-19.48372675
3.000000	-22.62147505
5.000000	-100.08385868
7.000000	33.83274728
9.000000	-38.23520531
11.000000	14.99172095
13.000000	-46.15593710
15.000000	-72.79538477
17.000000	0.84860652
19.000000	-21.60669415
21.000000	17.85031073
23.000000	25.90083924
25.000000	-24.99503563
27.000000	7.31459178
29.000000	86.38047739
31.000000	-4.96686151
33.000000	-79.39059114
35.000000	-42.90678282
37.000000	-48.80677899
39.000000	-45.74206024
41.000000	-6.06512622
43.000000	60.57737219
45.000000	-44.17669230
47.000000	-24.38587925
49.000000	19.20295945
51.000000	23.05520698
53.000000	74.25910924
55.000000	-8.60652762
57.000000	-13.98495852
59.000000	-37.38265812
61.000000	6.83784330
63.000000	-21.64300931
65.000000	48.24113484
67.000000	-6.71691624
69.000000	47.98548368
71.000000	21.13383898
73.000000	-22.48994490
75.000000	-33.93592979
77.000000	81.57693063
79.000000	-64.62284279
81.000000	98.00350195
83.000000	-63.07557316
85.000000	23.45592338
87.000000	39.29238200
89.000000	10.13388311
91.000000	-71.74039768
93.000000	62.73848780
95.000000	-53.18812319
97.000000	-45.06139034
99.000000	11.63934372
101.000000	-1.12050615
103.000000	95.00237431
105.000000	-74.34937676
107.000000	-127.90696268
109.000000	88.92758815
111.000000	-2.42603088
113.000000	-13.90085755
115.000000	47.04607611
117.000000	-4.41305702
119.000000	-3.23377584
121.000000	-26.46106135
123.000000	37.63305945
125.000000	-71.70087044
127.000000	21.26484271
129.000000	57.18919576
131.000000	-79.77621975
133.000000	-8.41683230
135.000000	7.36513577
137.000000	7.46128484
139.000000	-22.03678304
141.000000	12.42225894
143.000000	-31.94184517
145.000000	-6.17953547
147.000000	-33.14358830
149.000000	41.96369052
151.000000	-47.38121316
153.000000	-81.17707493
155.000000	-31.15074856
157.000000	40.23659247
159.000000	12.32730746
161.000000	-131.44410023
163.000000	13.91286927
165.000000	23.29999458
167.000000	-24.73962922
169.000000	57.00789666
171.000000	-36.73070485
173.000000	-28.09847752
175.000000	23.92211982
177.000000	-0.44921547
179.000000	-38.92846863
181.000000	122.59236050
183.000000	-12.23575098
185.000000	-32.72833549
187.000000	-46.19538739
189.000000	-62.35843132
191.000000	-13.17574991
193.000000	-6.42315085
195.000000	3.00377001
197.000000	-11.74062996
199.000000	-49.61767632
201.000000	16.89392680
203.000000	-98.52252775
205.000000	-83.82492644
207.000000	-88.20818419
209.000000	45.11515584
211.000000	98.34471507
213.000000	-72.60861371
215.000000	-92.41978614
217.000000	-1.63373987
219.000000	-20.28009037
221.000000	4.70671165
223.000000	34.89581116
225.000000	-6.27730015
227.000000	-93.30799638
229.000000	-116.79288340
231.000000	0.93809378
233.000000	31.82736085
235.000000	-59.88880602
237.000000	-122.68047892
239.000000	61.65147393
241.000000	1.93708646
243.000000	-18.87555052
245.000000	-30.25340168
247.000000	-32.11292903
249.000000	56.37899579
251.000000	-40.36976204
253.000000	-67.99239188
255.000000	-53.38945975
257.000000	-130.70451168
259.000000	6.97062196
261.000000	0.74858336
263.000000	57.81912526
265.000000	26.06675889
267.000000	25.65402878
269.000000	1.73803578
271.000000	-7.61483465
273.000000	-20.95209422
275.000000	-57.45559544
277.000000	13.87995883
279.000000	-106.31531217
281.000000	72.89135855
283.000000	28.40620610
285.000000	62.97676690
287.000000	-53.43376656
289.000000	-33.60060496
291.000000	9.09742594
293.000000	-73.60936667
295.000000	92.43882929
297.000000	-14.31022422
299.000000	-25.78016224
301.000000	-27.90677673
303.000000	62.27594550
305.000000	50.63005178
307.000000	59.76501765
309.000000	36.53214222
311.000000	9.36930694
313.000000	-73.33593385
315.000000	-80.26961158
317.000000	-11.61990176
319.000000	-53.61858218
321.000000	61.60285276
323.000000	-9.18059055
325.000000	29.55065525
327.000000	19.58600164
329.000000	-44.67981078
331.000000	6.33404215
333.000000	-63.96744128
335.000000	102.28063261
337.000000	-16.58512761
339.000000	78.36612361
341.000000	-114.07786623
343.000000	0.12690367
345.000000	83.33211543
347.000000	58.66456038
349.000000	-88.84366931
351.000000	100.52952090
353.000000	45.33281226
355.000000	-13.74253295
357.000000	-43.04522169
359.000000	0.09947665
361.000000	-34.41707463
363.000000	16.09547886
365.000000	4.33766101
367.000000	-68.54666209
369.000000	-40.35282808
371.000000	-29.53354845
373.000000	-92.19677244
375.000000	96.50383432
377.000000	-124.29994579
379.000000	48.13005387
381.000000	95.80990438
383.000000	88.18539685
385.000000	-7.75493294
387.000000	-2.30500055
389.000000	-72.63342001
391.000000	105.66761545
393.000000	55.59055474
395.000000	9.68108615
397.000000	-125.67590678
399.000000	33.11227431
401.000000	-33.99410860
403.000000	-46.10922541
405.000000	37.85301319
407.000000	-60.77980390
409.000000	10.66969487
411.000000	56.52881987
413.000000	49.20222745
415.000000	44.40798747
417.000000	-27.24051237
419.000000	27.60017122
421.000000	5.20071179
423.000000	-8.37220147
425.000000	36.22260991
427.000000	-50.30947661
429.000000	2.32660796
431.000000	50.80049625
433.000000	-14.75507101
435.000000	-30.99153944
437.000000	29.55703677
439.000000	9.70119105
441.000000	87.33725221
443.000000	7.36557515
445.000000	7.17628598
447.000000	25.29918193
449.000000	-0.18344837
451.000000	71.84765975
453.000000	4.31712343
455.000000	5.16664745
457.000000	-19.75556760
459.000000	2.07908550
461.000000	14.93736869
463.000000	-81.13606285
465.000000	25.18519422
467.000000	27.42535550
469.000000	-47.34142899
471.000000	51.82609044
473.000000	-16.18822526
475.000000	-8.01543005
477.000000	-72.40729819
479.000000	34.23821388
481.000000	-66.08023517
483.000000	-31.15847394
485.000000	-44.80326378
487.000000	130.23243652
489.000000	39.47344365
491.000000	60.18965847
493.000000	22.31520052
495.000000	43.32814964
497.000000	-12.18910750
499.000000	56.17662232
501.000000	-115.27933172
503.000000	40.08410550
505.000000	-79.96209385
507.000000	65.16048403
509.000000	63.85020653
511.000000	33.42241157
513.000000	2.00562593
515.000000	-108.45662308
517.000000	-9.64434078
519.000000	-97.01321594
521.000000	52.57749394
523.000000	-51.10588466
525.000000	-5.29947450
527.000000	51.19460489
529.000000	18.58483734
531.000000	-31.43434633
533.000000	23.46832535
535.000000	-5.89096685
537.000000	-42.17246752
539.000000	-90.21305791
541.000000	-18.96781725
543.000000	12.62047426
545.000000	16.08144241
547.000000	-41.44384586
549.000000	-21.98974841
551.000000	31.61076833
553.000000	-51.40304299
555.000000	116.22262307
557.000000	85.41916934
559.000000	-28.09270436
561.000000	-37.92562345
563.000000	-86.00968765
565.000000	-100.79705085
567.000000	-40.83235405
569.000000	26.12148623
571.000000	55.76531744
573.000000	23.99835121
575.000000	16.54042084
577.000000	-102.04690034
579.000000	15.10692051
581.000000	-67.97136645
583.000000	-53.93387579
585.000000	-71.88539383
587.000000	-60.06555159
589.000000	-15.44287787
591.000000	68.94194963
593.000000	-46.67751688
595.000000	-48.45215561
597.000000	-110.33237626
599.000000	1.54312825
601.000000	176.12608818
603.000000	-86.23703351
605.000000	21.81523233
607.000000	-46.63710771
609.000000	-38.49595686
611.000000	58.30232606
613.000000	20.03013157
615.000000	72.81650114
617.000000	-73.99509693
619.000000	-51.38890704
621.000000	-9.69792679
623.000000	23.63326385
625.000000	-12.30885725
627.000000	-60.71893242
629.000000	30.68220513
631.000000	-2.95722854
633.000000	-4.72760673
635.000000	108.16801561
637.000000	-47.74696216
639.000000	-80.71815291
641.000000	-124.37817708
643.000000	150.82852991
645.000000	0.59469981
647.000000	36.24541288
649.000000	96.38782152
651.000000	30.48331298
653.000000	11.77685309
655.000000	38.23429329
657.000000	-22.33014341
659.000000	78.57216787
661.000000	127.96758436
663.000000	-34.60094304
665.000000	-35.20154883
667.000000	78.86831608
669.000000	-32.28679415
671.000000	-71.65044492
673.000000	-3.55415252
675.000000	12.80182489
677.000000	44.65377698
679.000000	99.63570787
681.000000	141.36526142
683.000000	3.54692617
685.000000	0.24708710
687.000000	-23.46211618
689.000000	-2.36143200
691.000000	1.93719330
693.000000	3.26427776
695.000000	26.94775161
697.000000	54.89457693
699.000000	70.10509763
701.000000	3.64243729
703.000000	-4.56913573
705.000000	-89.54192587
707.000000	-77.33190999
709.000000	-19.00511318
711.000000	-18.14245558
713.000000	67.14738801
715.000000	99.89786761
717.000000	-32.05244335
719.000000	-55.97724270
721.000000	45.25809929
723.000000	23.16243594
725.000000	58.13217316
727.000000	91.44649638
729.000000	-29.31000031
731.000000	-10.61237228
733.000000	-76.68080922
735.000000	6.39041259
737.000000	-194.21815541
739.000000	-87.92417317
741.000000	28.01455253
743.000000	59.54900757
745.000000	57.39533938
747.000000	14.21453141
749.000000	-15.21955646
751.000000	57.60991628
753.000000	-36.37668151
755.000000	48.50980446
757.000000	7.16091377
759.000000	27.56378506
761.000000	-6.79013194
763.000000	-49.76268573
765.000000	3.54393747
767.000000	-30.63249183
769.000000	49.34248785
771.000000	-47.37215606
773.000000	42.31612367
775.000000	6.47671499
777.000000	-14.34846268
779.000000	3.61371551
781.000000	-29.00511358
783.000000	-29.22356769
785.000000	53.06411513
787.000000	-3.38203446
789.000000	-27.55419057
791.000000	-27.59575862
793.000000	-11.54155010
795.000000	18.85127839
797.000000	-45.32809321
799.000000	-3.25036428
801.000000	-1.08727783
803.000000	-7.45861092
805.000000	-16.36418200
807.000000	51.82595134
809.000000	73.44356498
811.000000	-74.32852670
813.000000	-3.43277221
815.000000	-9.44078184
817.000000	-26.06601167
819.000000	42.53104384
821.000000	-6.48592207
823.000000	14.89057938
825.000000	13.53821446
827.000000	-1.97556395
829.000000	91.82226218
831.000000	40.65729676
833.000000	-10.44691897
835.000000	-31.52296992
837.000000	16.65372713
839.000000	65.93896239
841.000000	24.23289488
843.000000	54.71022268
845.000000	94.02738457
847.000000	-1.61958311
849.000000	9.55092866
851.000000	0.59279165
853.000000	8.56734742
855.000000	43.37800209
857.000000	-61.28118363
859.000000	67.25143831
861.000000	43.90464218
863.000000	-81.34245605
865.000000	-24.64911496
867.000000	-58.11904487
869.000000	-13.34793177
871.000000	-116.06099131
873.000000	-95.00695358
875.000000	-26.63237839
877.000000	-50.89593378
879.000000	43.17383455
881.000000	72.41941150
883.000000	-28.69796691
885.000000	-7.44595887
887.000000	70.11187333
889.000000	-40.26371208
891.000000	-12.17409078
893.000000	25.81379417
895.000000	-125.76980707
897.000000	-3.65997141
899.000000	-24.71755493
901.000000	-8.74213746
903.000000	13.60054823
905.000000	33.89784585
907.000000	48.94964411
909.000000	-24.33112074
911.000000	-29.17665005
913.000000	0.79624617
915.000000	-0.16823442
917.000000	9.01273030
919.000000	36.51293072
921.000000	69.92584223
923.000000	-5.01333127
925.000000	61.08679168
927.000000	13.22947798
929.000000	27.22590691
931.000000	-18.82651389
933.000000	-33.66571776
935.000000	-91.24478697
937.000000	-42.14593247
939.000000	-33.23935198
941.000000	-22.72603966
943.000000	4.63194715
945.000000	94.12989943
947.000000	-92.35264843
949.000000	-23.92800858
951.000000	-17.79015459
953.000000	-33.79176618
955.000000	58.27937758
957.000000	-73.90370914
959.000000	-74.34128847
961.000000	4.40038640
963.000000	-14.95482335
965.000000	13.38403244
967.000000	72.56470827
969.000000	18.46603909
971.000000	-49.93351817
973.000000	-26.20789846
975.000000	-8.66116568
977.000000	50.84429944
979.000000	90.59664055
981.000000	0.85201334
983.000000	40.85447844
985.000000	20.71262568
987.000000	-89.93199499
989.000000	-19.56525556
991.000000	-98.54944786
993.000000	105.41097750
995.000000	-133.68415998
997.000000	-67.73831435
999.000000	-4.70469723
1001.000000	-78.42038099
1003.000000	-51.21235462
1005.000000	23.86358284
1007.000000	40.08598696
1009.000000	61.10005014
1011.000000	7.86675686
1013.000000	57.94837607
1015.000000	62.27262564
1017.000000	-10.11808808
1019.000000	91.46201609
1021.000000	-66.25480843
1023.000000	19.00732804
1025.000000	5.44196442
1027.000000	23.73637938
1029.000000	33.55358939
1031.000000	48.58484206
1033.000000	25.93846141
1035.000000	-53.71350898
1037.000000	-65.69731522
1039.000000	-0.94705269
1041.000000	120.54136814
1043.000000	-46.07337160
1045.000000	-17.53073033
1047.000000	80.26724179
1049.000000	-36.77325785
1051.000000	-22.72885352
1053.000000	81.95839563
1055.000000	3.09342849
1057.000000	98.07538320
1059.000000	36.25879833
1061.000000	24.93370491
1063.000000	-47.73648657
1065.000000	-94.42400534
1067.000000	-100.36226986
1069.000000	-24.21626929
1071.000000	-58.67896690
1073.000000	-10.24216480
1075.000000	26.96726117
1077.000000	-38.17098798
1079.000000	-15.47097363
1081.000000	-22.49778996
1083.000000	-11.62123600
1085.000000	64.37134452
1087.000000	-70.14426014
1089.000000	4.04721037
1091.000000	-48.50696847
1093.000000	-0.90175245
1095.000000	-21.84775463
1097.000000	-12.30138408
1099.000000	-105.73004268
1101.000000	69.18894044
1103.000000	-53.78244953
1105.000000	17.17049584
1107.000000	20.20281481
1109.000000	71.40404613
1111.000000	73.18528508
1113.000000	148.39614213
1115.000000	8.08911046
1117.000000	4.21167026
1119.000000	-37.80032646
1121.000000	-0.84023070
1123.000000	-0.77305338
1125.000000	-24.41262879
1127.000000	19.66140865
1129.000000	6.25062686
1131.000000	7.06832710
1133.000000	-22.93125417
1135.000000	26.87629182
1137.000000	57.32357480
1139.000000	-81.86233655
1141.000000	-68.46869814
1143.000000	8.93883862
1145.000000	-10.88471002
1147.000000	-58.84918315
1149.000000	73.56794803
1151.000000	-10.23551105
1153.000000	104.65134209
1155.000000	-47.35455671
1157.000000	-23.49597702
1159.000000	-31.38777789
1161.000000	-14.01644320
1163.000000	60.24805117
1165.000000	-7.00291092
1167.000000	1.16219794
1169.000000	-25.38718423
1171.000000	1.10591201
1173.000000	77.18824967
1175.000000	73.91364937
1177.000000	56.16853688
1179.000000	21.91509016
1181.000000	59.30309434
1183.000000	10.98412416
1185.000000	-10.58430367
1187.000000	14.98269758
1189.000000	47.96401895
1191.000000	24.55007606
1193.000000	11.24330501
1195.000000	27.88803054
1197.000000	20.83200408
1199.000000	33.66459920
1201.000000	17.58022635
1203.000000	55.30633513
1205.000000	18.47272201
1207.000000	-95.46133374
1209.000000	-36.55721431
1211.000000	47.92836560
1213.000000	-10.94701348
1215.000000	7.47520560
1217.000000	12.37976769
1219.000000	19.24024367
1221.000000	108.53873829
1223.000000	-5.16286281
1225.000000	17.24346271
1227.000000	-1.10614938
1229.000000	-100.98792209
1231.000000	-77.68219954
1233.000000	-14.25398298
1235.000000	51.73100347
1237.000000	17.05423115
1239.000000	-46.37392949
1241.000000	-30.17151416
1243.000000	55.72669877
1245.000000	87.64311438
1247.000000	-23.09740754
1249.000000	56.77164131
1251.000000	-43.42360020
1253.000000	-107.33870154
1255.000000	-41.73036521
1257.000000	-97.38719086
1259.000000	-76.65007259
1261.000000	29.81713289
1263.000000	-31.63235311
1265.000000	122.29873312
1267.000000	-57.20539477
1269.000000	32.67342711
1271.000000	-13.18425810
1273.000000	44.58001265
1275.000000	43.34221388
1277.000000	-8.35149488
1279.000000	32.57645304
1281.000000	28.28712462
1283.000000	4.39019659
1285.000000	-3.61687359
1287.000000	16.29710468
1289.000000	-156.02016080
1291.000000	-86.31454785
1293.000000	40.40845952
1295.000000	-20.72257562
1297.000000	-59.14668675
1299.000000	35.17005074
1301.000000	10.24931520
1303.000000	22.90391323
1305.000000	69.66508135
1307.000000	-69.44903551
1309.000000	75.15474577
1311.000000	46.77926882
1313.000000	6.03966089
1315.000000	2.11546244
1317.000000	87.12096032
1319.000000	-40.90302897
1321.000000	43.45726867
1323.000000	18.48022321
1325.000000	-31.17891377
1327.000000	-28.39412703
1329.000000	7.77357534
1331.000000	-9.66227957
1333.000000	17.63418610
1335.000000	-17.91358888
1337.000000	54.15639302
1339.000000	23.26463742
1341.000000	86.56990126
1343.000000	24.34979869
1345.000000	16.70888140
1347.000000	-39.53876631
1349.000000	-3.19596355
1351.000000	-88.55234768
1353.000000	23.06425373
1355.000000	27.42011324
1357.000000	-28.06182582
1359.000000	-15.63058088
1361.000000	-5.56675577
1363.000000	-47.45668637
1365.000000	-20.06749715
1367.000000	-6.98316659
1369.000000	-83.92953501
1371.000000	-12.82055019
1373.000000	-15.99125096
1375.000000	-35.57219132
1377.000000	-2.34372585
1379.000000	11.22233415
1381.000000	26.36590975
1383.000000	58.39247268
1385.000000	-14.54470152
1387.000000	-6.07184767
1389.000000	42.57985685
1391.000000	-28.07610128
1393.000000	-0.35125817
1395.000000	100.85192853
1397.000000	75.23819418
1399.000000	-8.00457095
1401.000000	0.27937025
1403.000000	33.35762671
1405.000000	-30.91837159
1407.000000	32.30898788
1409.000000	42.32158367
1411.000000	-7.20841278
1413.000000	-67.04218680
1415.000000	-49.53762304
1417.000000	44.23786007
1419.000000	-1.15846763
1421.000000	-8.99667521
1423.000000	68.64137253
1425.000000	23.43347871
1427.000000	40.53323071
1429.000000	36.64794128
1431.000000	39.41800233
1433.000000	-44.16984632
1435.000000	-81.70692613
1437.000000	39.63921295
1439.000000	91.23423107
1441.000000	8.69167279
1443.000000	94.13245270
1445.000000	29.07339308
1447.000000	-27.14668476
1449.000000	-53.45426279
1451.000000	35.13758367
1453.000000	13.56377805
1455.000000	-58.14332983
1457.000000	25.59708770
1459.000000	124.99786473
1461.000000	36.48642158
1463.000000	-8.49666712
1465.000000	41.07087904
1467.000000	10.04133998
1469.000000	-79.61301149
1471.000000	-46.78766029
1473.000000	-130.67607763
1475.000000	38.92542753
1477.000000	-39.68037689
1479.000000	95.02877496
1481.000000	-38.09356367
1483.000000	-23.97896207
1485.000000	97.61908605
1487.000000	-10.23619770
1489.000000	-61.22019613
1491.000000	56.92452675
1493.000000	2.37380243
1495.000000	79.87041025
1497.000000	96.79941018
1499.000000	3.61364408
1501.000000	35.32435899
1503.000000	-98.24893602
1505.000000	70.75543834
1507.000000	-57.47511197
1509.000000	38.50319630
1511.000000	30.30640312
1513.000000	-86.15459090
1515.000000	-21.90052004
1517.000000	-63.84422831
1519.000000	-20.36535854
1521.000000	-35.11644321
1523.000000	-20.92577658
1525.000000	84.34068530
1527.000000	-46.05030408
1529.000000	5.78447549
1531.000000	-45.51077291
1533.000000	-75.62421087
1535.000000	-22.89224943
1537.000000	-40.16173521
1539.000000	-39.41905060
1541.000000	-15.94511373
1543.000000	-7.81031120
1545.000000	-64.09640554
1547.000000	26.43021320
1549.000000	12.49840655
1551.000000	62.81876686
1553.000000	42.06583561
1555.000000	47.01630760
1557.000000	66.02504805
1559.000000	8.52920631
1561.000000	45.79309064
1563.000000	-6.58985976
1565.000000	-35.05364010
1567.000000	83.51995022
1569.000000	38.39753395
1571.000000	-49.32010271
1573.000000	2.68448981
1575.000000	11.08110506
1577.000000	55.89221476
1579.000000	14.09660944
1581.000000	15.55419520
1583.000000	48.82016171
1585.000000	18.78926940
1587.000000	26.09936832
1589.000000	-2.52671610
1591.000000	-32.57889557
1593.000000	-15.08038631
1595.000000	-40.65184993
1597.000000	74.94492393
1599.000000	7.06889034
1601.000000	-54.84907727
1603.000000	-12.59862120
1605.000000	-34.63450859
1607.000000	-45.91549944
1609.000000	-30.38923019
1611.000000	126.53243377
1613.000000	-14.88998102
1615.000000	-29.17949289
1617.000000	-45.66983500
1619.000000	-35.30716184
1621.000000	-72.95584281
1623.000000	145.51425509
1625.000000	-41.88117206
1627.000000	-67.74316207
1629.000000	22.11232122
1631.000000	28.41543721
1633.000000	-18.64897637
1635.000000	-23.94251525
1637.000000	53.09529122
1639.000000	-19.40140244
1641.000000	-36.68159865
1643.000000	69.81449762
1645.000000	7.82823076
1647.000000	35.09608609
1649.000000	-12.31323535
1650.000000	21.46522948
1651.000000	23.07764939
1652.000000	-54.01811002
1653.000000	-44.98610776
1654.000000	-85.61445696
1655.000000	-28.66998026
1656.000000	-1.23094916
1657.000000	-70.20854578
1658.000000	-87.87034911
1659.000000	33.75935210
1660.000000	110.77519402
1661.000000	-84.13471093
1662.000000	-19.46112697
1663.000000	-56.30854343
1664.000000	-10.94722097
1665.000000	10.81148080
1666.000000	-99.33671496
1667.000000	-27.31069494
1668.000000	-73.38120544
1669.000000	5.05735461
1670.000000	-12.67481320
1671.000000	-40.66420719
1672.000000	42.74179874
1673.000000	185.38497019
1674.000000	127.32886642
1675.000000	8.84164677
1676.000000	3.95416476
1677.000000	-1.47370891
1678.000000	-15.96629819
1679.000000	74.63338054
1680.000000	71.00594347
1681.000000	-39.44016579
1682.000000	-63.19182640
1683.000000	-59.76576846
1684.000000	3.76730731
1685.000000	-39.29995969
1686.000000	-21.70359930
1687.000000	35.85073847
1688.000000	-74.88312021
1689.000000	31.37844804
1690.000000	-70.20887334
1691.000000	-50.74308956
1692.000000	50.80681760
1693.000000	-16.78752192
1694.000000	57.66431195
1695.000000	45.83260903
1696.000000	37.15712460
1697.000000	-65.22451599
1698.000000	6.51237208
1699.000000	-19.60899251
1700.000000	2.56721551
1701.000000	8.43122288
1702.000000	-72.24096895
1703.000000	-8.20108920
1704.000000	-95.36936747
1705.000000	2.35128123
1706.000000	-52.28918552
1707.000000	90.54058768
1708.000000	52.24047614
1709.000000	-74.57888284
1710.000000	51.59657668
1711.000000	-147.20837153
1712.000000	53.17091613
1713.000000	26.24501436
1714.000000	-30.77826077
1715.000000	-34.12630566
1716.000000	60.63677408
1717.000000	-39.60378758
1718.000000	45.70790080
1719.000000	48.19312791
1720.000000	-40.65965087
1721.000000	45.76217914
1722.000000	32.81140102
1723.000000	19.51625950
1724.000000	-44.17689605
1725.000000	-37.94158699
1726.000000	35.90319742
1727.000000	10.25229162
1728.000000	-40.64046310
1729.000000	-77.40006140
1730.000000	-9.69752018
1731.000000	-31.26659864
1732.000000	47.81813758
1733.000000	-59.72792150
1734.000000	-28.71496127
1735.000000	107.93048236
1736.000000	9.41516161
1737.000000	43.20936998
1738.000000	82.65677386
1739.000000	-66.59527885
1740.000000	53.20402923
1741.000000	-17.69894649
1742.000000	81.08030735
1743.000000	34.25869695
1744.000000	-48.07771120
1745.000000	112.95079690
1746.000000	32.66660895
1747.000000	50.88911592
1748.000000	24.24635837
1749.000000	-4.11383212
1750.000000	-52.73784558
1751.000000	-22.60376504
1752.000000	69.81595532
1753.000000	59.09042856
1754.000000	38.99300223
1755.000000	2.79549877
1756.000000	12.30954319
1757.000000	66.44098236
1758.000000	8.85204914
1759.000000	9.98565259
1760.000000	20.78351616
1761.000000	72.94130778
1762.000000	-24.18545777
1763.000000	-69.69536057
1764.000000	50.31205033
1765.000000	34.19672822
1766.000000	-60.37688636
1767.000000	54.25100834
1768.000000	70.55852706
1769.000000	11.58708964
1770.000000	-55.84260114
1771.000000	-2.34587090
1772.000000	-5.14876011
1773.000000	-42.66089052
1774.000000	-67.75512123
1775.000000	52.92621778
1776.000000	-84.25973326
1777.000000	15.66481100
1778.000000	21.45723634
1779.000000	-25.78065408
1780.000000	-56.33616898
1781.000000	-17.16672625
1782.000000	-25.32342265
1783.000000	-28.27519248
1784.000000	24.73809319
1785.000000	-29.16035403
1786.000000	-50.57405317
1787.000000	59.59767286
1788.000000	106.82377542
1789.000000	-1.62142763
1790.000000	-128.68244535
1791.000000	-42.71405188
1792.000000	12.28467562
1793.000000	-91.92526351
1794.000000	-130.33570960
1795.000000	-15.47528228
1796.000000	-48.65649847
1797.000000	-30.90406351
1798.000000	35.91645555
1799.000000	111.31551968
1800.000000	-15.11479474
1801.000000	38.19648980
1802.000000	31.91181813
1803.000000	61.05508687
1804.000000	-54.45144397
1805.000000	37.36077919
1806.000000	-115.36297272
1807.000000	5.64332718
1808.000000	22.02075391
1809.000000	-34.36373017
1810.000000	-42.27388609
1811.000000	-104.22427913
1812.000000	-57.53196753
1813.000000	66.31487270
1814.000000	-46.05640868
1815.000000	41.19337873
1816.000000	-11.72204991
1817.000000	47.12806390
1818.000000	-19.40268556
1819.000000	-14.20449393
1820.000000	23.39078820
1821.000000	27.83287200
1822.000000	-83.81461669
1823.000000	-4.08753638
1824.000000	40.75864643
1825.000000	-16.65537682
1826.000000	117.63341406
1827.000000	33.12873490
1828.000000	41.79974520
1829.000000	5.97515874
1830.000000	1.33711494
1831.000000	-13.18960246
1832.000000	-56.13273980
1833.000000	35.02014811
1834.000000	-52.38299697
1835.000000	39.21948644
1836.000000	-5.55625357
1837.000000	32.17709296
1838.000000	-6.51040119
1839.000000	-85.66498332
1840.000000	-61.57052845
1841.000000	62.14741861
1842.000000	10.35948542
1843.000000	7.32908719
1844.000000	-88.10773692
1845.000000	44.11473299
1846.000000	-32.38356842
1847.999000	-38.31690564
1848.999000	-77.36986912
1849.999000	-12.08031195
1850.999000	-23.13348580
1851.999000	72.77480974
1852.999000	-14.52503024
1853.999000	-54.00135045
1854.999000	6.00463082
1855.999000	-36.10789333
1856.999000	-67.02804442
1857.999000	-44.60755399
1858.999000	-53.66068529
1859.999000	-96.76415079
1860.999000	-14.83050574
1861.999000	32.58629938
1862.999000	-21.60731441
1863.999000	-38.75340137
1864.999000	69.16778974
1865.999000	31.38003317
1866.999000	82.10368756
1867.999000	-33.26182342
1868.999000	-5.02763584
1869.999000	-4.11816581
1870.999000	51.97562223
1871.999000	77.31144610
1872.999000	36.84345925
1873.999000	19.13074774
1874.999000	-85.54194021
1875.999000	65.06242330
1876.999000	-87.01511056
1877.999000	-51.68621581
1878.999000	82.02471551
1879.999000	56.47703149
1880.999000	-32.76366435
1881.999000	-126.62408931
1882.999000	-7.40111886
1883.999000	6.71227261
1884.999000	25.74554500
1885.999000	93.45535521
1886.999000	-61.37266090
1887.999000	-30.78540997
1888.999000	27.25055293
1889.999000	166.63275499
1890.999000	-44.71576985
1891.999000	91.58550850
1892.999000	-98.33537499
1893.999000	67.59365698
1894.999000	-67.77804147
1895.999000	26.11235041
1896.999000	33.70384789
1897.999000	18.48880987
1898.999000	4.20511395
1899.999000	32.23594957
1900.999000	51.87609050
1901.999000	-55.37648712
1902.999000	36.38651653
1903.999000	-13.06864412
1904.999000	82.58501948
1905.999000	107.73204863
1906.999000	-4.76869614
1907.999000	23.25311767
1908.999000	47.59530475
1909.999000	58.05328585
1910.999000	-51.74307144
1911.999000	-104.20744588
1912.999000	22.71968671
1913.999000	-35.75186547
1914.999000	-6.97652686
1915.999000	76.46132781
1916.999000	83.02961982
1917.999000	-28.98608610
1918.999000	-9.99264163
1919.999000	-50.26518268
1920.999000	-44.17766081
1921.999000	20.12410810
1922.999000	-153.75707638
1923.999000	38.69612096
1924.999000	50.32197932
1925.999000	84.61216543
1926.999000	56.93667948
1927.999000	-15.62299980
1928.999000	-49.30317814
1929.999000	-50.72350501
1930.999000	31.37119582
1931.999000	51.10632441
1932.999000	-86.78467907
1933.999000	18.30951392
1934.999000	16.16059725
1935.999000	23.74715393
1936.999000	-56.94023395
1937.999000	-24.18741513
1938.999000	61.46253487
1939.999000	-45.73499037
1940.999000	54.86129816
1941.999000	18.45232435
1942.999000	18.26099816
1943.999000	38.20977404
1944.999000	10.51984024
1945.999000	36.75148843
1946.999000	-21.72590436
1947.999000	38.58992615
1948.999000	-63.29359587
1949.999000	59.56074260
1950.999000	100.92874281
1951.999000	-65.60948199
1952.999000	-21.46209719
1953.999000	29.65395509
1954.999000	-11.36898401
1955.999000	25.37566325
1956.999000	3.63589859
1957.999000	41.84128026
1958.999000	-17.84461427
1959.999000	-3.14865260
1960.999000	79.28015530
1961.999000	57.57225291
1962.999000	67.76862929
1963.999000	35.58184162
1964.999000	32.76634903
1965.999000	95.48569299
1966.999000	-16.51286896
1967.999000	-13.18013677
1968.999000	19.23754070
1969.999000	6.62829242
1970.999000	0.86720559
1971.999000	-111.61741935
1972.999000	-95.74433865
1973.999000	-25.72563756
1974.999000	97.75897760
1975.999000	25.86466408
1976.999000	-66.91761769
1977.999000	104.15930235
1978.999000	-14.18573150
1979.999000	57.19547161
1980.999000	-42.86906568
1981.999000	32.16218251
1982.999000	2.36535308
1983.999000	-21.08275258
1984.999000	57.57532674
1985.999000	41.03608953
1986.999000	115.56551286
1987.999000	169.60542588
1988.999000	55.56772459
1989.999000	-23.23266833
1990.999000	-47.13544079
1991.999000	-68.97813317
1992.999000	-114.76439803
1993.999000	-33.58285472
1994.999000	73.03886357
1995.999000	-18.92547890
1996.999000	94.45621391
1997.999000	-1.92628168
1998.999000	10.65047601
1999.999000	-86.92156149
2000.999000	106.23864862
2001.999000	-46.66557760
2002.999000	24.53224006
2003.999000	58.99309994
2004.999000	-5.16330784
2005.999000	-12.93786036
2006.999000	6.82699082
2007.999000	-2.03918072
2008.999000	1.61839474
2009.999000	56.06673066
2010.999000	59.58318816
2011.999000	-89.73987880
2012.999000	-51.80401856
2013.999000	-24.06636380
2014.999000	28.58886276
2015.999000	58.73646889
2016.999000	115.69072905
2017.999000	40.18734542
2018.999000	-34.66453043
2019.999000	-33.44673671
2020.999000	-15.83725187
2021.999000	15.97167705
2022.999000	31.76689091
2023.999000	-41.70633973
2024.999000	-39.35364911
2025.999000	-49.55433830
2026.999000	14.03721553
2027.999000	13.34425823
2028.999000	58.04977656
2029.999000	-12.16033147
2030.999000	-4.87808306
2031.999000	103.51887134
2032.999000	-7.69267610
2033.999000	25.10646449
2034.999000	54.86606211
2035.999000	-26.20520147
2036.999000	25.30502097
2037.999000	-28.29263636
2038.999000	-40.42334339
2039.999000	-8.44029817
2040.999000	36.55008799
2041.999000	2.07546605
2042.999000	82.06211450
2043.999000	-28.76034606
2044.999000	-26.05840364
2045.999000	-58.03803069
2046.999000	-4.67739922
2047.999000	-38.54191968
2048.999000	6.89244598
2049.999000	11.18417502
2050.999000	60.01180622
2051.999000	-27.41644991
2052.999000	-66.39705426
2053.999000	57.50711423
2054.999000	0.52656167
2055.999000	32.40790870
2056.999000	44.39040690
2057.999000	-181.55138581
2058.999000	-92.15862302
2059.999000	25.20703438
2060.999000	-35.66268338
2061.999000	-17.34599500
2062.999000	8.55868493
2063.999000	63.87236272
2064.999000	4.06761333
2065.999000	-33.71099682
2066.999000	-11.24047553
2067.999000	35.04558207
2068.999000	43.10528168
2069.999000	-18.92221885
2070.999000	26.10686395
2071.999000	-34.04733619
2072.999000	-23.13922948
2073.999000	-34.00015398
2074.999000	-2.61061379
2075.999000	-31.61475562
2076.999000	29.95756455
2077.999000	62.71342106
2078.999000	-102.12726518
2079.999000	24.16413551
2080.999000	12.57217575
2081.999000	17.98193099
2082.999000	-145.72638299
2083.999000	-21.20626954
2084.999000	-33.06046598
2085.999000	77.07997593
2086.999000	-84.59501453
2087.999000	-61.35202029
2088.999000	23.87402889
2089.999000	46.56166450
2090.999000	6.04053445
2091.999000	39.46037367
2092.999000	-37.45021261
2093.999000	15.72854808
2094.999000	-7.84047150
2095.999000	107.17784629
2096.999000	11.68999738
2097.999000	11.50045317
2098.999000	117.66258901
2099.999000	72.38126825
