# F(k,t) correlation function
# Reference time: 1004.001 ps
# lag_time_ps	F(k,t)
0.000000	515.48688867
1.000000	-9.22712597
3.000000	-13.46604414
5.000000	-97.47425496
7.000000	-3.01896920
9.000000	-12.65267083
11.000000	11.78552196
13.000000	-96.87719050
15.000000	-59.58306176
17.000000	47.90098386
19.000000	-25.72568701
21.000000	6.99455299
23.000000	23.26126916
25.000000	-59.78736997
27.000000	48.82974710
29.000000	14.87404380
31.000000	-15.00869594
33.000000	-13.93922082
35.000000	-106.80696775
37.000000	-49.32815335
39.000000	-21.74123741
41.000000	-44.24772675
43.000000	13.98610848
45.000000	3.26228698
47.000000	22.75435628
49.000000	-13.93957766
51.000000	-9.18507847
53.000000	57.78521768
55.000000	83.45721338
57.000000	-29.61203353
59.000000	-27.15161013
61.000000	48.75202364
63.000000	14.47679779
65.000000	-38.39230717
67.000000	64.62668388
69.000000	-103.88296865
71.000000	-51.85186035
73.000000	-15.41552314
75.000000	-68.93048363
77.000000	-40.93544959
79.000000	83.33547654
81.000000	-27.61607239
83.000000	55.25550900
85.000000	54.74664481
87.000000	-47.88501410
89.000000	41.06016005
91.000000	18.79257535
93.000000	-5.99499206
95.000000	-16.11665478
97.000000	-64.52330624
99.000000	-27.41747964
101.000000	-38.61023344
103.000000	-47.17818264
105.000000	-2.77659204
107.000000	28.12693534
109.000000	-17.90515991
111.000000	33.65642158
113.000000	-5.19550348
115.000000	-30.57776038
117.000000	103.59173514
119.000000	-19.34995456
121.000000	-2.40853604
123.000000	-102.70746388
125.000000	35.75988376
127.000000	-2.18141003
129.000000	43.18270557
131.000000	-116.70846306
133.000000	-20.91313803
135.000000	60.33786444
137.000000	17.03034579
139.000000	-33.53176926
141.000000	35.85649822
143.000000	0.34811246
145.000000	-52.15434028
147.000000	64.99377789
149.000000	-15.45667327
151.000000	45.65444384
153.000000	75.35819669
155.000000	-22.18831484
157.000000	46.70032174
159.000000	2.33873855
161.000000	42.42317007
163.000000	-41.75183888
165.000000	-40.54560270
167.000000	26.60278308
169.000000	20.63362924
171.000000	-49.66026386
173.000000	2.73080925
175.000000	-44.30246795
177.000000	-2.01426868
179.000000	101.56840839
181.000000	-34.87203042
183.000000	75.50897973
185.000000	-32.36370119
187.000000	106.56440007
189.000000	-40.26277435
191.000000	81.48225610
193.000000	-65.25771806
195.000000	5.02444998
197.000000	-3.04620026
199.000000	-31.64582855
201.000000	27.76903392
203.000000	96.36825606
205.000000	32.51602526
207.000000	-47.72048790
209.000000	74.54882255
211.000000	66.22883476
213.000000	34.86640027
215.000000	-28.21498385
217.000000	166.27847837
219.000000	74.71126121
221.000000	69.99524527
223.000000	-59.16401365
225.000000	-14.15228586
227.000000	-50.69090795
229.000000	39.55891472
231.000000	6.66464827
233.000000	9.26661544
235.000000	25.76004419
237.000000	-30.13623768
239.000000	115.85730624
241.000000	27.12357577
243.000000	-64.61548654
245.000000	72.67534805
247.000000	-47.20943844
249.000000	-77.14869082
251.000000	42.89296359
253.000000	11.17785037
255.000000	-5.43319936
257.000000	-45.97779331
259.000000	-9.17743073
261.000000	-74.43468845
263.000000	27.93371685
265.000000	10.39834989
267.000000	37.49672495
269.000000	50.84750531
271.000000	12.41060312
273.000000	-62.90799074
275.000000	54.74735290
277.000000	-14.89973084
279.000000	73.81904135
281.000000	-15.91117324
283.000000	63.47778874
285.000000	-112.85316250
287.000000	-46.85390556
289.000000	108.08699993
291.000000	92.80491331
293.000000	-7.83839689
295.000000	-16.14786532
297.000000	44.11867370
299.000000	-68.78153175
301.000000	-72.08730238
303.000000	74.99012874
305.000000	-16.75054186
307.000000	-38.37562498
309.000000	-12.30852890
311.000000	49.92917060
313.000000	-13.71956148
315.000000	-80.49556744
317.000000	0.12932133
319.000000	21.32610451
321.000000	40.88417822
323.000000	-67.57016148
325.000000	32.04113908
327.000000	-16.28078513
329.000000	-14.67563770
331.000000	-38.58494435
333.000000	-7.08248953
335.000000	-46.92212645
337.000000	-27.08686105
339.000000	35.79597850
341.000000	-55.64090791
343.000000	57.43606329
345.000000	37.86975634
347.000000	49.71768792
349.000000	109.42848321
351.000000	0.64896546
353.000000	12.45816243
355.000000	-46.36414460
357.000000	-65.61495559
359.000000	51.57638959
361.000000	32.66580987
363.000000	-47.17557825
365.000000	12.48759843
367.000000	-50.67063766
369.000000	-11.81842747
371.000000	-74.76691752
373.000000	61.28048629
375.000000	-13.59427777
377.000000	-68.55925888
379.000000	-24.69370481
381.000000	-131.37935928
383.000000	117.35058402
385.000000	-35.99087632
387.000000	54.33479960
389.000000	-3.15740113
391.000000	8.61924639
393.000000	-47.90682280
395.000000	-0.23693183
397.000000	-2.26023971
399.000000	40.04810827
401.000000	-48.57297478
403.000000	-14.43373197
405.000000	76.69046640
407.000000	29.55841415
409.000000	-13.04048477
411.000000	-48.38385520
413.000000	-37.13993529
415.000000	47.30700443
417.000000	132.23199502
419.000000	-11.97678071
421.000000	-22.83108362
423.000000	-5.61975524
425.000000	-99.43227533
427.000000	53.69653051
429.000000	-92.05342836
431.000000	0.30307531
433.000000	-27.05778107
435.000000	9.21873450
437.000000	-70.93203885
439.000000	6.88864022
441.000000	-80.57601886
443.000000	32.18031375
445.000000	38.61227142
447.000000	81.85731656
449.000000	-29.00340985
451.000000	43.63879386
453.000000	126.71715031
455.000000	-83.85515083
457.000000	-52.57470190
459.000000	120.87924759
461.000000	66.98933827
463.000000	-66.70497783
465.000000	-3.86328539
467.000000	-36.16372575
469.000000	45.18473624
471.000000	29.69280969
473.000000	-22.22639969
475.000000	-10.10193082
477.000000	94.02845819
479.000000	-9.72040359
481.000000	15.07519108
483.000000	19.38541258
485.000000	-73.95267518
487.000000	9.98057634
489.000000	42.59205268
491.000000	-17.54618057
493.000000	16.65766449
495.000000	30.34415361
497.000000	3.20040225
499.000000	107.16222551
501.000000	91.22695395
503.000000	30.09602675
505.000000	12.16093328
507.000000	42.44153668
509.000000	98.61175157
511.000000	61.96996629
513.000000	65.89957848
515.000000	62.48317993
517.000000	15.66940986
519.000000	36.58702767
521.000000	-60.02457429
523.000000	36.89211979
525.000000	-71.41141899
527.000000	-24.60646727
529.000000	42.56926174
531.000000	25.74249883
533.000000	3.47193724
535.000000	16.04584488
537.000000	-83.63841912
539.000000	18.24179906
541.000000	-8.30146139
543.000000	17.12359042
545.000000	-14.24002883
547.000000	-102.27315833
549.000000	64.84819218
551.000000	7.30020127
553.000000	-46.64273139
555.000000	9.45899633
557.000000	-25.27096481
559.000000	-38.35992039
561.000000	-126.30046889
563.000000	-1.14501935
565.000000	34.01376983
567.000000	-6.45803207
569.000000	7.93148839
571.000000	42.71824666
573.000000	20.50651506
575.000000	26.64576699
577.000000	-19.64268904
579.000000	20.89638977
581.000000	-140.34338361
583.000000	8.69012728
585.000000	-39.93471940
587.000000	-62.84212018
589.000000	-69.60252560
591.000000	5.37085652
593.000000	-116.39103474
595.000000	-69.99106193
597.000000	55.90161528
599.000000	-2.16568534
601.000000	-31.19978273
603.000000	2.32235139
605.000000	35.73092767
607.000000	69.12668983
609.000000	21.72081631
611.000000	-62.99971768
613.000000	-62.85568097
615.000000	-128.37109949
617.000000	-20.81929170
619.000000	65.10298868
621.000000	-78.43720692
623.000000	18.92918310
625.000000	-8.39990486
627.000000	66.35102674
629.000000	51.24022905
631.000000	132.05529970
633.000000	14.21286507
635.000000	31.49155479
637.000000	11.37615724
639.000000	8.25844673
641.000000	-17.84043363
643.000000	35.82244830
645.000000	28.60972139
647.000000	43.63142097
649.000000	-26.65740369
651.000000	22.40789778
653.000000	-23.66490113
655.000000	54.67242232
657.000000	-71.22007952
659.000000	-79.95628591
661.000000	31.25085680
663.000000	-39.89171853
665.000000	-15.27400947
667.000000	-87.83596980
669.000000	-8.40158087
671.000000	0.16257492
673.000000	9.75457343
675.000000	-4.73080491
677.000000	-16.88052664
679.000000	91.30887433
681.000000	-20.92472233
683.000000	15.13326221
685.000000	1.19602447
687.000000	-85.82954546
689.000000	60.89808502
691.000000	-24.39689869
693.000000	46.97049763
695.000000	-37.79764813
697.000000	-5.22074912
699.000000	-22.21691922
701.000000	-13.17993662
703.000000	66.64182405
705.000000	129.72726973
707.000000	33.98463915
709.000000	-43.55175838
711.000000	48.15150965
713.000000	26.47031385
715.000000	-43.60573953
717.000000	42.93735957
719.000000	31.68374286
721.000000	-48.05984838
723.000000	18.45064383
725.000000	-9.10516728
727.000000	26.47959009
729.000000	-10.64838094
731.000000	-33.96340508
733.000000	0.16365666
735.000000	-9.20157138
737.000000	33.05177706
739.000000	26.27925011
741.000000	-67.76817227
743.000000	-22.07055914
745.000000	-25.19428445
747.000000	-32.68868146
749.000000	-107.26451600
751.000000	-13.36405872
753.000000	113.36173745
755.000000	9.30031096
757.000000	-54.83988443
759.000000	1.89433312
761.000000	-38.10887229
763.000000	-18.17899796
765.000000	16.43916073
767.000000	-40.54423009
769.000000	27.28565579
771.000000	-99.77320917
773.000000	-92.08569299
775.000000	61.15123134
777.000000	-33.09992849
779.000000	63.25495106
781.000000	-21.97800670
783.000000	122.30341908
785.000000	-38.58217341
787.000000	52.49991842
789.000000	42.34707958
791.000000	56.74173519
793.000000	12.56831752
795.000000	-55.75540007
797.000000	-10.60070068
799.000000	-111.03323607
801.000000	-1.90593314
803.000000	-91.29241082
805.000000	-16.42390951
807.000000	76.84225031
809.000000	9.63590824
811.000000	-30.17491709
813.000000	25.20525008
815.000000	40.27926101
817.000000	-123.29601492
819.000000	-21.34978158
821.000000	0.13961994
823.000000	-17.16501287
825.000000	-18.16629746
827.000000	90.96240625
829.000000	25.24426331
831.000000	154.02631164
833.000000	-35.72279496
835.000000	-53.14703635
837.000000	25.53331498
839.000000	-14.96776905
841.000000	-14.68583620
843.000000	-59.49671622
845.000000	-50.43472495
846.000000	-2.23266702
847.000000	45.21768526
848.000000	56.49079823
849.000000	20.75968248
850.000000	-49.76339648
851.000000	-76.73331902
852.000000	127.15219979
853.000000	-37.87341677
854.000000	-31.89277275
855.000000	29.11536631
856.000000	10.86086648
857.000000	6.91940349
858.000000	101.61415033
859.000000	17.67813621
860.000000	66.50423884
861.000000	-61.36755328
862.000000	-28.32864769
863.000000	-45.65000844
864.000000	-79.79275681
865.000000	58.20477621
866.000000	2.47532259
867.000000	-60.66485719
868.000000	40.67398872
869.000000	120.35647011
870.000000	37.01847759
871.000000	-59.08676902
872.000000	-50.22593907
873.000000	56.33321767
874.000000	74.44282807
875.000000	-36.69699478
876.000000	73.06620529
877.000000	-71.61480071
878.000000	-6.40296006
879.000000	-49.37999046
880.000000	47.97177154
881.000000	37.62279655
882.000000	-70.57469195
883.000000	-29.30911966
884.000000	-20.31103887
885.000000	-34.20142064
886.000000	-38.18476534
887.000000	-62.33692740
888.000000	-23.62311480
889.000000	5.64567073
890.000000	-53.07778172
891.000000	26.87132880
892.000000	32.03418498
893.000000	-144.95028585
894.000000	-7.86158376
895.000000	-78.16145658
896.000000	84.16771989
897.000000	-21.19912372
898.000000	-108.99677314
899.000000	56.90141976
900.000000	-112.09096183
901.000000	-68.26444684
902.000000	35.64881513
903.000000	-140.90482659
904.000000	10.17853409
905.000000	24.47743223
906.000000	39.17047129
907.000000	-43.34434570
908.000000	-40.18113802
909.000000	-19.36213206
910.000000	48.23285403
911.000000	18.70675733
912.000000	41.59665468
913.000000	2.94089792
914.000000	14.09531869
915.000000	54.99399167
916.000000	64.77974589
917.000000	33.43754957
918.000000	65.79864023
919.000000	-57.62534043
920.000000	39.55386548
921.000000	-59.49258319
922.000000	-18.60658075
923.000000	-43.90858371
924.000000	-5.21096846
925.000000	28.04734077
926.000000	-13.29195047
927.000000	-0.56421048
928.000000	-2.50016569
929.000000	-48.80910266
930.000000	-37.19327402
931.000000	100.14451101
932.000000	62.66802892
933.000000	-19.05421491
934.000000	-1.76781542
935.000000	-65.64357421
936.000000	38.12479591
937.000000	44.35225584
938.000000	22.90722361
939.000000	-43.83441496
940.000000	-33.87773422
941.000000	-41.28112804
942.000000	-30.41609725
943.000000	-85.20554095
944.000000	-139.92537761
945.000000	-74.48712808
946.000000	27.33567979
947.000000	-33.65879971
948.000000	28.00843642
949.000000	-30.32859979
950.000000	103.80492841
951.000000	-46.48151843
952.000000	90.80076754
953.000000	40.55230422
954.000000	-26.32488584
955.000000	-59.16905391
956.000000	85.96129230
957.000000	68.54022101
958.000000	38.66948794
959.000000	11.23848062
960.000000	7.46224810
961.000000	96.75633893
962.000000	-42.43704763
963.000000	42.16458738
964.000000	-46.11817145
965.000000	52.12378551
966.000000	-83.32669759
967.000000	-3.95546596
968.000000	-17.77741692
969.000000	41.74970724
970.000000	49.86358932
971.000000	-16.29544925
972.000000	96.17535628
973.000000	-38.92349408
974.000000	57.07594897
975.000000	-55.66823598
976.000000	26.37519077
977.000000	-59.02876845
978.000000	68.85738490
979.000000	13.26059337
980.000000	2.64257410
981.000000	95.19458466
982.000000	62.22236759
983.000000	-35.28952207
984.000000	18.49971421
985.000000	-36.21393810
986.000000	-2.17503334
987.000000	-73.78247243
988.000000	-104.29936019
989.000000	10.31501661
990.000000	-24.54339216
991.000000	30.76486478
992.000000	-74.68703166
993.000000	33.23739923
994.000000	23.78589366
995.000000	-58.37976314
996.000000	-14.86944423
997.000000	-134.24093830
998.000000	-6.29436680
999.000000	-21.94580946
1000.000000	18.18528672
1001.000000	69.99601570
1002.000000	-8.06586873
1003.000000	12.12843692
1004.000000	-14.75420349
1005.000000	-93.68585363
1006.000000	16.96899484
1007.000000	-30.48715169
1008.000000	-24.21542834
1009.000000	-34.34726927
1010.000000	-13.73344236
1011.000000	25.61674587
1012.000000	72.18234677
1013.000000	2.06385789
1014.000000	-3.35960489
1015.000000	-16.28906012
1016.000000	120.20304623
1017.000000	-27.49490168
1018.000000	-35.04920019
1019.000000	-34.78681031
1020.000000	40.97110552
1021.000000	-0.64130074
1022.000000	-33.72129405
1023.000000	-46.75277254
1024.000000	4.97579710
1025.000000	80.46042702
1026.000000	-11.71450401
1027.000000	-25.09915484
1028.000000	76.86575849
1029.000000	6.91080409
1030.000000	-113.47780681
1031.000000	-12.33494370
1032.000000	-49.22566156
1033.000000	-51.47721731
1034.000000	-81.58773986
1035.000000	65.17826709
1036.000000	-27.85565472
1037.000000	-24.55288029
1038.000000	-57.16692727
1039.000000	21.25934053
1040.000000	-28.53649950
1041.000000	17.74752417
1042.000000	30.39668735
1043.999000	52.72720961
1044.999000	-44.64025899
1045.999000	25.82375377
1046.999000	-39.23179512
1047.999000	30.75145500
1048.999000	-119.21024717
1049.999000	17.50444251
1050.999000	-9.18799653
1051.999000	43.40688174
1052.999000	-2.45719196
1053.999000	-52.19574122
1054.999000	70.25362546
1055.999000	132.58838193
1056.999000	-3.96389493
1057.999000	37.04126521
1058.999000	-32.46187751
1059.999000	2.44459585
1060.999000	27.04959185
1061.999000	-24.67607357
1062.999000	-14.00569470
1063.999000	63.07226093
1064.999000	-47.24695306
1065.999000	-58.91954097
1066.999000	58.09338162
1067.999000	-9.19324055
1068.999000	52.06697632
1069.999000	-98.36326875
1070.999000	-24.00101160
1071.999000	151.70686132
1072.999000	-116.47883276
1073.999000	-42.00081786
1074.999000	-7.27613941
1075.999000	39.37280048
1076.999000	4.31412885
1077.999000	93.86524725
1078.999000	-1.21937546
1079.999000	21.77900502
1080.999000	-16.86818940
1081.999000	4.32372125
1082.999000	-29.23641032
1083.999000	-4.68110417
1084.999000	-51.25397973
1085.999000	-43.93856681
1086.999000	27.79335746
1087.999000	-16.56444786
1088.999000	19.85848006
1089.999000	-7.96552107
1090.999000	-59.34439058
1091.999000	-37.04693093
1092.999000	-116.40996105
1093.999000	23.95914000
1094.999000	-60.70965385
1095.999000	-93.89848998
1096.999000	23.89178217
1097.999000	-85.27738657
1098.999000	-21.37877366
1099.999000	-58.15618195
1100.999000	30.77517176
1101.999000	-107.88835181
1102.999000	-66.87549957
1103.999000	-37.75072514
1104.999000	5.50234554
1105.999000	1.90378950
1106.999000	-67.00192518
1107.999000	-36.49200707
1108.999000	-23.09823695
1109.999000	97.97248427
1110.999000	-29.94099241
1111.999000	8.56626067
1112.999000	46.56521570
1113.999000	117.41073599
1114.999000	28.00152378
1115.999000	-27.11766201
1116.999000	10.26541562
1117.999000	-69.68964262
1118.999000	-3.40208839
1119.999000	131.64333030
1120.999000	-63.56825973
1121.999000	2.36955445
1122.999000	-102.19489492
1123.999000	3.76703795
1124.999000	6.06179626
1125.999000	11.44182760
1126.999000	-5.74481654
1127.999000	-49.70572789
1128.999000	-24.21314411
1129.999000	28.24809303
1130.999000	64.52628860
1131.999000	-48.98327098
1132.999000	-26.61037399
1133.999000	11.88622090
1134.999000	50.10183806
1135.999000	-36.13539381
1136.999000	143.19931459
1137.999000	-88.05882987
1138.999000	-59.22839900
1139.999000	88.98997221
1140.999000	-2.93595952
1141.999000	26.32056780
1142.999000	-74.81088440
1143.999000	-5.54825078
1144.999000	150.91247648
1145.999000	-16.93269064
1146.999000	-22.79461832
1147.999000	58.20895616
1148.999000	-77.04351054
1149.999000	27.87208684
1150.999000	-31.85296958
1151.999000	7.19642390
1152.999000	92.19759339
1153.999000	102.45712603
1154.999000	-89.99592405
1155.999000	-83.41845024
1156.999000	76.11928274
1157.999000	-36.79178947
1158.999000	60.25124059
1159.999000	28.25643805
1160.999000	36.93340453
1161.999000	14.84723114
1162.999000	32.15252119
1163.999000	-23.38323752
1164.999000	-5.86539923
1165.999000	70.84502679
1166.999000	-24.23525575
1167.999000	-16.68662173
1168.999000	-19.96874132
1169.999000	63.97521735
1170.999000	-13.57098042
1171.999000	97.88489888
1172.999000	80.07432684
1173.999000	113.10686402
1174.999000	61.14654099
1175.999000	8.69515518
1176.999000	31.38501328
1177.999000	11.29833910
1178.999000	-43.18268982
1179.999000	31.51409241
1180.999000	-16.16889518
1181.999000	-24.12989842
1182.999000	31.91912614
1183.999000	-63.02281731
1184.999000	25.33923660
1185.999000	17.64855265
1186.999000	34.96475018
1187.999000	-76.93508828
1188.999000	13.49248011
1189.999000	7.41981830
1190.999000	43.88834035
1191.999000	-35.25350498
1192.999000	-69.81507348
1193.999000	85.86893281
1194.999000	78.18982372
1195.999000	-16.50492108
1196.999000	20.11998596
1197.999000	94.23234206
1198.999000	125.96326287
1199.999000	35.34800242
1200.999000	-71.60127424
1201.999000	-58.06746579
1202.999000	14.85943593
1203.999000	2.70487228
1204.999000	-49.67229838
1205.999000	27.83480910
1206.999000	79.76891177
1207.999000	-23.36590683
1208.999000	-4.75435651
1209.999000	118.92321841
1210.999000	4.04885716
1211.999000	-36.13114374
1212.999000	-85.31644485
1213.999000	3.32078574
1214.999000	-93.75739551
1215.999000	-78.05280215
1216.999000	-11.33384541
1217.999000	18.39680086
1218.999000	-1.81501484
1219.999000	7.14823507
1220.999000	34.66717076
1221.999000	78.83639221
1222.999000	20.52019146
1223.999000	86.71375425
1224.999000	12.04351998
1225.999000	24.70169677
1226.999000	-120.92120304
1227.999000	-41.09327060
1228.999000	4.97527212
1229.999000	-51.84607202
1230.999000	-122.14642613
1231.999000	-56.04848754
1232.999000	85.17654051
1233.999000	15.42475793
1234.999000	9.53285731
1235.999000	-9.64666019
1236.999000	-35.89315464
1237.999000	-66.86815059
1238.999000	-73.87313518
1239.999000	-33.58677938
1240.999000	6.13759114
1241.999000	-24.58479363
1242.999000	46.13749068
1243.999000	-50.66900157
1244.999000	-14.59658016
1245.999000	-118.19207872
1246.999000	-49.84480005
1247.999000	71.90732311
1248.999000	-27.33247536
1249.999000	-85.94657814
1250.999000	-71.34522483
1251.999000	-13.80998791
1252.999000	38.78153511
1253.999000	-60.04925719
1254.999000	-69.43677474
1255.999000	-18.82451606
1256.999000	31.15757636
1257.999000	21.81646069
1258.999000	-86.31270738
1259.999000	-47.65868734
1260.999000	19.87976479
1261.999000	18.04834677
1262.999000	39.08547493
1263.999000	-70.93381263
1264.999000	63.24073464
1265.999000	-5.87885060
1266.999000	-4.22014340
1267.999000	24.77864077
1268.999000	5.45145406
1269.999000	9.84466672
1270.999000	-15.20277690
1271.999000	55.13972768
1272.999000	-14.85401252
1273.999000	-12.03624064
1274.999000	46.13983421
1275.999000	51.65710625
1276.999000	-65.71330686
1277.999000	29.15435328
1278.999000	14.78941869
1279.999000	-64.59561339
1280.999000	-47.72648327
1281.999000	29.68391049
1282.999000	-62.47310859
1283.999000	-8.16766141
1284.999000	-67.11543463
1285.999000	36.76091769
1286.999000	-26.35220373
1287.999000	6.33355371
1288.999000	11.67803466
1289.999000	-69.03924698
1290.999000	0.52780433
1291.999000	57.03611096
1292.999000	-63.27442025
1293.999000	-71.17017030
1294.999000	7.82586797
1295.999000	-139.85182657
