# F(k,t) correlation function
# Reference time: 200.001 ps
# lag_time_ps	F(k,t)
0.000000	532.97959742
1.000000	59.03847771
3.000000	-60.28006251
5.000000	32.98678868
7.000000	-5.88728636
9.000000	50.34931990
11.000000	84.09579178
13.000000	34.38646118
15.000000	-53.36817915
17.000000	115.88989974
19.000000	-86.14054609
21.000000	35.12440131
23.000000	47.14476395
25.000000	-87.76711883
27.000000	34.95811420
29.000000	3.75060121
31.000000	-67.29431246
33.000000	-24.15489799
35.000000	47.13551029
37.000000	16.66557500
39.000000	18.59545980
41.000000	35.50006805
43.000000	33.18275731
45.000000	31.49477618
47.000000	-55.96740696
49.000000	55.95172555
51.000000	-53.18027357
53.000000	18.58058016
55.000000	3.70080372
57.000000	-12.16460004
59.000000	12.10310270
61.000000	6.76148199
63.000000	34.69846077
65.000000	80.70300090
67.000000	60.59189853
69.000000	53.35459640
71.000000	-58.28904529
73.000000	64.99697422
75.000000	87.01249044
77.000000	46.15288292
79.000000	48.20273299
81.000000	8.25752294
83.000000	-118.20467424
85.000000	23.00631072
87.000000	-26.06913000
89.000000	36.54907957
91.000000	-5.98221733
93.000000	33.31127319
95.000000	17.37101631
97.000000	84.39267798
99.000000	14.14116661
101.000000	79.40874495
103.000000	13.05186856
105.000000	82.97074534
107.000000	38.53228859
109.000000	60.48403761
111.000000	4.06539372
113.000000	-74.68347341
115.000000	11.07667258
117.000000	-60.28056130
119.000000	-117.51507471
121.000000	6.51205288
123.000000	-35.19351215
125.000000	17.84373532
127.000000	-29.76087557
129.000000	22.01916903
131.000000	-1.26379061
133.000000	-75.58936989
135.000000	-59.15355435
137.000000	-37.34066670
139.000000	103.48732938
141.000000	-63.29514760
143.000000	9.83544125
145.000000	-53.66400074
147.000000	-27.42637828
149.000000	-7.83785063
151.000000	41.66959270
153.000000	36.50361837
155.000000	-25.19701520
157.000000	-26.15439085
159.000000	39.90462706
161.000000	-92.46850538
163.000000	-67.21459305
165.000000	-31.39761965
167.000000	38.61398227
169.000000	-4.19021334
171.000000	-40.15414973
173.000000	45.07942578
175.000000	-28.40556391
177.000000	90.03172098
179.000000	17.21639296
181.000000	-0.70017798
183.000000	68.59736464
185.000000	-93.41646494
187.000000	38.06821545
189.000000	-20.85705230
191.000000	43.01993642
193.000000	-58.96693648
195.000000	-33.37752363
197.000000	-7.64086814
199.000000	99.13113366
201.000000	98.05455502
203.000000	-129.40803348
205.000000	72.47853545
207.000000	4.27343158
209.000000	45.05346343
211.000000	-47.98003140
213.000000	48.89975011
215.000000	148.91213132
217.000000	48.91500648
219.000000	-66.75391218
221.000000	-14.47306109
223.000000	-13.35915046
225.000000	49.04177118
227.000000	-57.48969927
229.000000	-2.02542641
231.000000	60.43964925
233.000000	12.44911681
235.000000	-93.62414846
237.000000	-35.95614757
239.000000	-145.98499910
241.000000	60.18994422
243.000000	-11.76304196
245.000000	-8.39447627
247.000000	-13.96583733
249.000000	37.04820536
251.000000	78.93372715
253.000000	-77.12270000
255.000000	25.01542766
257.000000	-32.67663548
259.000000	2.42257533
261.000000	-66.71867793
263.000000	-80.62125313
265.000000	-2.05198349
267.000000	14.67826865
269.000000	54.36183421
271.000000	-22.96260359
273.000000	13.28548483
275.000000	19.25468910
277.000000	44.03637384
279.000000	13.75372802
281.000000	33.71605090
283.000000	-1.23144502
285.000000	95.15031702
287.000000	-75.59544670
289.000000	1.42419515
291.000000	-29.65225386
293.000000	-17.37980575
295.000000	-57.44974087
297.000000	27.96910674
299.000000	-33.42673616
301.000000	-83.01667580
303.000000	53.40887854
305.000000	11.64647673
307.000000	-31.56940573
309.000000	-9.00410450
311.000000	-62.43589714
313.000000	-7.70358576
315.000000	8.87889562
317.000000	-122.31283579
319.000000	14.09765569
321.000000	29.82532650
323.000000	-47.41214583
325.000000	17.06399303
327.000000	-10.19291688
329.000000	9.16631219
331.000000	78.87197137
333.000000	-15.76755576
335.000000	32.95853296
337.000000	6.10092012
339.000000	-6.35499026
341.000000	-63.05049307
343.000000	44.57297488
345.000000	33.06853898
347.000000	-87.39029808
349.000000	51.27629490
351.000000	18.14548289
353.000000	-44.53387967
355.000000	43.85038720
357.000000	-111.94251663
359.000000	-23.63221914
361.000000	-2.96734189
363.000000	-32.17070957
365.000000	-129.90359733
367.000000	-18.75205531
369.000000	46.15278062
371.000000	-47.23436943
373.000000	-96.47882300
375.000000	-57.81057529
377.000000	-50.37098328
379.000000	53.98793528
381.000000	-100.63526437
383.000000	34.01577320
385.000000	-47.74949604
387.000000	-46.17779645
389.000000	-23.38099722
391.000000	32.66407031
393.000000	-38.52141183
395.000000	-8.66915534
397.000000	95.82835203
399.000000	47.89882262
401.000000	54.16719394
403.000000	-2.00380932
405.000000	72.37318502
407.000000	0.08815393
409.000000	-76.00394948
411.000000	4.63046557
413.000000	-143.89176632
415.000000	-118.14995721
417.000000	-35.17163660
419.000000	-28.01936937
421.000000	3.96622192
423.000000	82.22366028
425.000000	-2.61415677
427.000000	65.15032281
429.000000	22.37739569
431.000000	62.54318200
433.000000	7.01315855
435.000000	-113.71485713
437.000000	10.83923611
439.000000	-35.19125194
441.000000	-53.91902478
443.000000	37.43412046
445.000000	-2.16776689
447.000000	-67.90090333
449.000000	-101.03465257
451.000000	79.84628989
453.000000	66.39280285
455.000000	-96.50707570
457.000000	48.57232275
459.000000	1.05501675
461.000000	122.94391010
463.000000	24.66321299
465.000000	61.96848038
467.000000	-13.10339682
469.000000	-6.21967288
471.000000	-74.24304263
473.000000	52.76647987
475.000000	50.60203271
477.000000	-36.39072963
479.000000	-27.13570831
481.000000	-118.48751711
483.000000	42.91560209
485.000000	-49.83898259
487.000000	45.51484615
489.000000	20.57113151
491.000000	-8.97111048
493.000000	-0.08116482
495.000000	65.32717316
497.000000	6.01941444
499.000000	40.46479436
501.000000	5.00387537
503.000000	13.14284873
505.000000	84.23727143
507.000000	19.96034273
509.000000	23.88428733
511.000000	-34.57662228
513.000000	7.37647177
515.000000	65.83007939
517.000000	-63.11537638
519.000000	-20.53768486
521.000000	-26.88806232
523.000000	-24.42623922
525.000000	-12.05178605
527.000000	110.14038128
529.000000	43.89902924
531.000000	-28.12959666
533.000000	26.50331067
535.000000	48.52234661
537.000000	-37.19445991
539.000000	95.36132862
541.000000	-25.52193366
543.000000	8.13606900
545.000000	-37.61026372
547.000000	-35.57087993
549.000000	90.44596305
551.000000	-29.31766195
553.000000	21.95458783
555.000000	-35.82504234
557.000000	-22.31320229
559.000000	105.59991580
561.000000	104.00059778
563.000000	-10.96728274
565.000000	-73.71101224
567.000000	-111.15225729
569.000000	-106.41566889
571.000000	-0.06196609
573.000000	13.60988123
575.000000	41.37454739
577.000000	78.29564171
579.000000	33.84036954
581.000000	26.33866071
583.000000	-62.68074855
585.000000	5.00225229
587.000000	8.46885607
589.000000	6.17204259
591.000000	-61.97769811
593.000000	19.59244613
595.000000	-17.50714408
597.000000	-15.89167911
599.000000	63.31836148
601.000000	-95.53965213
603.000000	89.41470227
605.000000	-11.68138830
607.000000	6.02233130
609.000000	19.36488729
611.000000	31.32233661
613.000000	-7.46421767
615.000000	-26.74694664
617.000000	35.20492723
619.000000	121.66494972
621.000000	-17.87236341
623.000000	14.60378788
625.000000	-57.68767189
627.000000	-22.86764349
629.000000	-4.77321595
631.000000	72.41288025
633.000000	4.23295100
635.000000	16.06577420
637.000000	26.70671892
639.000000	-10.29955513
641.000000	59.83171228
643.000000	0.01053535
645.000000	-23.55917878
647.000000	114.28438138
649.000000	97.63978317
651.000000	37.26699788
653.000000	-30.85968397
655.000000	81.33410819
657.000000	-7.94668706
659.000000	11.50238967
661.000000	-74.16314369
663.000000	-36.29908247
665.000000	40.79018078
667.000000	11.46300200
669.000000	-66.77220776
671.000000	-56.65672463
673.000000	26.84984980
675.000000	-3.37862767
677.000000	-5.23156936
679.000000	14.31718139
681.000000	8.84219989
683.000000	-138.76845070
685.000000	-40.07891656
687.000000	-21.09236586
689.000000	35.07051344
691.000000	-50.01998895
693.000000	51.32349766
695.000000	2.21837515
697.000000	35.69664199
699.000000	-7.95146701
701.000000	-53.97678790
703.000000	88.25229374
705.000000	-54.69734428
707.000000	95.69558335
709.000000	47.31192676
711.000000	-56.74025757
713.000000	59.10183704
715.000000	28.80297853
717.000000	-56.37524529
719.000000	7.76617348
721.000000	17.71060090
723.000000	35.70275441
725.000000	18.25222591
727.000000	-13.58958018
729.000000	-51.34914751
731.000000	16.56229105
733.000000	-51.60917498
735.000000	50.61463215
737.000000	-47.92794199
739.000000	-104.29949258
741.000000	-13.51476902
743.000000	-28.06825012
745.000000	-10.61266740
747.000000	35.46754658
749.000000	-29.07888118
751.000000	-2.98103243
753.000000	80.50361111
755.000000	-33.27352761
757.000000	75.21281422
759.000000	18.70890356
761.000000	41.08901643
763.000000	54.96664723
765.000000	-71.37218740
767.000000	-91.59689999
769.000000	-35.31952122
771.000000	91.81923502
773.000000	46.35815431
775.000000	39.49996731
777.000000	53.32671144
779.000000	50.17222971
781.000000	89.06448863
783.000000	15.66089364
785.000000	33.38594602
787.000000	95.67772893
789.000000	-122.94395049
791.000000	-88.44649907
793.000000	-15.26936934
795.000000	-42.31122632
797.000000	-50.67829600
799.000000	-10.50706993
801.000000	-66.94121760
803.000000	15.85467370
805.000000	4.33342360
807.000000	-7.59443394
809.000000	-75.79971602
811.000000	-11.24903133
813.000000	-28.55841959
815.000000	17.03302948
817.000000	-52.89894466
819.000000	-72.00664683
821.000000	-25.67854225
823.000000	44.74279359
825.000000	-73.92359469
827.000000	11.17789014
829.000000	69.32356722
831.000000	-46.45023463
833.000000	-18.03318539
835.000000	-110.25555711
837.000000	-80.52077980
839.000000	-107.20619325
841.000000	-3.15340363
843.000000	-24.46281135
845.000000	-17.34782315
847.000000	-43.25078310
849.000000	66.91920778
851.000000	66.98393230
853.000000	9.68435864
855.000000	-4.54305919
857.000000	48.51669051
859.000000	-118.99507047
861.000000	24.31614353
863.000000	61.80147361
865.000000	-9.01715993
867.000000	95.88730440
869.000000	-15.32552796
871.000000	48.40459036
873.000000	-32.56311367
875.000000	54.47399197
877.000000	-4.06841877
879.000000	33.07214351
881.000000	-18.88170211
883.000000	-65.64433516
885.000000	-127.33113539
887.000000	95.79418299
889.000000	-4.26916043
891.000000	-1.85750763
893.000000	-71.87856837
895.000000	-16.50187633
897.000000	39.63365547
899.000000	-8.23156498
901.000000	-26.03600034
903.000000	2.22863663
905.000000	55.53284131
907.000000	85.97423731
909.000000	-9.94657061
911.000000	-11.26738501
913.000000	3.75251462
915.000000	-12.29751067
917.000000	24.69281878
919.000000	-45.26600453
921.000000	-38.54882095
923.000000	11.49777731
925.000000	18.59599970
927.000000	39.50794987
929.000000	-10.92188590
931.000000	-11.88378284
933.000000	38.61041892
935.000000	98.07209600
937.000000	24.77043430
939.000000	-65.24728606
941.000000	37.28481433
943.000000	-12.27277316
945.000000	-37.80434917
947.000000	-124.70916686
949.000000	2.02942692
951.000000	13.00320133
953.000000	71.31280164
955.000000	-8.78423462
957.000000	-11.75357811
959.000000	42.10673671
961.000000	8.80062587
963.000000	14.01952955
965.000000	-12.49162101
967.000000	28.62742413
969.000000	7.36870635
971.000000	-55.82847968
973.000000	-15.09587734
975.000000	-49.47986602
977.000000	-53.19991896
979.000000	-102.75735332
981.000000	52.76799579
983.000000	24.46622292
985.000000	-89.22797003
987.000000	36.13251411
989.000000	-18.04765582
991.000000	61.94561512
993.000000	10.55087740
995.000000	-12.84882258
997.000000	48.32788181
999.000000	-33.05066291
1001.000000	57.58596233
1003.000000	-13.06347634
1005.000000	-1.03105716
1007.000000	-14.46814944
1009.000000	29.89307922
1011.000000	48.25168470
1013.000000	-9.88497298
1015.000000	10.26278441
1017.000000	-1.44874555
1019.000000	92.93174368
1021.000000	134.38106076
1023.000000	-46.20489883
1025.000000	73.49981576
1027.000000	-54.48252486
1029.000000	51.83042598
1031.000000	83.45232149
1033.000000	4.66626824
1035.000000	-52.14019330
1037.000000	-80.36963147
1039.000000	-35.32656856
1041.000000	-33.05254034
1043.000000	-13.65805459
1045.000000	106.27300879
1047.000000	44.36240637
1049.000000	-16.99841230
1051.000000	-71.59873821
1053.000000	71.64120472
1055.000000	-86.01920002
1057.000000	-8.22582672
1059.000000	-35.11424435
1061.000000	-15.66855842
1063.000000	-56.01244454
1065.000000	-76.69474468
1067.000000	-18.24481304
1069.000000	14.35907260
1071.000000	-37.41049458
1073.000000	-51.49226452
1075.000000	-62.86766262
1077.000000	22.42971960
1079.000000	-13.88189561
1081.000000	41.18645431
1083.000000	13.12986677
1085.000000	-4.40581717
1087.000000	-109.30824907
1089.000000	34.88991589
1091.000000	-91.05444545
1093.000000	-63.27383137
1095.000000	-4.03198689
1097.000000	93.64359243
1099.000000	-17.27514839
1101.000000	56.12996442
1103.000000	-87.45638884
1105.000000	-10.17907898
1107.000000	-28.01369519
1109.000000	178.27488340
1111.000000	35.09144362
1113.000000	-23.82616649
1115.000000	-7.43981621
1117.000000	4.15485501
1119.000000	82.99868539
1121.000000	-57.91164584
1123.000000	16.43156847
1125.000000	-25.95587150
1127.000000	98.97350893
1129.000000	35.75289641
1131.000000	37.47629077
1133.000000	-4.61577201
1135.000000	-2.28283166
1137.000000	-16.96443467
1139.000000	-14.12971990
1141.000000	27.41406065
1143.000000	-32.50972285
1145.000000	-38.81515766
1147.000000	-8.02441416
1149.000000	-75.75908967
1151.000000	18.49642790
1153.000000	19.26871496
1155.000000	-11.76179819
1157.000000	-85.43592236
1159.000000	-8.95968480
1161.000000	7.87116614
1163.000000	-8.24856737
1165.000000	-35.86612120
1167.000000	70.67113844
1169.000000	81.26188579
1171.000000	-24.93536727
1173.000000	7.40764811
1175.000000	-11.90808172
1177.000000	-59.87827061
1179.000000	-37.71201400
1181.000000	-12.32291380
1183.000000	-57.35558910
1185.000000	-18.70829867
1187.000000	4.50533036
1189.000000	-8.90395524
1191.000000	29.02266912
1193.000000	98.01351694
1195.000000	40.60120391
1197.000000	-35.38770153
1199.000000	29.12487372
1201.000000	36.79822362
1203.000000	-23.17533433
1205.000000	23.65834019
1207.000000	138.54803560
1209.000000	-28.10625687
1211.000000	17.95958335
1213.000000	-109.71567173
1215.000000	40.36108978
1217.000000	43.84852692
1219.000000	35.98344002
1221.000000	-27.79999460
1223.000000	138.23810061
1225.000000	29.59339181
1227.000000	-61.33111925
1229.000000	10.10187306
1231.000000	20.15285609
1233.000000	60.41190874
1235.000000	-3.93512820
1237.000000	40.25765929
1239.000000	-80.83238893
1241.000000	74.26147680
1243.000000	-6.02565978
1245.000000	24.64205398
1247.000000	-108.45274867
1249.000000	-159.78740814
1251.000000	-67.37503214
1253.000000	-67.46327396
1255.000000	-20.42891819
1257.000000	-10.77081996
1259.000000	98.68458458
1261.000000	52.36063399
1263.000000	-7.11791573
1265.000000	34.87965614
1267.000000	2.42894092
1269.000000	-38.68448264
1271.000000	-97.10189984
1273.000000	53.46271592
1275.000000	2.89526554
1277.000000	6.07686939
1279.000000	-90.38767691
1281.000000	-57.43613427
1283.000000	38.79040698
1285.000000	-15.52797294
1287.000000	-86.11962305
1289.000000	-8.62556580
1291.000000	-22.44834910
1293.000000	43.63427462
1295.000000	24.89920360
1297.000000	65.57063255
1299.000000	-96.59836172
1301.000000	30.12248475
1303.000000	-72.04458564
1305.000000	0.09034240
1307.000000	92.23124683
1309.000000	17.69556406
1311.000000	2.48605068
1313.000000	-44.45250858
1315.000000	-98.39788762
1317.000000	-6.26800384
1319.000000	-21.10182216
1321.000000	-10.62105956
1323.000000	47.81470748
1325.000000	-26.68786887
1327.000000	33.90015884
1329.000000	45.58215807
1331.000000	20.89662669
1333.000000	-17.30552439
1335.000000	20.99673245
1337.000000	-16.37188330
1339.000000	18.37610148
1341.000000	99.28069941
1343.000000	25.04934546
1345.000000	5.09802989
1347.000000	15.24008298
1349.000000	-11.59007675
1351.000000	22.58523056
1353.000000	-91.38124962
1355.000000	5.23981757
1357.000000	-13.18674312
1359.000000	18.40951875
1361.000000	29.13996501
1363.000000	-112.74045832
1365.000000	-26.18852587
1367.000000	-63.63031752
1369.000000	3.45682450
1371.000000	-83.43479001
1373.000000	-35.40036501
1375.000000	-43.70613094
1377.000000	-33.07136697
1379.000000	18.84204138
1381.000000	-42.58560329
1383.000000	-33.56112700
1385.000000	24.97016711
1387.000000	6.49113064
1389.000000	-92.48808616
1391.000000	45.14969850
1393.000000	48.74304616
1395.000000	-30.07437088
1397.000000	-33.11804834
1399.000000	58.58750042
1401.000000	-43.86634047
1403.000000	-72.79739638
1405.000000	-142.55918699
1407.000000	33.64691122
1409.000000	-81.95974786
1411.000000	-4.08448787
1413.000000	23.20150810
1415.000000	34.61656739
1417.000000	-41.12244193
1419.000000	97.94767541
1421.000000	25.69239435
1423.000000	40.23203863
1425.000000	87.00226677
1427.000000	8.40755447
1429.000000	41.26928936
1431.000000	94.00315706
1433.000000	-22.91746834
1435.000000	-12.06840540
1437.000000	87.32727945
1439.000000	-56.75708578
1441.000000	-43.12872128
1443.000000	-11.43116213
1445.000000	-131.93319865
1447.000000	-55.66904079
1449.000000	-22.73792454
1451.000000	-24.44038011
1453.000000	125.77188729
1455.000000	55.18115179
1457.000000	75.81598257
1459.000000	38.56225903
1461.000000	70.34486589
1463.000000	68.01164640
1465.000000	-10.92955088
1467.000000	0.36226961
1469.000000	50.12009706
1471.000000	90.53097850
1473.000000	-110.78121071
1475.000000	3.32909851
1477.000000	5.83918773
1479.000000	56.44232846
1481.000000	13.28685272
1483.000000	-15.64379602
1485.000000	25.49956834
1487.000000	77.33823678
1489.000000	-69.70390358
1491.000000	10.79490058
1493.000000	-15.17535187
1495.000000	100.88730914
1497.000000	18.25472173
1499.000000	-78.01098376
1501.000000	-10.56465765
1503.000000	7.47738629
1505.000000	-52.74461044
1507.000000	82.06025430
1509.000000	-97.02261641
1511.000000	-15.45983749
1513.000000	24.34752189
1515.000000	-20.03727425
1517.000000	24.84711914
1519.000000	-9.83451718
1521.000000	37.95921121
1523.000000	2.22455529
1525.000000	-8.76104636
1527.000000	-92.78608144
1529.000000	57.52495563
1531.000000	-58.15191707
1533.000000	-21.84013344
1535.000000	80.24029139
1537.000000	3.09407730
1539.000000	52.52130868
1541.000000	86.45064239
1543.000000	34.05655885
1545.000000	-44.93226748
1547.000000	32.06352518
1549.000000	33.10302868
1551.000000	61.35072883
1553.000000	27.97178544
1555.000000	-5.86623528
1557.000000	25.61548166
1559.000000	35.73928307
1561.000000	26.00109806
1563.000000	0.95045364
1565.000000	-22.23671678
1567.000000	-61.52336441
1569.000000	25.01605906
1571.000000	42.69082384
1573.000000	22.68379251
1575.000000	13.03709982
1577.000000	-97.96105786
1579.000000	48.32513564
1581.000000	-12.03777644
1583.000000	-82.13438297
1585.000000	-31.90216331
1587.000000	34.42798694
1589.000000	43.18480141
1591.000000	98.75224190
1593.000000	16.18402886
1595.000000	5.47130139
1597.000000	62.66102422
1599.000000	-114.45212630
1601.000000	-8.45201833
1603.000000	-32.23035254
1605.000000	37.72119546
1607.000000	69.48678211
1609.000000	1.28987511
1611.000000	-48.24743470
1613.000000	-60.59829187
1615.000000	95.50251678
1617.000000	75.72222803
1619.000000	-60.69722213
1621.000000	-10.26513614
1623.000000	-70.53821921
1625.000000	20.75111981
1627.000000	-0.74930884
1629.000000	-43.95236228
1631.000000	8.01966089
1633.000000	6.74718729
1635.000000	-56.80240591
1637.000000	113.22848867
1639.000000	34.37995495
1641.000000	-18.56185611
1643.000000	33.97551263
1645.000000	-3.24440627
1647.000000	-24.80638094
1649.000000	-11.58275086
1650.000000	33.78153200
1651.000000	-12.37397221
1652.000000	20.68844794
1653.000000	76.63761245
1654.000000	-44.13874266
1655.000000	-45.43134405
1656.000000	23.43071870
1657.000000	5.27501688
1658.000000	-2.70511393
1659.000000	7.16908992
1660.000000	-39.48224262
1661.000000	110.58743956
1662.000000	1.64291553
1663.000000	45.88928417
1664.000000	-40.77448811
1665.000000	-24.56370716
1666.000000	21.65420710
1667.000000	-28.28245756
1668.000000	14.59084373
1669.000000	21.49946420
1670.000000	127.34742968
1671.000000	-14.16712318
1672.000000	-13.41951337
1673.000000	-92.92147092
1674.000000	-33.82126590
1675.000000	-29.09935612
1676.000000	-2.30051908
1677.000000	84.16953010
1678.000000	194.72290354
1679.000000	16.66221077
1680.000000	41.53910265
1681.000000	-77.91178922
1682.000000	-70.61677404
1683.000000	18.94718026
1684.000000	42.16714003
1685.000000	-51.14462938
1686.000000	-1.02262057
1687.000000	-61.67881309
1688.000000	28.79961877
1689.000000	63.68968351
1690.000000	13.73896820
1691.000000	38.56865422
1692.000000	63.89373023
1693.000000	-28.45971991
1694.000000	48.27977565
1695.000000	-19.30149486
1696.000000	26.63921636
1697.000000	-22.68195871
1698.000000	-52.31784922
1699.000000	-25.53112420
1700.000000	-106.50677010
1701.000000	-2.99538471
1702.000000	87.40520867
1703.000000	-25.42715273
1704.000000	85.17778975
1705.000000	6.33218263
1706.000000	-31.41299390
1707.000000	7.97264780
1708.000000	0.70750757
1709.000000	-21.29838397
1710.000000	-27.74219096
1711.000000	60.85523926
1712.000000	17.62419463
1713.000000	-24.75320636
1714.000000	-27.14347999
1715.000000	29.06248469
1716.000000	-9.49660693
1717.000000	-25.18528923
1718.000000	28.30546947
1719.000000	-24.39193470
1720.000000	65.97310324
1721.000000	-4.30197616
1722.000000	24.39780455
1723.000000	2.20558738
1724.000000	-39.41313348
1725.000000	108.18737819
1726.000000	16.11306130
1727.000000	34.52172260
1728.000000	-41.06961601
1729.000000	9.63224477
1730.000000	-25.38868473
1731.000000	74.18106634
1732.000000	95.77737722
1733.000000	16.58713375
1734.000000	-74.45515709
1735.000000	-31.31128735
1736.000000	1.87771613
1737.000000	26.26190112
1738.000000	-66.34434091
1739.000000	-83.21599979
1740.000000	-19.31037799
1741.000000	26.97453771
1742.000000	-26.34695856
1743.000000	-175.25399151
1744.000000	79.06786343
1745.000000	68.29760229
1746.000000	45.13224935
1747.000000	12.25125486
1748.000000	0.51485862
1749.000000	-161.28567655
1750.000000	29.26859039
1751.000000	-38.98478171
1752.000000	36.93453738
1753.000000	-43.32345990
1754.000000	75.99014926
1755.000000	-16.38855137
1756.000000	85.98088222
1757.000000	6.90512379
1758.000000	31.02831093
1759.000000	147.47770746
1760.000000	-3.64547579
1761.000000	-29.43753089
1762.000000	-3.46262605
1763.000000	31.71573469
1764.000000	-48.01544442
1765.000000	17.40989595
1766.000000	-23.08700134
1767.000000	-40.79102724
1768.000000	-16.61990017
1769.000000	-6.87229449
1770.000000	-70.75126867
1771.000000	-53.10677692
1772.000000	22.51940332
