# F(k,t) correlation function
# Reference time: 1607.001 ps
# lag_time_ps	F(k,t)
0.000000	546.62050654
2.000000	22.81393263
4.000000	69.13737167
6.000000	28.75097919
8.000000	-20.75266051
10.000000	20.09680146
12.000000	79.95111932
14.000000	-73.37627198
16.000000	8.78577077
18.000000	-44.90226547
20.000000	-32.35421204
22.000000	-46.94395847
24.000000	30.65231666
26.000000	46.79305649
28.000000	-47.88432105
30.000000	-96.52234066
32.000000	-24.06909882
34.000000	53.51660212
36.000000	-52.44529380
38.000000	-148.21815600
40.000000	-17.40455616
42.000000	65.05861760
44.000000	-42.18022983
46.000000	5.49691007
48.000000	-64.09524866
50.000000	12.52659513
52.000000	-38.77801997
54.000000	0.09810976
56.000000	12.64190420
58.000000	73.19221860
60.000000	-52.26039383
62.000000	35.44661989
64.000000	12.35029649
66.000000	-114.43328787
68.000000	75.50848180
70.000000	39.00723322
72.000000	13.66041113
74.000000	18.14602415
76.000000	-10.57318404
78.000000	-114.54667287
80.000000	-31.14591522
82.000000	29.61736740
84.000000	53.25355174
86.000000	-17.10434440
88.000000	42.89842983
90.000000	-37.75591018
92.000000	-2.93025415
94.000000	17.48306245
96.000000	66.75550028
98.000000	82.83547297
100.000000	-20.63023006
102.000000	-73.19805803
104.000000	-44.20629963
106.000000	-62.94526212
108.000000	153.13115482
110.000000	-22.00939106
112.000000	88.91426704
114.000000	54.32187825
116.000000	-16.74668571
118.000000	11.07054445
120.000000	64.96370530
122.000000	-9.89190872
124.000000	-53.90358027
126.000000	75.34357952
128.000000	-0.58759551
130.000000	-22.43881352
132.000000	41.38659689
134.000000	68.67214977
136.000000	-2.06205839
138.000000	-2.02105689
140.000000	-55.44987514
142.000000	11.15362409
144.000000	32.94547545
146.000000	-55.21328851
148.000000	24.61221717
150.000000	10.75574215
152.000000	-87.44687857
154.000000	15.84739717
156.000000	-60.14079441
158.000000	-74.54881200
160.000000	72.33550518
162.000000	-88.26691552
164.000000	-39.45403935
166.000000	28.23472936
168.000000	-0.11404887
170.000000	-76.66779588
172.000000	45.72181262
174.000000	52.85172992
176.000000	37.46118088
178.000000	-34.94949394
180.000000	-46.86298257
182.000000	-80.53562726
184.000000	118.87795871
186.000000	-92.18624461
188.000000	100.89221946
190.000000	-137.42960924
192.000000	-112.73928041
194.000000	26.45008886
196.000000	46.97326891
198.000000	-93.76499876
200.000000	55.48477324
202.000000	28.52847205
204.000000	26.25191271
206.000000	-36.46563111
208.000000	44.78840455
210.000000	105.50031308
212.000000	119.26995145
214.000000	52.60705046
216.000000	40.43425533
218.000000	99.39676269
220.000000	65.56331661
222.000000	-82.60343775
224.000000	21.78836087
226.000000	66.16993252
228.000000	49.56888489
230.000000	79.02407617
232.000000	14.71930009
234.000000	-41.79832119
236.000000	-7.02134452
238.000000	9.74325721
240.000000	-30.75305600
242.000000	36.80702216
243.000000	-13.86769910
244.000000	-1.33280066
245.000000	23.27904575
246.000000	65.96145243
247.000000	-62.81267227
248.000000	25.22466351
249.000000	-21.83010224
250.000000	-13.43030291
251.000000	25.86660075
252.000000	-58.14841016
253.000000	29.75824124
254.000000	30.64224625
255.000000	40.29649958
256.000000	-63.38249990
257.000000	64.39739598
258.000000	56.53396307
259.000000	21.80066423
260.000000	-8.45889365
261.000000	96.88599454
262.000000	-63.53066046
263.000000	78.97410102
264.000000	70.18564174
265.000000	-14.19541936
266.000000	-5.47039587
267.000000	-24.92457210
268.000000	-90.58831611
269.000000	-70.11981815
270.000000	6.60369032
271.000000	38.36166738
272.000000	-55.87034051
273.000000	73.19273103
274.000000	-18.69286000
275.000000	31.98408363
276.000000	-47.62239841
277.000000	-27.54417566
278.000000	101.93704887
279.000000	-37.10709967
280.000000	9.99886016
281.000000	57.22110880
282.000000	23.89923983
283.000000	-26.93815161
284.000000	7.97293057
285.000000	16.35916589
286.000000	27.15920584
287.000000	-41.33408383
288.000000	-64.87945491
289.000000	-3.35999228
290.000000	75.93540071
291.000000	-49.38002413
292.000000	-3.69489028
293.000000	66.21033389
294.000000	10.66591326
295.000000	-11.60492835
296.000000	-28.96871170
297.000000	15.12864920
298.000000	-169.95729711
299.000000	7.10285599
300.000000	-13.10988829
301.000000	-75.17944954
302.000000	-15.44294432
303.000000	-204.24107810
304.000000	-10.43216424
305.000000	34.10531180
306.000000	-3.70403358
307.000000	-72.24199984
308.000000	-86.88263458
309.000000	28.00047195
310.000000	62.69842555
311.000000	31.01339929
312.000000	-70.50045849
313.000000	55.39541282
314.000000	9.97976514
315.000000	88.42978413
316.000000	-59.06939643
317.000000	11.72097440
318.000000	-14.76930903
319.000000	-69.88163252
320.000000	-3.54188882
321.000000	-79.48966341
322.000000	-39.93943743
323.000000	-6.03810487
324.000000	-13.51016608
325.000000	79.94423392
326.000000	-28.47691428
327.000000	30.95972641
328.000000	55.93120330
329.000000	0.60721091
330.000000	-42.06177437
331.000000	-30.95495760
332.000000	-75.88140598
333.000000	-53.47584546
334.000000	-61.99255836
335.000000	-6.42734466
336.000000	18.51102349
337.000000	-69.29927019
338.000000	-19.70986229
339.000000	49.78568123
340.000000	-26.35678081
341.000000	-21.33088841
342.000000	44.81599463
343.000000	50.44581597
344.000000	72.47073157
345.000000	-26.04649764
346.000000	8.07464734
347.000000	-51.44295471
348.000000	25.77108954
349.000000	30.62401290
350.000000	-59.44320332
351.000000	2.38566022
352.000000	8.30984932
353.000000	-29.94663938
354.000000	42.73366620
355.000000	52.37438610
356.000000	-31.63505464
357.000000	121.80754511
358.000000	-140.61230606
359.000000	12.99461300
360.000000	-178.50050074
361.000000	-85.19506212
362.000000	-137.90878784
363.000000	-17.36268891
364.000000	-0.78003542
365.000000	7.07474261
