# F(k,t) correlation function
# Reference time: 803.001 ps
# lag_time_ps	F(k,t)
0.000000	486.07536959
2.000000	34.23792174
4.000000	-32.21813047
6.000000	-27.30044312
8.000000	-100.86661724
10.000000	3.57359995
12.000000	91.01771346
14.000000	56.31439210
16.000000	-13.36076150
18.000000	93.61035310
20.000000	45.38306503
22.000000	-36.02334332
24.000000	-41.80695173
26.000000	-3.21474712
28.000000	-25.00259726
30.000000	-41.67905147
32.000000	89.15743158
34.000000	13.45462589
36.000000	-26.39065953
38.000000	34.05354006
40.000000	-8.91894184
42.000000	-36.29035776
44.000000	51.07017774
46.000000	-69.05213036
48.000000	17.98616198
50.000000	19.65612453
52.000000	-53.41955689
54.000000	-40.49700856
56.000000	-121.30644240
58.000000	-49.65758313
60.000000	-79.50244085
62.000000	-25.60173394
64.000000	111.63649398
66.000000	-28.65297486
68.000000	52.99499754
70.000000	9.68422918
72.000000	33.80586494
74.000000	-8.12711432
76.000000	-40.87032828
78.000000	-16.68230571
80.000000	-1.07550565
82.000000	-30.54766121
84.000000	9.20216224
86.000000	10.91873760
88.000000	50.18855017
90.000000	-2.88864326
92.000000	85.60450104
94.000000	29.43928071
96.000000	44.87468065
98.000000	104.70469427
100.000000	-36.61331560
102.000000	88.55715975
104.000000	-7.39744935
106.000000	9.53568883
108.000000	-32.53107103
110.000000	44.14701889
112.000000	-65.91018099
114.000000	-83.16187410
116.000000	-80.35897334
118.000000	10.52876831
120.000000	36.88571805
122.000000	-109.59684504
124.000000	-29.87305994
126.000000	-55.90305925
128.000000	-9.12478037
130.000000	72.40101159
132.000000	64.98222190
134.000000	34.02067812
136.000000	4.15930966
138.000000	-49.70321106
140.000000	18.15465262
142.000000	8.65096928
144.000000	16.07639128
146.000000	-92.74865093
148.000000	71.46267728
150.000000	29.97715792
152.000000	-42.69094423
154.000000	-39.53198732
156.000000	2.19424909
158.000000	3.27118535
160.000000	-9.90877664
162.000000	29.85574458
164.000000	62.07997418
166.000000	-27.23608045
168.000000	-70.76449115
170.000000	-18.25877075
172.000000	-43.80946776
174.000000	-34.33551754
176.000000	2.30582531
178.000000	-95.76122837
180.000000	-68.14225370
182.000000	67.91993649
184.000000	-60.79452802
186.000000	25.41637737
188.000000	-32.57155311
190.000000	13.63368444
192.000000	-9.07986172
194.000000	-99.33823905
196.000000	66.08272561
198.000000	21.52678454
200.000000	58.89332732
202.000000	2.03244211
204.000000	54.83854219
206.000000	50.99950143
208.000000	-72.44634692
210.000000	-24.79651466
212.000000	7.84393240
214.000000	-6.59833856
216.000000	-42.76659918
218.000000	-15.40781255
220.000000	-23.73436439
222.000000	20.61119992
224.000000	11.53785083
226.000000	-71.76238645
228.000000	53.77069664
230.000000	0.11483865
232.000000	72.14131782
234.000000	-90.15794345
236.000000	-100.31015752
238.000000	93.00057824
240.000000	-61.55357505
242.000000	-53.21393508
244.000000	18.77453525
246.000000	28.66990790
248.000000	26.96353816
250.000000	-71.92828777
252.000000	57.87963436
254.000000	-17.17691820
256.000000	-2.88793482
258.000000	4.26455250
260.000000	77.87702588
262.000000	-20.64832148
264.000000	35.46142109
266.000000	-27.27149106
268.000000	-27.91531383
270.000000	-87.03518310
272.000000	49.80546428
274.000000	42.54473268
276.000000	-2.58621129
278.000000	-116.95227735
280.000000	-10.73067097
282.000000	13.17426783
284.000000	58.49037127
286.000000	19.57828237
288.000000	-28.62300380
290.000000	62.39234307
292.000000	-35.32069118
294.000000	-3.32364162
296.000000	23.25885999
298.000000	-49.53697519
300.000000	-4.51075607
302.000000	-12.19409801
304.000000	70.70185511
306.000000	-61.67576217
308.000000	-57.92446943
310.000000	-47.57864929
312.000000	20.83332056
314.000000	15.14913917
316.000000	21.85755947
318.000000	-41.68228166
320.000000	-20.30820692
322.000000	-76.19553014
324.000000	-64.84260600
326.000000	-93.80000380
328.000000	3.56689976
330.000000	12.68177936
332.000000	-43.52953185
334.000000	68.36292029
336.000000	44.09712160
338.000000	-52.05794977
340.000000	-48.78326204
342.000000	5.29448597
344.000000	77.47550483
346.000000	-12.56961990
348.000000	42.13615413
350.000000	33.17091771
352.000000	-39.96427489
354.000000	56.77809103
356.000000	53.83822031
358.000000	-76.33870419
360.000000	-67.86848135
362.000000	-0.42282833
364.000000	-44.46095888
366.000000	29.72719882
368.000000	-80.37848148
370.000000	1.28058643
372.000000	12.15302228
374.000000	-32.78545021
376.000000	-55.42528680
378.000000	12.04268149
380.000000	18.24682704
382.000000	26.50480614
384.000000	-46.50664453
386.000000	19.54283630
388.000000	-8.51790530
390.000000	38.17099139
392.000000	45.97725250
394.000000	-11.03204146
396.000000	-12.19171065
398.000000	39.56524793
400.000000	-5.81086825
402.000000	-63.08785991
404.000000	38.15831463
406.000000	78.82906252
408.000000	-13.00355117
410.000000	-30.72745612
412.000000	3.74964295
414.000000	40.48163939
416.000000	-9.60678386
418.000000	-7.80700943
420.000000	-59.26330894
422.000000	80.76172295
424.000000	-40.54471619
426.000000	-2.78799666
428.000000	-130.14226181
430.000000	6.67373107
432.000000	20.38879754
434.000000	22.11838366
436.000000	48.47830752
438.000000	-98.10695618
440.000000	-36.11243145
442.000000	66.05506230
444.000000	-60.57720240
446.000000	-51.13454111
448.000000	-52.10902626
450.000000	-75.80432695
452.000000	18.79112582
454.000000	-37.76330340
456.000000	28.44182797
458.000000	32.52847417
460.000000	49.42162178
462.000000	-33.08461257
464.000000	10.37787075
466.000000	-17.47524962
468.000000	-48.41958093
470.000000	80.13586420
472.000000	15.68494475
474.000000	12.82525965
476.000000	75.10572270
478.000000	-10.74403347
480.000000	44.72774428
482.000000	33.99081877
484.000000	-90.83937228
486.000000	-37.08855115
488.000000	-5.87905164
490.000000	-32.98407952
492.000000	-40.27863142
494.000000	46.14722241
496.000000	8.32499701
498.000000	-6.21171367
500.000000	-33.21366356
502.000000	-78.24687414
504.000000	10.14757143
506.000000	66.53769485
508.000000	-0.20157330
510.000000	55.80544187
512.000000	67.63798468
514.000000	-4.57368024
516.000000	-160.76714975
518.000000	-117.29938951
520.000000	52.13120098
522.000000	60.37873740
524.000000	45.42600041
526.000000	12.10755682
528.000000	87.03404480
530.000000	-75.04700168
532.000000	-27.81222896
534.000000	25.77766780
536.000000	-94.88057679
538.000000	61.12473324
540.000000	-51.47705193
542.000000	88.23889689
544.000000	90.88894657
546.000000	-8.03632448
548.000000	122.41485414
550.000000	-35.23886131
552.000000	107.14953483
554.000000	-24.15476885
556.000000	15.25532048
558.000000	-91.03153965
560.000000	9.55248161
562.000000	-42.21970399
564.000000	7.59051240
566.000000	5.26387123
568.000000	18.36796410
570.000000	9.14154339
572.000000	106.13839143
574.000000	64.07694395
576.000000	38.34949661
578.000000	118.40024502
580.000000	49.54788747
582.000000	-11.50185088
584.000000	-26.00343784
586.000000	-80.95969977
588.000000	45.37477016
590.000000	11.03355800
592.000000	-18.35054753
594.000000	28.18332318
596.000000	87.96436944
598.000000	-47.91917303
600.000000	-47.08057049
602.000000	18.62803506
604.000000	-6.42465924
606.000000	-63.03657914
608.000000	10.39522615
610.000000	-2.35732499
612.000000	69.06398035
614.000000	-6.36111702
616.000000	3.71402836
618.000000	6.52028322
620.000000	77.43353839
622.000000	38.88753972
624.000000	10.34803456
626.000000	-28.46634135
628.000000	-46.62764111
630.000000	27.20564757
632.000000	14.06061060
634.000000	-60.82847568
636.000000	112.89435782
638.000000	16.43277917
640.000000	101.22038919
642.000000	-36.87441705
644.000000	50.86087661
646.000000	5.02497896
648.000000	28.06768028
650.000000	16.27673121
652.000000	88.53257070
654.000000	29.85517920
656.000000	26.78926705
658.000000	-50.31534407
660.000000	14.67326878
662.000000	23.59967209
664.000000	-2.26707585
666.000000	37.93090740
668.000000	9.25341495
670.000000	70.38675584
672.000000	-36.86364100
674.000000	49.38482894
676.000000	-28.70048946
678.000000	-12.36020425
680.000000	-49.29867433
682.000000	-37.84558511
684.000000	48.90909974
686.000000	-40.12451760
688.000000	-5.52991444
690.000000	79.22283633
692.000000	87.16532143
694.000000	20.16918114
696.000000	-18.28047823
698.000000	-56.87725753
700.000000	80.09964926
702.000000	-68.87352933
704.000000	63.69018473
706.000000	-96.57968284
708.000000	-30.87425628
710.000000	-40.81775847
712.000000	61.87829449
714.000000	-10.24875409
716.000000	-103.88315151
718.000000	-80.17685969
720.000000	-6.04381835
722.000000	37.35160350
724.000000	110.03571853
726.000000	-36.64415287
728.000000	-20.70869410
730.000000	107.14380712
732.000000	-69.77088371
734.000000	-18.74821778
736.000000	26.01623543
738.000000	-7.93425554
740.000000	22.24040988
742.000000	-71.25730884
744.000000	97.25471097
746.000000	29.66034459
748.000000	27.35040764
750.000000	-1.10819198
752.000000	13.98947918
754.000000	-48.72429734
756.000000	-61.91335323
758.000000	13.53942784
760.000000	-46.18477107
762.000000	55.48379058
764.000000	-12.12498140
766.000000	-15.98028856
768.000000	-18.52241934
770.000000	-27.41328054
772.000000	63.60872619
774.000000	63.78641494
776.000000	-12.87245854
778.000000	24.21012709
780.000000	-24.54974174
782.000000	-48.01275967
784.000000	-28.67805304
786.000000	-39.99097282
788.000000	-21.00093777
790.000000	-17.13177988
792.000000	38.13126244
794.000000	-63.53150351
796.000000	-98.43231376
798.000000	-14.66150306
800.000000	23.47647210
802.000000	-75.76814015
804.000000	26.22321517
806.000000	87.23451551
808.000000	-35.06950027
810.000000	86.10563338
812.000000	3.77992725
814.000000	-28.83795007
816.000000	-68.96403119
818.000000	-70.33665377
820.000000	-4.89727296
822.000000	-17.06962325
824.000000	-12.65883250
826.000000	41.70205477
828.000000	63.98725560
830.000000	-37.62096607
832.000000	-77.57134147
834.000000	49.73334158
836.000000	-137.25803884
838.000000	72.96716696
840.000000	-3.10856423
842.000000	13.55366046
844.000000	47.02802152
846.000000	-54.07556653
848.000000	-3.18251031
850.000000	112.32170450
852.000000	68.83023269
854.000000	43.76197825
856.000000	-33.54507382
858.000000	-0.73717381
860.000000	-24.29752067
862.000000	100.89647354
864.000000	-19.54509762
866.000000	-6.29737787
868.000000	-1.90436488
870.000000	39.13740180
872.000000	2.04156481
874.000000	74.93942700
876.000000	-19.02643774
878.000000	3.91498675
880.000000	-11.25711183
882.000000	41.85954534
884.000000	64.53900275
886.000000	18.07539843
888.000000	17.67201801
890.000000	77.27116885
892.000000	-15.97797822
894.000000	-3.95560050
896.000000	-31.90781991
898.000000	-12.10567063
900.000000	-70.58828542
902.000000	31.72833872
904.000000	12.42222248
906.000000	-34.63083275
908.000000	61.39778835
910.000000	-36.79567583
912.000000	35.19779954
914.000000	75.52786916
916.000000	2.40146358
918.000000	-82.20271237
920.000000	-4.78896993
922.000000	75.39874339
924.000000	-38.01926441
926.000000	18.46275246
928.000000	27.47883161
930.000000	13.46360449
932.000000	-6.81515533
934.000000	58.21070197
936.000000	35.06178116
938.000000	40.59702018
940.000000	22.11644282
942.000000	82.61298436
944.000000	87.82790678
946.000000	15.41079593
948.000000	-6.28939440
950.000000	-31.99551576
952.000000	14.62432672
954.000000	31.68546264
956.000000	107.72333353
958.000000	-18.70456817
960.000000	-33.71536055
962.000000	55.54993441
964.000000	-34.27294272
966.000000	-10.96000381
968.000000	-12.19381412
970.000000	52.51452431
972.000000	26.89423744
974.000000	13.52139845
976.000000	30.05277148
978.000000	32.86631458
980.000000	-20.78590596
982.000000	17.32653206
984.000000	40.90726102
986.000000	79.82341779
988.000000	21.65921289
990.000000	0.36952435
992.000000	-79.33216843
994.000000	-84.75204932
996.000000	36.81663330
998.000000	70.73517908
1000.000000	-46.42595053
1002.000000	38.00783955
1004.000000	-38.25637078
1006.000000	-64.16820866
1008.000000	98.10168940
1010.000000	34.84489602
1012.000000	84.56895617
1014.000000	-33.59944134
1016.000000	-17.50632054
1018.000000	-17.88248234
1020.000000	22.17035836
1022.000000	54.23235229
1024.000000	17.87151918
1026.000000	-39.80124878
1028.000000	-88.99815219
1030.000000	25.70329462
1032.000000	-9.49233554
1034.000000	-12.27236864
1036.000000	-44.07590294
1038.000000	-21.29680868
1040.000000	-39.32498501
1042.000000	-62.79159305
1044.000000	-22.34221542
1046.000000	-71.12354075
1047.000000	-17.60657808
1048.000000	-138.05173960
1049.000000	-49.58424000
1050.000000	14.46661386
1051.000000	-37.37480088
1052.000000	9.30157728
1053.000000	-50.74508154
1054.000000	-5.23798724
1055.000000	-79.71692992
1056.000000	116.08196107
1057.000000	24.03849490
1058.000000	36.10344929
1059.000000	-20.09151126
1060.000000	-56.17633561
1061.000000	-28.15061102
1062.000000	65.50128550
1063.000000	-50.43137705
1064.000000	-37.09468812
1065.000000	58.50325748
1066.000000	-24.32430855
1067.000000	-38.36615169
1068.000000	-35.25765989
1069.000000	104.16078703
1070.000000	69.01903885
1071.000000	-26.94094642
1072.000000	11.46676894
1073.000000	-71.90683380
1074.000000	-21.38270423
1075.000000	78.04378098
1076.000000	-8.89638992
1077.000000	41.87218743
1078.000000	-26.91541213
1079.000000	5.73771269
1080.000000	-36.00969159
1081.000000	-39.06805925
1082.000000	59.00206578
1083.000000	17.91379849
1084.000000	-52.01084426
1085.000000	-12.08565000
1086.000000	62.83092557
1087.000000	41.92283832
1088.000000	-17.38251895
1089.000000	-21.52673767
1090.000000	58.49679705
1091.000000	-78.90771584
1092.000000	-22.74931445
1093.000000	-100.19681884
1094.000000	-14.79579867
1095.000000	3.12121399
1096.000000	7.88412184
1097.000000	-38.75694065
1098.000000	-26.29769772
1099.000000	-33.46305203
1100.000000	5.75078420
1101.000000	30.80582764
1102.000000	-49.92558437
1103.000000	-23.38624236
1104.000000	18.62071384
1105.000000	39.92344620
1106.000000	-55.56949671
1107.000000	34.71779828
1108.000000	-85.88216201
1109.000000	-23.03957735
1110.000000	49.99434632
1111.000000	35.94277292
1112.000000	-83.45339162
1113.000000	-50.69940420
1114.000000	-75.02775439
1115.000000	-17.91729671
1116.000000	15.87222123
1117.000000	11.13342399
1118.000000	-77.50527406
1119.000000	-53.90206416
1120.000000	-0.46175918
1121.000000	-1.52356926
1122.000000	-54.29893526
1123.000000	-41.71785476
1124.000000	26.15477814
1125.000000	-32.12344768
1126.000000	-36.26910931
1127.000000	-17.67599800
1128.000000	-70.56301221
1129.000000	-86.78479418
1130.000000	55.39518275
1131.000000	-21.44130716
1132.000000	-39.85712750
1133.000000	-1.28446994
1134.000000	31.62826302
1135.000000	9.63124813
1136.000000	-57.01904501
1137.000000	-21.88516950
1138.000000	19.07391602
1139.000000	12.38549651
1140.000000	-32.70135861
1141.000000	106.43895848
1142.000000	-21.09838619
1143.000000	42.10119673
1144.000000	-86.06484260
1145.000000	15.47133460
1146.000000	-72.65877114
1147.000000	61.41697805
1148.000000	14.07335792
1149.000000	-21.12131027
1150.000000	-55.35794829
1151.000000	5.94398996
1152.000000	-17.57793934
1153.000000	56.85376464
1154.000000	9.68042266
1155.000000	29.49685329
1156.000000	-61.13994436
1157.000000	11.10737356
1158.000000	-12.06932737
1159.000000	-26.74626951
1160.000000	-23.11141692
1161.000000	43.15517543
1162.000000	-45.57525898
1163.000000	5.29317840
1164.000000	31.80949318
1165.000000	-42.22070835
1166.000000	63.95188298
1167.000000	74.37226060
1168.000000	-45.45434735
1169.000000	-48.47522674
1170.000000	-10.94071560
1171.000000	-24.27221864
1172.000000	-17.55282235
1173.000000	54.29063194
1174.000000	-48.62694715
1175.000000	-58.49430079
1176.000000	-19.42532390
1177.000000	73.30917305
1178.000000	15.46416575
1179.000000	39.53601547
1180.000000	-29.08101782
1181.000000	35.27913014
1182.000000	-48.26510049
1183.000000	-72.26648438
1184.000000	-63.83696568
1185.000000	-92.63166132
1186.000000	-142.04146252
1187.000000	-29.91361206
1188.000000	61.01703771
1189.000000	-47.72015834
1190.000000	-36.80619849
1191.000000	24.61373393
1192.000000	26.79523975
1193.000000	-86.16578631
1194.000000	-66.76209705
1195.000000	-49.00580578
1196.000000	-32.39249621
1197.000000	-23.51409292
1198.000000	7.38552935
1199.000000	58.95575069
1200.000000	36.68617226
1201.000000	16.90729952
1202.000000	18.00914146
1203.000000	11.05851103
1204.000000	0.99148223
1205.000000	22.61389872
1206.000000	78.40871880
1207.000000	-64.41073794
1208.000000	41.61452742
1209.000000	-35.80004718
1210.000000	-47.45997592
1211.000000	-115.59134761
1212.000000	-11.50219450
1213.000000	-24.83750974
1214.000000	-21.30037595
1215.000000	35.08114553
1216.000000	58.67410718
1217.000000	-71.82178396
1218.000000	-15.86625783
1219.000000	44.11468162
1220.000000	15.70417035
1221.000000	24.93191556
1222.000000	-23.53179347
1223.000000	2.88318355
1224.000000	19.02067830
1225.000000	28.45215051
1226.000000	94.08405834
1227.000000	2.89655805
1228.000000	-12.61383638
1229.000000	-49.12397045
1230.000000	-45.25845039
1231.000000	-55.88654579
1232.000000	-91.26867965
1233.000000	-77.78842116
1234.000000	-16.16128117
1235.000000	-42.72770199
1236.000000	23.20863885
1237.000000	41.27538085
1238.000000	81.57617735
1239.000000	-47.50304278
1240.000000	82.22406670
1241.000000	-26.06070832
1242.000000	-11.04832671
1243.000000	-15.81331751
1244.999000	-8.99518211
1245.999000	48.44319796
1246.999000	-26.52523835
1247.999000	63.63423052
1248.999000	-58.60332063
1249.999000	76.91579805
1250.999000	19.60161087
1251.999000	2.32700332
1252.999000	27.04604861
1253.999000	64.99170716
1254.999000	-14.17484011
1255.999000	-11.60446796
1256.999000	-34.30165965
1257.999000	41.35902868
1258.999000	68.54537746
1259.999000	-22.00914856
1260.999000	-3.33834877
1261.999000	14.76347316
1262.999000	-1.85504979
1263.999000	-88.05132858
1264.999000	4.05626160
1265.999000	39.89330165
1266.999000	8.35087096
1267.999000	-8.94759734
1268.999000	106.51637566
1269.999000	-11.93405215
1270.999000	-14.91713300
1271.999000	-129.59159791
1272.999000	-53.62008786
1273.999000	13.86539302
1274.999000	48.13317760
1275.999000	-18.89318355
1276.999000	-62.57562673
1277.999000	44.22887687
1278.999000	49.03481882
1279.999000	-17.99682824
1280.999000	-117.70012657
1281.999000	-41.16666184
1282.999000	4.33437913
1283.999000	-103.81059910
1284.999000	-24.34531725
1285.999000	-76.95901312
1286.999000	-1.57657222
1287.999000	1.39451748
1288.999000	4.33107188
1289.999000	58.77470645
1290.999000	-3.44044091
1291.999000	-40.37079537
1292.999000	-17.71560642
1293.999000	-8.45385847
1294.999000	2.67496582
1295.999000	-75.76564908
1296.999000	21.69927084
1297.999000	-97.77914867
1298.999000	62.39531822
1299.999000	43.88107760
1300.999000	-21.79690294
1301.999000	-18.20111186
1302.999000	-21.63292998
1303.999000	-43.51583669
1304.999000	-58.56544860
1305.999000	19.97350917
1306.999000	29.30395842
1307.999000	63.44290430
1308.999000	28.39703855
1309.999000	21.00302081
1310.999000	-12.16529004
1311.999000	69.95185995
1312.999000	-9.11366666
1313.999000	14.47607385
1314.999000	-25.84403062
1315.999000	-53.08245903
1316.999000	-23.79739140
1317.999000	21.68100467
1318.999000	31.14777086
1319.999000	55.24247009
1320.999000	-54.18511696
1321.999000	76.76376176
1322.999000	51.55605511
1323.999000	-74.40666980
1324.999000	50.43042072
1325.999000	16.11565312
1326.999000	22.23198511
1327.999000	71.80482227
1328.999000	-87.23860050
1329.999000	-4.05280390
1330.999000	-80.99973829
1331.999000	-65.83696969
1332.999000	53.72199978
1333.999000	-18.17503997
1334.999000	3.33129974
1335.999000	-44.74723645
1336.999000	49.25658832
1337.999000	45.17445711
1338.999000	-27.21443291
1339.999000	47.28515576
1340.999000	-2.78282778
1341.999000	51.53987870
1342.999000	-80.63078197
1343.999000	-4.82244012
1344.999000	-125.17313425
1345.999000	15.06370039
1346.999000	-96.31295368
1347.999000	82.52458884
1348.999000	10.07534471
1349.999000	-34.47520827
1350.999000	-55.15659422
1351.999000	-48.96228715
1352.999000	125.78452493
1353.999000	25.20873322
1354.999000	-32.06680760
1355.999000	-9.28585267
1356.999000	18.18890330
1357.999000	51.05086792
1358.999000	12.31957946
1359.999000	-18.32743374
1360.999000	5.15116403
1361.999000	-83.36804590
1362.999000	89.51660885
1363.999000	49.88288308
1364.999000	-61.71545717
1365.999000	-14.30679078
1366.999000	45.40494995
1367.999000	-3.42627721
1368.999000	67.29884785
1369.999000	55.95891818
1370.999000	28.75674149
1371.999000	29.93230215
1372.999000	-23.99528907
1373.999000	58.19296966
1374.999000	-46.75721282
1375.999000	-13.79134178
1376.999000	15.21565334
1377.999000	-11.87291063
1378.999000	-27.76126292
1379.999000	-63.60704477
1380.999000	11.01348044
1381.999000	-22.36425248
1382.999000	56.94468767
1383.999000	-37.46037904
1384.999000	10.48640929
1385.999000	-13.51606648
1386.999000	-114.46942815
1387.999000	-15.86649213
1388.999000	36.71465916
1389.999000	101.87439538
1390.999000	68.59080491
1391.999000	12.77077434
1392.999000	-60.85261753
1393.999000	40.35991308
1394.999000	-45.56660459
1395.999000	-12.85900107
1396.999000	103.30583066
1397.999000	-58.11804223
1398.999000	-61.58812581
1399.999000	1.22515501
1400.999000	11.39269728
1401.999000	57.97508808
1402.999000	72.35958456
1403.999000	-6.32135699
1404.999000	-16.87247093
1405.999000	6.32715363
1406.999000	-21.89539480
1407.999000	-5.71446528
1408.999000	-17.44472810
1409.999000	10.79995530
1410.999000	-69.05708570
1411.999000	9.02737598
1412.999000	3.84711080
1413.999000	-31.95287137
1414.999000	-8.95006698
1415.999000	19.52803095
1416.999000	-21.73268462
1417.999000	-77.48112536
1418.999000	-46.40156012
1419.999000	-144.54576461
1420.999000	-43.13375055
1421.999000	30.55987886
1422.999000	1.43276760
1423.999000	-6.36757072
1424.999000	-42.36709260
1425.999000	-22.09372564
1426.999000	-69.64792144
1427.999000	2.13938986
1428.999000	102.87221027
1429.999000	49.77408506
1430.999000	-122.24333389
1431.999000	24.97438228
1432.999000	0.77832904
1433.999000	-49.71930668
1434.999000	-104.90748730
1435.999000	-18.65527895
1436.999000	-9.66784339
1437.999000	93.06964773
1438.999000	55.70468660
1439.999000	27.50371226
1440.999000	-18.91249521
1441.999000	33.80728725
1442.999000	-24.78554878
1443.999000	25.42292820
1444.999000	4.82688010
1445.999000	-79.24735262
1446.999000	-38.32553688
1447.999000	67.25477755
1448.999000	1.14530346
1449.999000	-6.63653408
1450.999000	126.73347257
1451.999000	2.75798032
1452.999000	69.36840472
1453.999000	-78.74855131
1454.999000	7.55269793
1455.999000	-23.00508169
1456.999000	18.67206223
1457.999000	96.24077034
1458.999000	-26.13607208
1459.999000	-125.05122576
1460.999000	23.71168462
1461.999000	20.81101464
1462.999000	-49.18681058
1463.999000	79.37425926
1464.999000	21.13040336
1465.999000	-37.40765468
1466.999000	-1.34603374
1467.999000	-45.37850860
1468.999000	112.78523186
1469.999000	-83.43453283
1470.999000	26.75014714
1471.999000	-3.60469089
1472.999000	16.87785287
1473.999000	130.74902826
1474.999000	-61.01907328
1475.999000	1.02634026
1476.999000	13.46865656
1477.999000	4.01065862
1478.999000	55.90024579
1479.999000	-31.54796253
1480.999000	4.26474330
1481.999000	-23.73184517
1482.999000	-54.44819578
1483.999000	54.67036669
1484.999000	4.43385479
1485.999000	-41.75962109
1486.999000	62.56840941
1487.999000	15.04122193
1488.999000	22.32040691
1489.999000	-5.09008604
1490.999000	55.70216770
1491.999000	-57.00947654
1492.999000	-43.93106343
1493.999000	34.98856433
1494.999000	56.43798761
1495.999000	11.18270944
1496.999000	-67.45985461
