# F(k,t) correlation function
# Reference time: 401.001 ps
# lag_time_ps	F(k,t)
0.000000	626.21866282
2.000000	33.43272468
4.000000	68.61145798
6.000000	-15.29215972
8.000000	46.95178423
10.000000	-24.20386219
12.000000	-42.09620986
14.000000	-23.11398861
16.000000	10.59374873
18.000000	-55.23488661
20.000000	-79.26134201
22.000000	-6.25640146
24.000000	-87.61327325
26.000000	131.22187876
28.000000	81.10911644
30.000000	-23.38083794
32.000000	3.84208492
34.000000	60.84574717
36.000000	94.49678589
38.000000	-3.54814215
40.000000	-115.27129557
42.000000	76.75676079
44.000000	-8.20631913
46.000000	-12.30652974
48.000000	13.83888513
50.000000	-136.97483263
52.000000	-9.16311329
54.000000	35.57288745
56.000000	49.37719732
58.000000	21.41905642
60.000000	-72.12440284
62.000000	79.79037055
64.000000	-81.09061023
66.000000	-43.50624997
68.000000	-40.60911137
70.000000	-37.74956491
72.000000	39.49302995
74.000000	-0.03455789
76.000000	97.31191146
78.000000	45.95561216
80.000000	-152.58827250
82.000000	7.53347126
84.000000	-33.59465648
86.000000	-32.25696024
88.000000	-119.17961823
90.000000	9.45234310
92.000000	-8.33126538
94.000000	-17.54676750
96.000000	-58.59148328
98.000000	36.97147948
100.000000	-7.62730590
102.000000	30.30410484
104.000000	-69.08385341
106.000000	-26.65454418
108.000000	-41.53260142
110.000000	60.94994959
112.000000	-0.48207641
114.000000	35.21917574
116.000000	-0.90317549
118.000000	-14.47046530
120.000000	-46.82447235
122.000000	-49.55631906
124.000000	-74.55225942
126.000000	14.25008609
128.000000	30.69238204
130.000000	21.08195561
132.000000	16.11349258
134.000000	83.97531588
136.000000	105.33526023
138.000000	18.70922884
140.000000	37.60084056
142.000000	52.85773442
144.000000	66.67989328
146.000000	-2.04224617
148.000000	-58.72323645
150.000000	8.64982214
152.000000	-49.00814624
154.000000	9.05064627
156.000000	19.13382765
158.000000	60.56218235
160.000000	69.90887279
162.000000	55.09635941
164.000000	-27.16187587
166.000000	-13.90284737
168.000000	-42.32551228
170.000000	-34.76959644
172.000000	24.12827251
174.000000	20.21726415
176.000000	5.32333798
178.000000	-27.02889835
180.000000	-16.54038352
182.000000	-35.48463299
184.000000	-97.91124959
186.000000	45.18824369
188.000000	88.38681523
190.000000	98.15251888
192.000000	116.67469876
194.000000	-72.40226310
196.000000	41.68070772
198.000000	16.00851800
200.000000	-20.49000167
202.000000	49.94416266
204.000000	25.91378004
206.000000	60.29151324
208.000000	-37.08386469
210.000000	-34.22137473
212.000000	-120.90455378
214.000000	111.00475302
216.000000	34.91757504
218.000000	14.09187772
220.000000	-28.38294862
222.000000	-7.53030824
224.000000	-8.79234415
226.000000	-26.45636991
228.000000	138.32076329
230.000000	-63.31775463
232.000000	-0.73349825
234.000000	-123.90909726
236.000000	16.95589837
238.000000	44.21719359
240.000000	15.59335809
242.000000	24.64276726
244.000000	-2.00586930
246.000000	-26.52152869
248.000000	-14.94967688
250.000000	71.38686914
252.000000	49.06545227
254.000000	76.34290749
256.000000	-116.46780609
258.000000	77.04247165
260.000000	68.92694730
262.000000	27.74718319
264.000000	112.34560177
266.000000	43.63653844
268.000000	46.78816505
270.000000	9.29750080
272.000000	-51.06337536
274.000000	-3.93258588
276.000000	8.38959002
278.000000	44.94170780
280.000000	-31.58338711
282.000000	70.48176560
284.000000	51.86079612
286.000000	-22.26928312
288.000000	11.18535325
290.000000	5.87261458
292.000000	60.24219229
294.000000	33.35462230
296.000000	141.12942552
298.000000	93.99618915
300.000000	82.18240698
302.000000	-47.28440900
304.000000	44.63244238
306.000000	-49.23586687
308.000000	82.01987836
310.000000	60.96820640
312.000000	7.10816708
314.000000	16.36592162
316.000000	72.34601415
318.000000	-15.83913831
320.000000	11.29700060
322.000000	-70.54118130
324.000000	30.43197932
326.000000	-12.09840030
328.000000	14.51345230
330.000000	-4.79707611
332.000000	-80.21510698
334.000000	87.92675316
336.000000	-53.49986948
338.000000	-71.32121118
340.000000	70.07311918
342.000000	109.50304259
344.000000	-113.76558565
346.000000	6.65716861
348.000000	-27.64385090
350.000000	-80.39936884
352.000000	59.25237929
354.000000	35.41156752
356.000000	-129.44098825
358.000000	-81.72631023
360.000000	-34.27502936
362.000000	80.04190025
364.000000	139.48563838
366.000000	37.03816819
368.000000	22.19047650
370.000000	-34.94870380
372.000000	93.88995508
374.000000	62.36094546
376.000000	62.53968812
378.000000	82.65106801
380.000000	-87.59262391
382.000000	58.18433631
384.000000	55.04096697
386.000000	42.38969981
388.000000	82.41343281
390.000000	-48.41234119
392.000000	-5.03100901
394.000000	-50.28784720
396.000000	-29.34319615
398.000000	22.05878103
400.000000	68.15287389
402.000000	39.96971897
404.000000	83.59956949
406.000000	-102.36172096
408.000000	-3.85741859
410.000000	-35.18078594
412.000000	-83.75878674
414.000000	34.72615601
416.000000	-21.88875254
418.000000	-81.40131178
420.000000	3.53441267
422.000000	4.92393727
424.000000	65.86420391
426.000000	74.89835578
428.000000	18.12060800
430.000000	23.67701963
432.000000	5.89163653
434.000000	-86.60971129
436.000000	-95.95847594
438.000000	-59.91568019
440.000000	63.96011452
442.000000	79.51785294
444.000000	49.28032731
446.000000	37.38780386
448.000000	52.38737122
450.000000	17.34292305
452.000000	16.22433683
454.000000	-39.54903137
456.000000	-19.07261856
458.000000	-61.50182870
460.000000	7.73791405
462.000000	-1.85789815
464.000000	-10.98102146
466.000000	-32.83037788
468.000000	104.00895214
470.000000	9.53639836
472.000000	88.39600556
474.000000	29.87461107
476.000000	28.92442516
478.000000	-2.74142378
480.000000	27.94104172
482.000000	-41.22011218
484.000000	6.85051839
486.000000	-81.56439832
488.000000	15.04884777
490.000000	-8.10693409
492.000000	-53.57000116
494.000000	-39.92809396
496.000000	20.83187641
498.000000	120.35036866
500.000000	7.47093292
502.000000	-16.68161193
504.000000	-42.88507836
506.000000	96.41745487
508.000000	-8.46073337
510.000000	60.93696407
512.000000	-47.14324599
514.000000	35.34990568
516.000000	134.71446917
518.000000	-7.79204663
520.000000	-11.25889715
522.000000	50.63467499
524.000000	-19.32631940
526.000000	36.25114369
528.000000	-35.03337048
530.000000	-45.15775725
532.000000	46.89983552
534.000000	-89.10312915
536.000000	-46.14348582
538.000000	18.51940097
540.000000	-43.85173597
542.000000	-13.01165508
544.000000	20.22456011
546.000000	-73.58050766
548.000000	-14.48352768
550.000000	60.17216327
552.000000	-41.12291629
554.000000	-67.14613165
556.000000	-21.43658874
558.000000	-33.31298961
560.000000	-48.80572543
562.000000	-34.44604645
564.000000	-92.57783329
566.000000	-54.63489520
568.000000	-12.74070504
570.000000	-79.97918782
572.000000	40.30481678
574.000000	-1.79943935
576.000000	-6.50598098
578.000000	34.29528188
580.000000	46.00417084
582.000000	-22.15248228
584.000000	51.84311028
586.000000	-47.40195235
588.000000	4.74524131
590.000000	-38.35899404
592.000000	-0.18099715
594.000000	21.50479482
596.000000	85.75357561
598.000000	33.25576567
600.000000	-48.26679658
602.000000	-35.28258957
604.000000	126.35087956
606.000000	-31.93962905
608.000000	-150.51057705
610.000000	-19.02329234
612.000000	102.72187045
614.000000	50.11500476
616.000000	4.83869283
618.000000	41.54046309
620.000000	29.24522784
622.000000	-78.89596758
624.000000	31.52870057
626.000000	71.47508529
628.000000	4.65412126
630.000000	72.24588251
632.000000	19.43898713
634.000000	-0.77949537
636.000000	-10.43349708
638.000000	-31.60828788
640.000000	21.75114499
642.000000	-30.88703305
644.000000	-22.17697134
646.000000	-17.36483877
648.000000	53.85419030
650.000000	44.21192230
652.000000	-38.66797547
654.000000	3.95386589
656.000000	27.14765072
658.000000	-54.44632810
660.000000	-49.22806557
662.000000	22.18360791
664.000000	-70.27157643
666.000000	127.10384244
668.000000	-35.98833014
670.000000	4.80231041
672.000000	-17.97235741
674.000000	-77.29866494
676.000000	12.04149509
678.000000	19.69472075
680.000000	-56.69463969
682.000000	-51.00350735
684.000000	-6.57216363
686.000000	-23.89794690
688.000000	-13.71880953
690.000000	-7.81860536
692.000000	70.43385800
694.000000	47.60699893
696.000000	16.58079211
698.000000	-9.97827578
700.000000	50.49847365
702.000000	31.47763757
704.000000	47.23794788
706.000000	30.27211469
708.000000	-80.33091313
710.000000	62.61652500
712.000000	12.87230976
714.000000	-7.24841962
716.000000	50.86365146
718.000000	42.81841543
720.000000	-39.41867591
722.000000	25.52357327
724.000000	-51.11103186
726.000000	-24.34973801
728.000000	-83.86173719
730.000000	2.94631740
732.000000	19.12707643
734.000000	75.00183172
736.000000	-38.78535501
738.000000	-32.28952572
740.000000	153.58718224
742.000000	18.18697500
744.000000	85.60759751
746.000000	0.00548707
748.000000	-10.70168057
750.000000	7.86435852
752.000000	-54.43166412
754.000000	-24.68440995
756.000000	-44.20662153
758.000000	16.95029927
760.000000	-50.27155931
762.000000	100.49810769
764.000000	-15.80306601
766.000000	-7.55383154
768.000000	-19.78162013
770.000000	-104.76648069
772.000000	8.11874879
774.000000	-48.96176940
776.000000	-88.06201500
778.000000	8.13547045
780.000000	-69.13757078
782.000000	-13.49161334
784.000000	11.20043036
786.000000	-57.43229934
788.000000	-4.31909488
790.000000	-32.88822675
792.000000	-27.20773975
794.000000	7.34435996
796.000000	97.66410030
798.000000	65.23152927
800.000000	65.47569130
802.000000	-39.08549314
804.000000	5.69809765
806.000000	-57.22428779
808.000000	-45.61649596
810.000000	-18.32008819
812.000000	87.10605319
814.000000	6.87670137
816.000000	13.51454386
818.000000	72.97930031
820.000000	53.27269249
822.000000	74.61289553
824.000000	67.44530043
826.000000	65.06965302
828.000000	28.51248515
830.000000	-52.05952831
832.000000	-17.06889812
834.000000	-45.11487936
836.000000	-87.01639640
838.000000	-53.95153661
840.000000	-113.09810463
842.000000	33.46118631
844.000000	3.04958549
846.000000	50.60700929
848.000000	-56.34141934
850.000000	-33.32463681
852.000000	38.03803543
854.000000	-34.27638074
856.000000	-8.83114989
858.000000	-82.21146988
860.000000	-33.55067743
862.000000	-50.35668740
864.000000	-36.44103988
866.000000	76.87363882
868.000000	25.69197272
870.000000	-100.72052262
872.000000	-46.56692715
874.000000	-16.07899643
876.000000	-53.55414787
878.000000	15.15170258
880.000000	8.12236706
882.000000	-22.10918025
884.000000	43.47693581
886.000000	54.83867676
888.000000	90.03149375
890.000000	-60.70517364
892.000000	37.10507779
894.000000	-40.94547226
896.000000	-34.16387816
898.000000	2.04958893
900.000000	81.37122721
902.000000	-87.27810292
904.000000	6.30336954
906.000000	7.44916425
908.000000	29.12475738
910.000000	-60.69241123
912.000000	77.18311468
914.000000	85.94543051
916.000000	55.98329370
918.000000	4.54996039
920.000000	-51.82841510
922.000000	-14.22462158
924.000000	58.25078123
926.000000	-16.78417431
928.000000	81.33037034
930.000000	46.67798332
932.000000	-42.44073227
934.000000	-6.51053316
936.000000	-68.97264851
938.000000	-3.33378613
940.000000	-112.18477618
942.000000	-18.37479109
944.000000	96.46426350
946.000000	46.67543832
948.000000	39.09808148
950.000000	-106.65632012
952.000000	-8.09194214
954.000000	-33.29712174
956.000000	35.87271623
958.000000	-14.64672974
960.000000	-43.76646009
962.000000	36.37741965
964.000000	-10.36544475
966.000000	-106.05972761
968.000000	86.74779437
970.000000	-73.34981294
972.000000	-20.26833125
974.000000	17.18497304
976.000000	-34.73861232
978.000000	36.06787768
980.000000	-7.47347527
982.000000	22.79189878
984.000000	33.00131172
986.000000	62.99406914
988.000000	-62.03451874
990.000000	-44.43320364
992.000000	-6.60161284
994.000000	55.56685328
996.000000	56.84922097
998.000000	-16.74756371
1000.000000	71.01964745
1002.000000	-39.64161547
1004.000000	23.87428726
1006.000000	-24.26136405
1008.000000	-102.39034363
1010.000000	97.50984626
1012.000000	65.48180839
1014.000000	54.84974998
1016.000000	-6.07537446
1018.000000	-79.98875774
1020.000000	-39.54150808
1022.000000	-99.96594420
1024.000000	-15.14743402
1026.000000	4.03409744
1028.000000	17.65497181
1030.000000	-63.27990361
1032.000000	-109.37177412
1034.000000	-8.84287428
1036.000000	11.49001663
1038.000000	-8.18712344
1040.000000	9.47026835
1042.000000	-2.78640086
1044.000000	51.14787919
1046.000000	-13.11211635
1048.000000	-55.65549061
1050.000000	18.31856704
1052.000000	53.24819043
1054.000000	34.32344991
1056.000000	-50.16644497
1058.000000	-90.44615974
1060.000000	-18.15433220
1062.000000	17.90918293
1064.000000	46.77538737
1066.000000	116.50063654
1068.000000	-56.43559762
1070.000000	71.13297973
1072.000000	-12.52654740
1074.000000	12.51021281
1076.000000	91.38815138
1078.000000	-71.90056167
1080.000000	28.60974256
1082.000000	33.63605915
1084.000000	-46.15309343
1086.000000	65.13283283
1088.000000	-51.64445711
1090.000000	-29.83615075
1092.000000	45.20048681
1094.000000	27.44855867
1096.000000	50.92305791
1098.000000	-91.65006136
1100.000000	69.86548579
1102.000000	-90.79102613
1104.000000	107.14888482
1106.000000	-117.09734913
1108.000000	-45.12852449
1110.000000	124.19658210
1112.000000	14.86244575
1114.000000	28.47830618
1116.000000	-63.39352872
1118.000000	7.29559282
1120.000000	46.32350040
1122.000000	39.05062994
1124.000000	-68.20794928
1126.000000	14.23370380
1128.000000	-11.64326583
1130.000000	65.76068320
1132.000000	33.82687222
1134.000000	9.93778746
1136.000000	90.13171577
1138.000000	-134.05357969
1140.000000	39.34021098
1142.000000	-30.92869480
1144.000000	107.32734298
1146.000000	-54.47507667
1148.000000	-18.47694158
1150.000000	-89.84974077
1152.000000	101.43016854
1154.000000	-90.25404384
1156.000000	15.24371559
1158.000000	51.85525585
1160.000000	-26.15250039
1162.000000	44.42659855
1164.000000	-106.43756144
1166.000000	-67.81104723
1168.000000	-12.20926045
1170.000000	22.80689707
1172.000000	-51.34799303
1174.000000	22.99221813
1176.000000	-27.66015054
1178.000000	-129.41415667
1180.000000	-64.92773167
1182.000000	35.33408777
1184.000000	-45.24740613
1186.000000	78.60160675
1188.000000	86.68317091
1190.000000	-124.03583656
1192.000000	-21.95321013
1194.000000	-88.89868143
1196.000000	-49.10658117
1198.000000	55.38797231
1200.000000	-96.56784111
1202.000000	-40.07290085
1204.000000	13.76594042
1206.000000	-1.55320299
1208.000000	-66.08272968
1210.000000	-11.22912859
1212.000000	27.12520747
1214.000000	-30.86034935
1216.000000	-8.65986059
1218.000000	2.89234597
1220.000000	0.54763564
1222.000000	57.33017875
1224.000000	-107.44387387
1226.000000	-35.93561953
1228.000000	-36.24220986
1230.000000	11.01113810
1232.000000	-48.94057204
1234.000000	-42.04517847
1236.000000	9.67639777
1238.000000	-50.71767257
1240.000000	-44.48272464
1242.000000	33.57775096
1244.000000	24.71128968
1246.000000	-5.60965440
1248.000000	15.42814557
1250.000000	-51.20514180
1252.000000	-16.77401196
1254.000000	-54.27623010
1256.000000	-12.69660389
1258.000000	-59.30879354
1260.000000	104.35933800
1262.000000	-5.75536804
1264.000000	19.38510996
1266.000000	36.76189862
1268.000000	-13.40681844
1270.000000	-4.99404420
1272.000000	-22.77229554
1274.000000	1.01489076
1276.000000	-40.53919279
1278.000000	-49.71717678
1280.000000	-60.74755258
1282.000000	-45.92752672
1284.000000	-19.32511260
1286.000000	-18.28215226
1288.000000	28.30635762
1290.000000	-44.57623765
1292.000000	-95.13536175
1294.000000	-33.89164774
1296.000000	22.86988617
1298.000000	-61.78461632
1300.000000	-60.31207611
1302.000000	51.03982350
1304.000000	-48.37221953
1306.000000	-49.75362998
1308.000000	36.93404376
1310.000000	-23.54833647
1312.000000	90.33165798
1314.000000	11.89848689
1316.000000	61.76593674
1318.000000	-26.91031504
1320.000000	-26.32736578
1322.000000	44.27330711
1324.000000	-47.08261890
1326.000000	-14.76731973
1328.000000	-16.47235597
1330.000000	16.24742479
1332.000000	44.11261475
1334.000000	48.32050607
1336.000000	-60.43519656
1338.000000	-170.24759568
1340.000000	-0.30998390
1342.000000	6.07220686
1344.000000	7.94755947
1346.000000	46.31696361
1348.000000	33.68101513
1350.000000	14.99502014
1352.000000	-47.83512158
1354.000000	-82.40321685
1356.000000	20.20590062
1358.000000	-17.89432783
1360.000000	23.79526968
1362.000000	-1.71930398
1364.000000	138.84687041
1366.000000	-47.62946494
1368.000000	-61.00795638
1370.000000	65.49025535
1372.000000	-72.66552342
1374.000000	32.25181919
1376.000000	18.28563307
1378.000000	7.06045109
1380.000000	-40.90392251
1382.000000	-41.81582275
1384.000000	1.13025243
1386.000000	78.15767297
1388.000000	-26.69870216
1390.000000	23.68090069
1392.000000	12.25814253
1394.000000	18.88111199
1396.000000	47.47763683
1398.000000	50.15488240
1400.000000	-12.14563714
1402.000000	2.35225826
1404.000000	-27.91745019
1406.000000	97.42744856
1408.000000	-30.28056536
1410.000000	-3.17728959
1412.000000	-4.66131732
1414.000000	-32.70488390
1416.000000	17.88316646
1418.000000	-14.41857839
1420.000000	-49.05630167
1422.000000	-1.80683624
1424.000000	-112.84963604
1426.000000	-59.82309749
1428.000000	-20.46526229
1430.000000	42.80310926
1432.000000	-2.77604905
1434.000000	101.19957649
1436.000000	-61.49058918
1438.000000	36.60955999
1440.000000	-135.64822812
1442.000000	-28.21832839
1444.000000	63.49229662
1446.000000	-20.85918464
1448.000000	43.69506499
1449.000000	-42.31849631
1450.000000	10.79432526
1451.000000	17.54334728
1452.000000	-25.74692875
1453.000000	-4.40861563
1454.000000	-125.19404103
1455.000000	-85.11986840
1456.000000	69.15795280
1457.000000	-61.31288218
1458.000000	46.34861387
1459.000000	-104.37739289
1460.000000	28.77465257
1461.000000	36.89941586
1462.000000	-109.81120190
1463.000000	-7.24240416
1464.000000	-18.09678164
1465.000000	75.87652952
1466.000000	35.78763465
1467.000000	-12.94791425
1468.000000	-39.30467522
1469.000000	14.89423787
1470.000000	-34.50884031
1471.000000	67.99107902
1472.000000	38.36850537
1473.000000	-20.45287434
1474.000000	14.18934797
1475.000000	-87.81509834
1476.000000	-57.33748024
1477.000000	8.61549371
1478.000000	-73.69573633
1479.000000	-48.63330352
1480.000000	138.91464315
1481.000000	24.28829405
1482.000000	-6.15136146
1483.000000	47.46319829
1484.000000	-19.33169285
1485.000000	-45.48568404
1486.000000	85.11458407
1487.000000	28.96015941
1488.000000	22.81402058
1489.000000	21.76466776
1490.000000	69.71922240
1491.000000	37.47511564
1492.000000	-52.21189172
1493.000000	-21.59658197
1494.000000	167.24051639
1495.000000	77.78781162
1496.000000	29.06147676
1497.000000	-48.55811345
1498.000000	-46.24748789
1499.000000	69.79190294
1500.000000	38.99396612
1501.000000	3.91892336
1502.000000	-127.81365145
1503.000000	-31.38132867
1504.000000	11.00441659
1505.000000	52.38225553
1506.000000	-36.45541172
1507.000000	-47.81691379
1508.000000	32.67213829
1509.000000	38.26843928
1510.000000	-38.70458477
1511.000000	-41.57628139
1512.000000	52.77175997
1513.000000	-59.42205741
1514.000000	9.25779486
1515.000000	25.28035212
1516.000000	40.42311481
1517.000000	32.29263419
1518.000000	97.00315274
1519.000000	3.78855178
1520.000000	-47.08628283
1521.000000	-106.14114132
1522.000000	31.50168294
1523.000000	-87.63066666
1524.000000	-13.67029641
1525.000000	58.73523400
1526.000000	44.01779286
1527.000000	-26.19022400
1528.000000	62.05610685
1529.000000	-71.30602700
1530.000000	-69.28056473
1531.000000	51.11176277
1532.000000	-33.53202247
1533.000000	-5.85811092
1534.000000	-50.74941830
1535.000000	32.87196586
1536.000000	-37.29545252
1537.000000	14.23857169
1538.000000	49.72963188
1539.000000	82.34215874
1540.000000	31.63084259
1541.000000	33.22453108
1542.000000	-19.92042841
1543.000000	-95.78503675
1544.000000	-37.72409524
1545.000000	-57.80408699
1546.000000	-67.56769511
1547.000000	-61.87556681
1548.000000	15.18840729
1549.000000	-92.39889634
1550.000000	69.33502646
1551.000000	76.63110755
1552.000000	49.47440161
1553.000000	-31.37822539
1554.000000	62.36007537
1555.000000	40.75259694
1556.000000	78.88184343
1557.000000	119.62141372
1558.000000	-108.77005050
1559.000000	-34.51001441
1560.000000	43.72948367
1561.000000	-27.47445470
1562.000000	18.15738504
1563.000000	71.41288395
1564.000000	-7.88856832
1565.000000	80.90716942
1566.000000	-28.23182389
1567.000000	43.03741803
1568.000000	10.07958355
1569.000000	-115.54040314
1570.000000	10.47777613
1571.000000	5.49062167
1572.000000	21.41443423
1573.000000	24.96645003
1574.000000	28.99607762
1575.000000	-69.25656477
1576.000000	8.74585982
1577.000000	-30.98386859
1578.000000	-2.86927703
1579.000000	13.86098621
1580.000000	-1.09288162
1581.000000	52.70630876
1582.000000	-4.71229888
1583.000000	33.99767127
1584.000000	108.03742799
1585.000000	74.47179853
1586.000000	28.12543996
1587.000000	-70.47764726
1588.000000	-14.98423683
1589.000000	-14.90056468
1590.000000	52.19548383
1591.000000	60.85051034
1592.000000	-5.39280306
1593.000000	-43.29823352
1594.000000	-63.22385988
1595.000000	-41.83174940
1596.000000	13.88022402
1597.000000	-13.27377825
1598.000000	-14.34837160
1599.000000	-15.63852417
1600.000000	112.17504707
1601.000000	-94.16031872
1602.000000	-55.83309329
1603.000000	7.88358542
1604.000000	16.09577642
1605.000000	172.91743685
1606.000000	-69.85943747
1607.000000	64.07271552
1608.000000	20.09477430
1609.000000	-80.48584681
1610.000000	-12.30623014
1611.000000	-33.65705424
1612.000000	-0.37639464
1613.000000	-89.71669207
1614.000000	-77.00505549
1615.000000	-55.97054004
1616.000000	-23.48836050
1617.000000	11.58229383
1618.000000	-12.25925622
1619.000000	-83.06350073
1620.000000	-48.89208636
1621.000000	-86.79726550
1622.000000	-17.62398316
1623.000000	-42.44481062
1624.000000	57.42944360
1625.000000	-22.32289223
1626.000000	18.78176780
1627.000000	-16.19668535
1628.000000	33.85041332
1629.000000	-8.63044573
1630.000000	88.73685985
1631.000000	-90.16082005
1632.000000	-74.07346937
1633.000000	-102.86146959
1634.000000	-68.52545672
1635.000000	-46.24299290
1636.000000	-109.50057313
1637.000000	76.45101752
1638.000000	-33.49643061
1639.000000	23.74888404
1640.000000	-44.69574072
1641.000000	40.77057831
1642.000000	-18.95112101
1643.000000	42.09818765
1644.000000	-30.40903891
1645.000000	7.59119614
1646.999000	-33.83471901
1647.999000	-35.48167622
1648.999000	-11.22616765
1649.999000	-53.77318620
1650.999000	-41.39333251
1651.999000	-12.04983496
1652.999000	65.61871916
1653.999000	54.81699250
1654.999000	-51.03486171
1655.999000	-14.69459048
1656.999000	-68.19014148
1657.999000	-63.78143084
1658.999000	-12.94578948
1659.999000	-64.82272927
1660.999000	-26.59382491
1661.999000	-35.88953828
1662.999000	30.58556057
1663.999000	-91.73765090
1664.999000	27.82371669
1665.999000	11.77699898
1666.999000	12.78669038
1667.999000	-16.39987752
1668.999000	-2.63258032
1669.999000	-58.88057829
1670.999000	18.69683012
1671.999000	5.12895117
1672.999000	-88.60716420
1673.999000	0.62285635
1674.999000	76.12590200
1675.999000	63.23127680
1676.999000	18.85157876
1677.999000	33.38536810
1678.999000	-57.69920852
1679.999000	-54.27297550
1680.999000	51.73576089
1681.999000	3.52601047
1682.999000	-21.07600823
1683.999000	-35.52998238
1684.999000	23.86539268
1685.999000	31.16147156
1686.999000	-43.31285860
1687.999000	-16.40371081
1688.999000	-63.60343168
1689.999000	30.80868332
1690.999000	50.73009924
1691.999000	-22.89031377
1692.999000	4.94669918
1693.999000	33.24747037
1694.999000	69.28087141
1695.999000	-102.87629345
1696.999000	-57.76894445
1697.999000	20.66128318
1698.999000	-25.25177564
1699.999000	-9.32289139
1700.999000	-80.51372459
1701.999000	-58.64280141
1702.999000	6.52777210
1703.999000	27.54243024
1704.999000	21.86460534
1705.999000	-33.75691441
1706.999000	14.28906996
1707.999000	11.36979364
1708.999000	13.81407939
1709.999000	-19.24155559
1710.999000	12.15436492
1711.999000	81.38283889
1712.999000	-32.42009119
1713.999000	5.00580760
1714.999000	2.26071313
1715.999000	39.82643252
1716.999000	-43.70466892
1717.999000	106.97076225
1718.999000	-75.16123972
1719.999000	9.86749901
1720.999000	11.16879557
1721.999000	-67.24242137
1722.999000	-36.11813559
1723.999000	-9.68149661
1724.999000	52.69577002
1725.999000	-131.44204001
1726.999000	-23.39196780
1727.999000	-52.28735052
1728.999000	-70.40900612
1729.999000	-30.12242064
1730.999000	-64.35452179
1731.999000	-11.43498271
1732.999000	-45.53370803
1733.999000	-48.26986801
1734.999000	16.16136133
1735.999000	-24.03905185
1736.999000	60.50058090
1737.999000	-95.82708624
1738.999000	18.76526571
1739.999000	-29.81737772
1740.999000	31.11439533
1741.999000	-25.27084468
1742.999000	-117.15940135
1743.999000	31.45699949
1744.999000	-8.76430317
1745.999000	60.33074086
1746.999000	-78.03750143
1747.999000	11.23650419
1748.999000	37.17972228
1749.999000	-59.17776786
1750.999000	-7.07881647
1751.999000	-77.60046263
1752.999000	-0.94202203
1753.999000	93.00394597
1754.999000	49.44675383
1755.999000	79.71985686
1756.999000	49.37455234
1757.999000	24.06959842
1758.999000	-41.69623125
1759.999000	-24.11308178
1760.999000	43.41474036
1761.999000	-70.99419531
1762.999000	-106.63420141
1763.999000	-36.81958206
1764.999000	39.81456197
1765.999000	-3.44994418
1766.999000	-81.18149676
1767.999000	3.68668798
1768.999000	-5.74695444
1769.999000	-41.23046400
1770.999000	-97.36727473
1771.999000	59.49747785
1772.999000	25.18528741
1773.999000	28.28910024
1774.999000	39.30387559
1775.999000	0.58150162
1776.999000	12.47140513
1777.999000	-39.61336519
1778.999000	54.60414491
1779.999000	-0.69781445
1780.999000	-102.33386548
1781.999000	-13.90882923
1782.999000	21.45810422
1783.999000	24.03561662
1784.999000	45.23907924
1785.999000	-42.90379985
1786.999000	-10.10738967
1787.999000	55.79742375
1788.999000	23.31593446
1789.999000	-5.30284999
1790.999000	-0.67033359
1791.999000	47.80408452
1792.999000	-44.98777599
1793.999000	-0.10096815
1794.999000	-26.93687080
1795.999000	-118.31868110
1796.999000	-6.73030811
1797.999000	63.77142446
1798.999000	17.72177039
1799.999000	34.41306892
1800.999000	52.52575429
1801.999000	30.09236541
1802.999000	87.05668053
1803.999000	-44.97795739
1804.999000	73.79610046
1805.999000	122.21776311
1806.999000	13.22553835
1807.999000	-36.70565206
1808.999000	-51.00315508
1809.999000	86.17587302
1810.999000	-5.76516560
1811.999000	20.70330039
1812.999000	-74.64582046
1813.999000	28.72576614
1814.999000	-94.10486914
1815.999000	-44.44794623
1816.999000	-23.59924111
1817.999000	92.51056136
1818.999000	-0.30091677
1819.999000	-45.51442698
1820.999000	-87.20088256
1821.999000	43.07537789
1822.999000	39.86991664
1823.999000	31.57612210
1824.999000	27.97688009
1825.999000	-79.41005238
1826.999000	77.85797531
1827.999000	0.99294793
1828.999000	-10.69620484
1829.999000	-31.07471462
1830.999000	36.23915516
1831.999000	9.57701631
1832.999000	-8.16411669
1833.999000	33.98785749
1834.999000	12.12437912
1835.999000	-93.30419606
1836.999000	-29.72950187
1837.999000	52.11139050
1838.999000	-52.76643144
1839.999000	16.26597053
1840.999000	74.23377982
1841.999000	-92.55664984
1842.999000	30.38759345
1843.999000	-86.98716804
1844.999000	-10.68471940
1845.999000	76.29959789
1846.999000	-56.48677952
1847.999000	-1.34846901
1848.999000	3.58429461
1849.999000	13.33183907
1850.999000	-36.57303760
1851.999000	25.69726153
1852.999000	41.62335616
1853.999000	-9.59776459
1854.999000	-77.35206024
1855.999000	5.41684209
1856.999000	-30.26939554
1857.999000	73.69004185
1858.999000	64.04315185
1859.999000	-8.25624435
1860.999000	-27.87087824
1861.999000	-40.60879014
1862.999000	21.08080094
1863.999000	32.66921527
1864.999000	-53.49434775
1865.999000	51.61204333
1866.999000	-91.75475618
1867.999000	1.26858309
1868.999000	39.73561717
1869.999000	18.47636884
1870.999000	-51.49671095
1871.999000	96.14370409
1872.999000	-62.59877886
1873.999000	-115.72372971
1874.999000	-32.74761374
1875.999000	-7.10540726
1876.999000	-50.86261204
1877.999000	76.79513999
1878.999000	-25.09779662
1879.999000	0.24615042
1880.999000	-49.74693148
1881.999000	-58.89232226
1882.999000	-83.48089238
1883.999000	-118.27452973
1884.999000	112.04885306
1885.999000	-88.20467619
1886.999000	-32.82096443
1887.999000	96.72451012
1888.999000	133.08699830
1889.999000	9.10539610
1890.999000	27.34363940
1891.999000	36.54536463
1892.999000	21.48676138
1893.999000	-33.63232338
1894.999000	-19.12580080
1895.999000	-58.10874395
1896.999000	-78.39976886
1897.999000	22.56276159
1898.999000	23.32312633
