# F(k,t) correlation function
# Reference time: 1406.001 ps
# lag_time_ps	F(k,t)
0.000000	425.49961595
1.000000	-68.19522812
3.000000	15.72155829
5.000000	67.63328268
7.000000	31.73103341
9.000000	-42.89886525
11.000000	18.18790887
13.000000	44.48991564
15.000000	-68.91628401
17.000000	-29.37809610
19.000000	-43.72261966
21.000000	-18.28585006
23.000000	-5.61166879
25.000000	-22.35392010
27.000000	-32.29402771
29.000000	38.30148144
31.000000	-25.03310757
33.000000	-25.77206263
35.000000	35.42808744
37.000000	-7.33445284
39.000000	-0.95840741
41.000000	10.60828897
43.000000	-34.59374011
45.000000	21.15514656
47.000000	85.99779632
49.000000	-15.99630877
51.000000	58.98602441
53.000000	-63.34175740
55.000000	-64.26388768
57.000000	5.26591756
59.000000	16.32369600
61.000000	-32.08173949
63.000000	-20.79707095
65.000000	8.95545482
67.000000	-3.60389247
69.000000	-48.71101472
71.000000	-84.92071771
73.000000	50.54157889
75.000000	-49.14161944
77.000000	-21.45938430
79.000000	-8.09280167
81.000000	44.74151185
83.000000	-13.39646479
85.000000	44.36892972
87.000000	-71.03963125
89.000000	20.27158616
91.000000	76.75849816
93.000000	-66.40571014
95.000000	-48.46619814
97.000000	136.11601546
99.000000	-11.31794662
101.000000	5.33772998
103.000000	-26.93071461
105.000000	-18.53695455
107.000000	116.59915431
109.000000	-14.46992064
111.000000	30.50822790
113.000000	-54.68397243
115.000000	-56.24601952
117.000000	2.20387874
119.000000	62.38015473
121.000000	5.97025014
123.000000	-16.46607610
125.000000	57.28398863
127.000000	58.72406614
129.000000	-14.99145688
131.000000	36.57678845
133.000000	69.86201875
135.000000	46.11565244
137.000000	-5.84225278
139.000000	-129.58086268
141.000000	18.75626233
143.000000	-82.52968433
145.000000	-43.12320968
147.000000	5.27575801
149.000000	-1.38555417
151.000000	-60.90052676
153.000000	-1.15745048
155.000000	25.92969829
157.000000	-57.93933598
159.000000	-3.13473283
161.000000	-16.88292726
163.000000	19.34247005
165.000000	-17.70510082
167.000000	-22.41068178
169.000000	61.43920672
171.000000	-13.54736414
173.000000	-3.26161139
175.000000	133.55234296
177.000000	-25.24466748
179.000000	-2.21481478
181.000000	-3.15539241
183.000000	-83.25415988
185.000000	62.20862194
187.000000	22.45465382
189.000000	-20.15960157
191.000000	-63.76335870
193.000000	-22.18072442
195.000000	62.00555229
197.000000	-13.37115857
199.000000	-79.31284256
201.000000	-41.15285418
203.000000	15.84682229
205.000000	-57.46584770
207.000000	-50.19103251
209.000000	-50.62804169
211.000000	38.98887554
213.000000	36.89462602
215.000000	33.86527767
217.000000	-54.77875134
219.000000	-55.00910666
221.000000	67.19810717
223.000000	-64.18647362
225.000000	-24.58178246
227.000000	59.55662572
229.000000	-4.20823538
231.000000	-3.80012800
233.000000	87.58900887
235.000000	36.14576670
237.000000	64.48125733
239.000000	-99.53684622
241.000000	33.30539165
243.000000	-36.38430856
245.000000	31.23448696
247.000000	35.23687571
249.000000	6.09848078
251.000000	33.58884652
253.000000	105.08627359
255.000000	-18.97968337
257.000000	12.96099917
259.000000	-108.50209349
261.000000	7.33126765
263.000000	-79.89788740
265.000000	29.57502702
267.000000	-4.06871554
269.000000	41.91833139
271.000000	-24.74778562
273.000000	61.05911684
275.000000	-44.89320582
277.000000	63.00662320
279.000000	-82.79717306
281.000000	120.37374035
283.000000	49.12978069
285.000000	3.88918463
287.000000	-20.10708659
289.000000	-13.74520553
291.000000	48.72015722
293.000000	-29.09363798
295.000000	-6.96769862
297.000000	49.71646486
299.000000	-6.11033518
301.000000	-92.36072476
303.000000	51.83031372
305.000000	7.01996597
307.000000	-34.46428962
309.000000	34.79622903
311.000000	-39.52611209
313.000000	-12.25013192
315.000000	45.39848984
317.000000	-3.53055254
319.000000	0.09915923
321.000000	-4.93091632
323.000000	-1.62880291
325.000000	44.17912719
327.000000	-0.52022079
329.000000	-20.38950429
331.000000	12.04123667
333.000000	20.15388772
335.000000	-53.74596003
337.000000	-6.98118949
339.000000	66.19288902
341.000000	22.70522561
343.000000	-42.30569915
345.000000	36.53532503
347.000000	-29.48852766
349.000000	-19.76857184
351.000000	-22.46176993
353.000000	-0.09938062
355.000000	33.38811581
357.000000	24.01615162
359.000000	-46.08681647
361.000000	24.82674381
363.000000	-67.92445418
365.000000	16.78686914
367.000000	-14.67921459
369.000000	34.86735833
371.000000	3.06954753
373.000000	12.04524731
375.000000	32.55095164
377.000000	1.07686933
379.000000	61.04469615
381.000000	-30.27830457
383.000000	-39.07728691
385.000000	-1.60094573
387.000000	40.14005577
389.000000	-14.93218268
391.000000	-47.23645630
393.000000	10.00308789
395.000000	-104.47666736
397.000000	-84.95303506
399.000000	-26.63090648
401.000000	7.02854336
403.000000	55.18876773
405.000000	-40.07710097
407.000000	-68.21721339
409.000000	21.04207814
411.000000	-54.93686905
413.000000	-40.18236572
415.000000	72.11058656
417.000000	-59.46783563
419.000000	51.66824262
421.000000	-25.45338886
423.000000	58.02638233
425.000000	3.07155574
427.000000	-18.69677523
429.000000	44.50533687
431.000000	33.16348325
433.000000	-66.51188415
435.000000	-12.79319306
437.000000	-30.41141762
439.000000	-54.42857971
441.000000	-20.19643136
443.000000	-1.51622125
444.000000	-36.19920077
445.000000	-9.97904790
446.000000	-37.47322607
447.000000	-54.88611411
448.000000	60.04881432
449.000000	6.55561318
450.000000	107.95138304
451.000000	-7.64088916
452.000000	26.26650672
453.000000	53.58754212
454.000000	91.58493179
455.000000	37.46303721
456.000000	54.52649806
457.000000	23.70341448
458.000000	6.54726059
459.000000	-16.63140471
460.000000	-46.59986190
461.000000	20.28780585
462.000000	37.35534173
463.000000	22.81107706
464.000000	35.18545241
465.000000	37.86781411
466.000000	-26.38677073
467.000000	63.40591738
468.000000	-28.05919234
469.000000	15.10284942
470.000000	-8.31738095
471.000000	-56.33169914
472.000000	19.31989875
473.000000	126.58300450
474.000000	-44.00617872
475.000000	77.50560887
476.000000	-36.28840473
477.000000	-59.04580022
478.000000	-15.48221090
479.000000	-37.75662257
480.000000	0.86626301
481.000000	59.62173913
482.000000	-24.72084617
483.000000	-85.62750452
484.000000	43.82414728
485.000000	62.76130878
486.000000	11.64095072
487.000000	23.92446479
488.000000	26.42182598
489.000000	-5.29040017
490.000000	16.27274223
491.000000	30.13473853
492.000000	-82.80960246
493.000000	9.98133096
494.000000	-28.87894166
495.000000	12.58726492
496.000000	-19.23901364
497.000000	-56.35463173
498.000000	-3.18408853
499.000000	20.05098617
500.000000	20.08526331
501.000000	-48.44288537
502.000000	-29.10518835
503.000000	28.70915032
504.000000	73.10037538
505.000000	26.78898620
506.000000	-5.50656730
507.000000	-91.13817962
508.000000	2.31932497
509.000000	42.59503495
510.000000	-104.72423077
511.000000	91.46977606
512.000000	92.84079249
513.000000	-29.80042563
514.000000	36.57997153
515.000000	-0.54562535
516.000000	22.46082764
517.000000	77.10517337
518.000000	95.81364346
519.000000	-37.37601497
520.000000	10.40164110
521.000000	-20.12082052
522.000000	-33.10095576
523.000000	-30.80002842
524.000000	-33.77179945
525.000000	-40.14314169
526.000000	15.76293025
527.000000	-4.02132313
528.000000	-11.04066661
529.000000	-21.99342323
530.000000	47.59897462
531.000000	-51.08555077
532.000000	-24.03028647
533.000000	-7.06870434
534.000000	-21.45643317
535.000000	49.41735837
536.000000	-2.57550926
537.000000	-3.78536008
538.000000	-96.96584562
539.000000	52.98459480
540.000000	16.99893316
541.000000	46.55439757
542.000000	1.78023846
543.000000	-47.36509533
544.000000	45.45174902
545.000000	9.78665453
546.000000	-7.31142745
547.000000	24.69671416
548.000000	28.37610842
549.000000	-61.00248042
550.000000	43.78056550
551.000000	-25.58833731
552.000000	32.76332712
553.000000	76.22452506
554.000000	-74.61096530
555.000000	54.62439522
556.000000	-64.82164385
557.000000	29.20994702
558.000000	112.93944829
559.000000	8.12454084
560.000000	-37.81112579
561.000000	-10.05075021
562.000000	-3.92115646
563.000000	-39.94516936
564.000000	-3.93237870
565.000000	29.81528592
566.000000	3.13475134
567.000000	40.17026577
568.000000	2.52696566
569.000000	23.13350423
570.000000	-1.50075841
571.000000	-10.24219389
572.000000	-21.91399708
573.000000	78.99902123
574.000000	30.23253154
575.000000	38.33954777
576.000000	48.68605205
577.000000	37.32165628
578.000000	-8.25650484
579.000000	-47.07218701
580.000000	-0.18350710
581.000000	-88.59745728
582.000000	-72.46270750
583.000000	-19.96931892
584.000000	32.54745614
585.000000	56.77655719
586.000000	23.14180768
587.000000	-2.20360071
588.000000	-51.25202856
589.000000	24.32818403
590.000000	-51.00299229
591.000000	53.94412481
592.000000	-31.56919274
593.000000	-51.51150857
594.000000	-138.20589932
595.000000	37.06097163
596.000000	1.07611721
597.000000	-32.80056382
598.000000	3.25599816
599.000000	-19.54578004
600.000000	7.07731102
601.000000	1.44673613
602.000000	55.78876747
603.000000	-66.49477816
604.000000	-18.67625347
605.000000	-11.19875235
606.000000	-3.92241878
607.000000	27.14479317
608.000000	-28.75494915
609.000000	31.25387050
610.000000	71.77415564
611.000000	46.71851444
612.000000	38.56062782
613.000000	-16.52636822
614.000000	4.10756641
615.000000	-4.60931793
616.000000	-38.93741462
617.000000	10.11983784
618.000000	22.29099122
619.000000	9.62125452
620.000000	-104.61419691
621.000000	32.91306095
622.000000	56.45206879
623.000000	55.73670531
624.000000	-2.89208696
625.000000	-77.33508962
626.000000	21.62365775
627.000000	27.41863405
628.000000	6.44248482
629.000000	2.43019979
630.000000	-4.28510287
631.000000	10.58095843
632.000000	-29.08572309
633.000000	56.60917348
634.000000	-23.48638286
635.000000	-70.35875402
636.000000	-24.58026383
637.000000	-7.70666101
638.000000	18.98290395
639.000000	74.66584075
640.000000	-49.42925465
641.999000	-41.14037484
642.999000	-15.52455040
643.999000	-40.42616785
644.999000	-88.92053013
645.999000	-78.81778215
646.999000	-30.70005519
647.999000	-96.58349815
648.999000	-63.25187506
649.999000	15.53965985
650.999000	-15.32675350
651.999000	-45.27427415
652.999000	-88.67041410
653.999000	43.37852734
654.999000	-46.83005391
655.999000	10.70345626
656.999000	-103.28069053
657.999000	-6.47441372
658.999000	46.81272595
659.999000	30.83254134
660.999000	-22.57652984
661.999000	-37.87494235
662.999000	150.08055146
663.999000	-22.61042159
664.999000	34.45366233
665.999000	-28.81632202
666.999000	174.14551288
667.999000	-3.31273767
668.999000	27.37152915
669.999000	72.54997435
670.999000	18.58034225
671.999000	-3.46577283
672.999000	16.03070443
673.999000	3.61641453
674.999000	16.21901041
675.999000	11.43318191
676.999000	15.69488237
677.999000	-22.91621074
678.999000	-26.16271473
679.999000	23.01483785
680.999000	28.33832233
681.999000	31.88041748
682.999000	-61.18401342
683.999000	16.65772264
684.999000	-82.17241158
685.999000	-51.88043272
686.999000	5.99825387
687.999000	-0.14656149
688.999000	60.87027793
689.999000	16.40939814
690.999000	-86.15012154
691.999000	-29.02218057
692.999000	-49.42078765
693.999000	-23.24251262
694.999000	9.36006370
695.999000	-79.22743753
696.999000	-50.54391191
697.999000	58.03872219
698.999000	-139.43279762
699.999000	-25.13927133
700.999000	-62.44954890
701.999000	-115.02818808
702.999000	-42.63153479
703.999000	18.33209999
704.999000	73.06876646
705.999000	20.16981933
706.999000	-33.01929782
707.999000	185.91440241
708.999000	6.34044011
709.999000	62.57375077
710.999000	54.48139725
711.999000	-28.81085074
712.999000	-102.32774295
713.999000	-79.55286788
714.999000	43.97499631
715.999000	27.13248436
716.999000	-38.48848863
717.999000	-61.19088144
718.999000	1.54898945
719.999000	-23.47089816
720.999000	-18.59575589
721.999000	-6.64202834
722.999000	-43.11647027
723.999000	-4.13103094
724.999000	-57.60587427
725.999000	29.12368714
726.999000	34.31082963
727.999000	-23.07422973
728.999000	-50.31076370
729.999000	-87.13790533
730.999000	40.14575380
731.999000	-37.35780450
732.999000	60.77734755
733.999000	4.70801224
734.999000	-17.17397573
735.999000	16.38512698
736.999000	-100.72762717
737.999000	-97.48302304
738.999000	16.75277045
739.999000	31.46859649
740.999000	-6.98845941
741.999000	8.75593106
742.999000	-80.96146583
743.999000	-50.64781782
744.999000	37.98579895
745.999000	-18.16925892
746.999000	60.93286849
747.999000	138.16549910
748.999000	-11.79264009
749.999000	-104.70263641
750.999000	19.96192566
751.999000	14.38333426
752.999000	-38.13340068
753.999000	125.26854014
754.999000	18.71430448
755.999000	22.21504127
756.999000	15.98405808
757.999000	-12.83010767
758.999000	8.40619401
759.999000	4.20238726
760.999000	-15.97454581
761.999000	27.63315988
762.999000	100.32625324
763.999000	-29.14049773
764.999000	-31.57625780
765.999000	-18.35156198
766.999000	-21.13838582
767.999000	86.02587809
768.999000	36.27824800
769.999000	85.06140882
770.999000	36.39492966
771.999000	52.58677828
772.999000	77.62674513
773.999000	-45.69526302
774.999000	63.97810939
775.999000	51.24104890
776.999000	24.70290704
777.999000	21.11612572
778.999000	-25.55655736
779.999000	-114.71187893
780.999000	-77.32286103
781.999000	20.90189674
782.999000	59.86755355
783.999000	-133.06782024
784.999000	-45.89637562
785.999000	20.09724339
786.999000	5.69143735
787.999000	-68.42893010
788.999000	24.23725346
789.999000	33.90206919
790.999000	-17.81566976
791.999000	-24.33886954
792.999000	37.98278376
793.999000	-62.45468828
794.999000	2.08130077
795.999000	-14.01176821
796.999000	-22.13427023
797.999000	47.40829389
798.999000	-30.19224634
799.999000	-23.66957521
800.999000	-61.29220418
801.999000	-8.80533611
802.999000	-15.30406896
803.999000	-14.18904122
804.999000	-71.93391092
805.999000	-17.05666806
806.999000	-34.52288723
807.999000	-23.62289821
808.999000	-112.29844085
809.999000	91.35927805
810.999000	34.56030130
811.999000	33.01939618
812.999000	-149.73248026
813.999000	-6.37014742
814.999000	1.89203568
815.999000	-16.09265088
816.999000	88.47834848
817.999000	-39.74868427
818.999000	1.57223313
819.999000	14.28712955
820.999000	6.33632798
821.999000	-105.08986802
822.999000	-25.87826354
823.999000	-44.05413776
824.999000	-25.21700219
825.999000	19.04265104
826.999000	-67.12809451
827.999000	-36.62365108
828.999000	34.57005909
829.999000	-23.28394631
830.999000	-26.78362414
831.999000	-2.78132081
832.999000	-84.02774643
833.999000	-17.68003232
834.999000	36.07073704
835.999000	-11.61791897
836.999000	-90.60745926
837.999000	-57.06106736
838.999000	-22.94748044
839.999000	5.34724009
840.999000	46.08917734
841.999000	-1.07793866
842.999000	34.49790382
843.999000	104.64577174
844.999000	-54.42935397
845.999000	27.20848108
846.999000	5.55520198
847.999000	21.91000323
848.999000	29.43789548
849.999000	10.41282240
850.999000	24.80237016
851.999000	60.05934599
852.999000	-13.76940123
853.999000	7.88588695
854.999000	-33.48786486
855.999000	-78.08530716
856.999000	46.41608541
857.999000	26.32139808
858.999000	2.11114087
859.999000	36.46735937
860.999000	-39.30745990
861.999000	-32.92151481
862.999000	-1.36046879
863.999000	39.24765123
864.999000	-26.24831582
865.999000	-16.14745403
866.999000	-73.72187814
867.999000	-108.97236073
868.999000	-8.57686373
869.999000	12.44415913
870.999000	10.36411302
871.999000	-34.02279515
872.999000	26.35742992
873.999000	-64.23110216
874.999000	140.32331667
875.999000	-6.45281738
876.999000	61.05787947
877.999000	-22.85148287
878.999000	29.41274020
879.999000	-16.90796637
880.999000	-120.67054494
881.999000	41.26428314
882.999000	-48.64872256
883.999000	-23.99188436
884.999000	-91.25119742
885.999000	-25.52045407
886.999000	-12.51135552
887.999000	39.50129141
888.999000	-56.13925688
889.999000	-69.85702913
890.999000	45.11563716
891.999000	38.53469985
892.999000	-78.40751270
893.999000	-88.77558227
