# F(k,t) correlation function
# Reference time: 1205.001 ps
# lag_time_ps	F(k,t)
0.000000	462.18726818
2.000000	-105.35565582
4.000000	42.61386142
6.000000	6.52438636
8.000000	-41.81842192
10.000000	48.93856953
12.000000	-28.35371117
14.000000	-17.37634630
16.000000	-55.28448842
18.000000	-38.58953549
20.000000	14.23598276
22.000000	-7.83065504
24.000000	99.73623483
26.000000	-62.12231443
28.000000	-4.85881621
30.000000	48.56725204
32.000000	28.12372776
34.000000	-12.61438224
36.000000	-108.62972208
38.000000	73.00551500
40.000000	-15.26339975
42.000000	24.82917483
44.000000	31.90180791
46.000000	12.57447378
48.000000	-18.75272671
50.000000	-29.94935450
52.000000	-7.70060032
54.000000	33.58939321
56.000000	98.14788959
58.000000	-61.75068245
60.000000	70.15356317
62.000000	-59.89976654
64.000000	81.80321696
66.000000	-46.11718023
68.000000	63.64352787
70.000000	36.98173437
72.000000	1.60575802
74.000000	26.33587237
76.000000	-20.32257807
78.000000	-9.87444529
80.000000	11.47511964
82.000000	-64.30612398
84.000000	-112.42020364
86.000000	-79.62831235
88.000000	98.62776641
90.000000	45.01818664
92.000000	-19.35473493
94.000000	-40.09026411
96.000000	-4.97423031
98.000000	-86.60583086
100.000000	5.77615973
102.000000	-4.98389959
104.000000	-3.03857732
106.000000	-15.90903383
108.000000	-49.84305605
110.000000	31.04754963
112.000000	-1.84590799
114.000000	-64.06896139
116.000000	6.45334765
118.000000	-51.66306163
120.000000	32.15303046
122.000000	22.02108197
124.000000	-18.13141348
126.000000	24.49786974
128.000000	-18.38899439
130.000000	8.48774655
132.000000	-6.56398588
134.000000	63.52239789
136.000000	-5.29733951
138.000000	-52.12524984
140.000000	-40.36861394
142.000000	-59.77328449
144.000000	39.63955696
146.000000	55.38302791
148.000000	-33.62904029
150.000000	-65.97611731
152.000000	58.54110989
154.000000	52.39531826
156.000000	-22.89376478
158.000000	-20.90105383
160.000000	-18.51477861
162.000000	107.69338038
164.000000	-28.37210003
166.000000	56.53097408
168.000000	89.27461968
170.000000	9.44327590
172.000000	-0.46928365
174.000000	-72.78786956
176.000000	57.75943139
178.000000	12.55813661
180.000000	-27.65886849
182.000000	-111.09107352
184.000000	-41.40618714
186.000000	6.35223081
188.000000	2.12968854
190.000000	3.15129246
192.000000	-23.90733185
194.000000	84.47032239
196.000000	-78.92405847
198.000000	44.40617630
200.000000	-61.90373953
202.000000	-103.46796657
204.000000	43.89732556
206.000000	-84.67917158
208.000000	-6.58425702
210.000000	-173.76399861
212.000000	8.56368110
214.000000	-54.48470224
216.000000	-0.56445662
218.000000	16.89089949
220.000000	27.51311631
222.000000	-42.56322542
224.000000	-27.46697794
226.000000	-37.62779598
228.000000	35.92302729
230.000000	44.76363054
232.000000	-25.90028430
234.000000	-47.69757108
236.000000	-56.37338914
238.000000	26.48281178
240.000000	-47.47533839
242.000000	16.89671540
244.000000	52.90741522
246.000000	-131.01632219
248.000000	-54.74964140
250.000000	18.97448277
252.000000	-21.60471597
254.000000	21.71872707
256.000000	9.81812164
258.000000	62.17490131
260.000000	18.26599726
262.000000	-41.21762514
264.000000	-27.08573327
266.000000	20.12453384
268.000000	50.32962407
270.000000	-12.93138689
272.000000	-51.07643594
274.000000	55.47751899
276.000000	24.55396472
278.000000	15.42263217
280.000000	81.40503238
282.000000	-35.54641265
284.000000	27.20416243
286.000000	-1.33179308
288.000000	-1.15853729
290.000000	-5.22579062
292.000000	41.58978646
294.000000	-14.12315457
296.000000	16.93059143
298.000000	51.58520689
300.000000	86.66239845
302.000000	22.15154865
304.000000	-4.49914017
306.000000	-35.83743274
308.000000	18.09087203
310.000000	-45.55079616
312.000000	-68.84455832
314.000000	-14.59193976
316.000000	111.41325147
318.000000	25.39834689
320.000000	6.50932934
322.000000	6.90401442
324.000000	34.35948074
326.000000	52.78229528
328.000000	-127.29248759
330.000000	48.54569838
332.000000	77.70437166
334.000000	-28.92381121
336.000000	-29.77046486
338.000000	-9.84007207
340.000000	33.51926401
342.000000	52.85765424
344.000000	-83.34613047
346.000000	32.24660302
348.000000	-31.56569420
350.000000	1.09277535
352.000000	24.59734709
354.000000	11.84786746
356.000000	-12.59168867
358.000000	-71.96634940
360.000000	14.63928206
362.000000	-3.39518010
364.000000	-17.33325652
366.000000	-62.67016414
368.000000	28.96622933
370.000000	91.51040167
372.000000	28.85510577
374.000000	-49.29902074
376.000000	32.48018385
378.000000	-51.42230160
380.000000	-53.13213935
382.000000	-29.89555167
384.000000	-25.03997295
386.000000	80.15449736
388.000000	40.57323422
390.000000	-24.30362075
392.000000	80.72367145
394.000000	69.10156079
396.000000	3.74577117
398.000000	39.64202684
400.000000	-23.79524573
402.000000	-51.17718894
404.000000	-6.85905219
406.000000	58.62633216
408.000000	-126.92139155
410.000000	-125.21091241
412.000000	-30.78538872
414.000000	-53.45410890
416.000000	28.35446039
418.000000	13.09146655
420.000000	-1.41823424
422.000000	-15.24440158
424.000000	69.70016903
426.000000	119.60481526
428.000000	31.77007142
430.000000	-40.49432235
432.000000	46.50992985
434.000000	11.55384660
436.000000	-42.96308938
438.000000	12.53822668
440.000000	12.71895695
442.000000	-63.33429909
444.000000	75.78295605
446.000000	-54.44662731
448.000000	-75.05109671
450.000000	-53.88026009
452.000000	-46.42126817
454.000000	-38.56633996
456.000000	-11.96108612
458.000000	48.26831437
460.000000	23.14014398
462.000000	-28.99954974
464.000000	-16.78620672
466.000000	-33.39945363
468.000000	-54.54919829
470.000000	12.08292505
472.000000	-90.68978157
474.000000	-19.33373750
476.000000	-19.44403288
478.000000	17.24300204
480.000000	46.42154561
482.000000	16.55410571
484.000000	-5.68737120
486.000000	39.24821492
488.000000	-8.43170767
490.000000	50.99325462
492.000000	25.93969152
494.000000	-4.39137049
496.000000	-105.39585579
498.000000	148.06028008
500.000000	-14.60101638
502.000000	-33.65258132
504.000000	47.70645167
506.000000	13.14507116
508.000000	-8.53917983
510.000000	59.22596795
512.000000	-40.66255340
514.000000	13.79347898
516.000000	-24.61814262
518.000000	-14.87835655
520.000000	-46.87039107
522.000000	3.47105848
524.000000	31.60755882
526.000000	-68.49722838
528.000000	3.81363460
530.000000	5.36895382
532.000000	-36.91903112
534.000000	-38.68818947
536.000000	10.92926504
538.000000	71.64688718
540.000000	3.97131440
542.000000	25.39194798
544.000000	32.56067588
546.000000	99.70001365
548.000000	-16.42496874
550.000000	-14.59118715
552.000000	18.70420879
554.000000	-75.60983327
556.000000	10.65764867
558.000000	14.96297273
560.000000	-3.97811558
562.000000	24.56677482
564.000000	-12.71991653
566.000000	-65.27152566
568.000000	-20.47305724
570.000000	-7.51049558
572.000000	15.94421850
574.000000	-1.46178175
576.000000	-85.90672016
578.000000	28.64600190
580.000000	3.16111356
582.000000	49.22993122
584.000000	-21.65114886
586.000000	35.23091982
588.000000	-10.52761688
590.000000	-51.05486042
592.000000	-90.61992502
594.000000	18.22818980
596.000000	-36.65955023
598.000000	2.35725003
600.000000	14.56273918
602.000000	10.18201365
604.000000	-9.49857229
606.000000	-53.08552810
608.000000	25.97768536
610.000000	39.45560696
612.000000	-111.89632165
614.000000	-20.14729174
616.000000	-88.90949559
618.000000	-19.59447540
620.000000	18.50681049
622.000000	48.63825023
624.000000	-24.61405184
626.000000	-55.79742097
628.000000	-27.59985548
630.000000	-30.43044902
632.000000	37.11235717
634.000000	-51.68738112
636.000000	63.58685385
638.000000	120.31346187
640.000000	-47.15190961
642.000000	45.25353747
644.000000	63.10962247
645.000000	-28.51443587
646.000000	22.02538741
647.000000	0.55337832
648.000000	-109.94180236
649.000000	-54.58714908
650.000000	36.08410388
651.000000	-18.36446452
652.000000	-52.86799242
653.000000	29.92079726
654.000000	48.99717873
655.000000	-67.84031032
656.000000	26.98254589
657.000000	-40.81472126
658.000000	43.29066054
659.000000	-2.02065390
660.000000	-9.56626991
661.000000	-29.24890567
662.000000	7.49702232
663.000000	114.40188570
664.000000	76.56484628
665.000000	29.81591298
666.000000	14.22894363
667.000000	-44.08879418
668.000000	23.52288620
669.000000	6.57280722
670.000000	88.97058792
671.000000	-71.25538441
672.000000	49.52155809
673.000000	7.60060286
674.000000	71.56943332
675.000000	55.11678883
676.000000	12.43639157
677.000000	-77.22836174
678.000000	-93.25901764
679.000000	15.50418705
680.000000	42.92456514
681.000000	31.60191988
682.000000	14.74079283
683.000000	-55.31675538
684.000000	-46.13176393
685.000000	-66.30953213
686.000000	-26.15560742
687.000000	55.72526537
688.000000	-39.76485062
689.000000	-29.37562023
690.000000	-40.84159934
691.000000	-37.91704687
692.000000	-3.48548700
693.000000	74.97139952
694.000000	4.50622302
695.000000	-47.87013301
696.000000	-16.62458136
697.000000	0.52348152
698.000000	40.54156188
699.000000	123.64597194
700.000000	51.69258600
701.000000	-4.31999445
702.000000	-40.64838488
703.000000	31.83048180
704.000000	76.46557344
705.000000	-89.08031791
706.000000	33.18749787
707.000000	-108.72938188
708.000000	17.67065279
709.000000	-66.56577551
710.000000	52.13649045
711.000000	51.06676055
712.000000	-1.24305432
713.000000	55.79914973
714.000000	20.25317803
715.000000	-75.32310370
716.000000	-26.26270314
717.000000	21.34807074
718.000000	46.84670509
719.000000	60.41951512
720.000000	13.93320530
721.000000	-30.82724475
722.000000	-33.46634419
723.000000	-76.86995386
724.000000	11.10982724
725.000000	-12.31795967
726.000000	41.07029546
727.000000	47.65731149
728.000000	11.45031900
729.000000	17.11878857
730.000000	-4.94926195
731.000000	-7.17459137
732.000000	41.19802353
733.000000	50.70010404
734.000000	68.62679694
735.000000	-7.70081529
736.000000	52.97160176
737.000000	-19.52305873
738.000000	36.08721749
739.000000	-45.46802402
740.000000	100.84020345
741.000000	7.42254024
742.000000	-20.20285778
743.000000	-131.44915058
744.000000	-43.06765888
745.000000	106.78542750
746.000000	82.06677412
747.000000	39.11972417
748.000000	-5.81849282
749.000000	-93.40775519
750.000000	19.69939996
751.000000	-84.07932827
752.000000	48.14253244
753.000000	-34.83060529
754.000000	-24.10609660
755.000000	24.19116681
756.000000	46.15710072
757.000000	-9.58447717
758.000000	20.42664123
759.000000	-17.15732231
760.000000	10.80499046
761.000000	-77.97024262
762.000000	11.43013656
763.000000	-51.10018475
764.000000	20.73662014
765.000000	35.16691100
766.000000	-44.15108184
767.000000	97.68179976
768.000000	0.68721389
769.000000	-4.97278734
770.000000	-49.28867711
771.000000	22.16310378
772.000000	-26.61505738
773.000000	38.26727353
774.000000	24.98628731
775.000000	0.69358500
776.000000	61.35391289
777.000000	61.78765130
778.000000	-83.53251696
779.000000	0.37742090
780.000000	14.98123287
781.000000	94.76468951
782.000000	17.97937131
783.000000	-67.62808809
784.000000	-39.82164805
785.000000	68.14986952
786.000000	-44.15896268
787.000000	-29.40435161
788.000000	-55.79486012
789.000000	1.19351618
790.000000	78.01713164
791.000000	-58.38200753
792.000000	-111.20076708
793.000000	-48.54098650
794.000000	75.29049348
795.000000	12.56219248
796.000000	10.48283076
797.000000	13.72440813
798.000000	71.23256834
799.000000	-38.12707680
800.000000	-7.99222505
801.000000	-4.60029985
802.000000	3.86961894
803.000000	33.98690019
804.000000	21.19880633
805.000000	-57.25625175
806.000000	-96.30472009
807.000000	9.50000755
808.000000	-98.01833660
809.000000	14.15672389
810.000000	-18.90311634
811.000000	-25.05895311
812.000000	31.32973297
813.000000	-61.66788206
814.000000	9.09958933
815.000000	-75.19333845
816.000000	49.77429469
817.000000	14.20134383
818.000000	-11.10384125
819.000000	-29.45165700
820.000000	1.05780679
821.000000	51.45500362
822.000000	-6.62726333
823.000000	-66.84881570
824.000000	-37.80225142
825.000000	55.66644151
826.000000	-38.22136315
827.000000	-2.24074318
828.000000	-10.96477042
829.000000	-0.80313719
830.000000	133.29452917
831.000000	-27.64106903
832.000000	-20.60978671
833.000000	12.22844370
834.000000	28.86011412
835.000000	39.08834126
836.000000	-9.95870155
837.000000	61.79148440
838.000000	48.92656042
839.000000	-69.50568439
840.000000	-24.16728882
841.000000	-0.36163766
842.999000	13.26304286
843.999000	23.38533192
844.999000	72.14287547
845.999000	4.60716002
846.999000	-75.82944525
847.999000	39.21207001
848.999000	23.35706289
849.999000	-1.84577681
850.999000	-51.69540554
851.999000	10.30620534
852.999000	37.62616454
853.999000	0.61679291
854.999000	8.88194592
855.999000	-40.13290889
856.999000	28.77128610
857.999000	22.44862032
858.999000	28.75260766
859.999000	83.27991917
860.999000	38.08483914
861.999000	-86.12110387
862.999000	-25.00139111
863.999000	69.66975122
864.999000	12.92583807
865.999000	2.00554456
866.999000	-10.99961280
867.999000	-62.54280668
868.999000	32.86599289
869.999000	79.84117944
870.999000	-20.06655335
871.999000	82.97099432
872.999000	-66.04817691
873.999000	31.88743321
874.999000	-19.00850222
875.999000	95.60094632
876.999000	-67.15440192
877.999000	-45.23283472
878.999000	100.63296853
879.999000	19.28211782
880.999000	67.37239175
881.999000	103.14749517
882.999000	64.27966173
883.999000	36.09936268
884.999000	-14.88339367
885.999000	74.75659978
886.999000	113.25886870
887.999000	25.46379048
888.999000	-74.00407752
889.999000	-53.29847044
890.999000	54.54336796
891.999000	59.48008715
892.999000	1.14162793
893.999000	-44.68480608
894.999000	30.34742433
895.999000	61.73817181
896.999000	-15.09745258
897.999000	-38.04014598
898.999000	-70.04171993
899.999000	33.62480299
900.999000	23.52684109
901.999000	-2.53819487
902.999000	-27.22587221
903.999000	8.76778075
904.999000	90.93133482
905.999000	-55.85467529
906.999000	31.42571741
907.999000	4.61508923
908.999000	-54.70174926
909.999000	28.52056572
910.999000	65.27812635
911.999000	45.67915780
912.999000	0.04265121
913.999000	39.02381907
914.999000	91.45455724
915.999000	13.45816249
916.999000	-59.22424261
917.999000	-12.64466094
918.999000	130.18513170
919.999000	45.59912786
920.999000	1.35811058
921.999000	15.05934619
922.999000	-91.80107214
923.999000	-44.88272338
924.999000	38.69314676
925.999000	69.42733750
926.999000	-94.86068659
927.999000	39.93656445
928.999000	-32.06756023
929.999000	-43.73246941
930.999000	34.32213215
931.999000	-55.63077830
932.999000	1.54679285
933.999000	25.24259305
934.999000	109.17073498
935.999000	53.36065608
936.999000	7.44791137
937.999000	23.57348512
938.999000	0.33158649
939.999000	33.22432530
940.999000	46.79196489
941.999000	33.95537425
942.999000	83.77701525
943.999000	40.37088720
944.999000	-18.24634165
945.999000	32.76314539
946.999000	-83.87783402
947.999000	54.32012025
948.999000	-27.67450433
949.999000	-23.31630813
950.999000	23.80828065
951.999000	-12.68937092
952.999000	37.01372007
953.999000	-60.47790876
954.999000	13.66677600
955.999000	-14.42320091
956.999000	-41.99322647
957.999000	14.87754036
958.999000	-91.67554832
959.999000	-10.81378838
960.999000	19.83383817
961.999000	-93.79510971
962.999000	-39.81765006
963.999000	-21.55138755
964.999000	49.23548648
965.999000	25.51186699
966.999000	-61.66705850
967.999000	-148.50734976
968.999000	12.53008413
969.999000	16.69843164
970.999000	-63.60700329
971.999000	12.82374135
972.999000	-26.25518279
973.999000	-10.10798622
974.999000	34.60753977
975.999000	-68.79836399
976.999000	-69.60612979
977.999000	-56.25607214
978.999000	-38.00622882
979.999000	-46.11789781
980.999000	36.67407891
981.999000	66.18699704
982.999000	-27.36380998
983.999000	-139.09390168
984.999000	-17.62511799
985.999000	-12.79874395
986.999000	55.55978532
987.999000	11.72333809
988.999000	5.00936876
989.999000	41.82962240
990.999000	-27.62901553
991.999000	54.11863008
992.999000	34.02884983
993.999000	-28.81273138
994.999000	-62.03053492
995.999000	-76.46109133
996.999000	-20.30431396
997.999000	-83.34489697
998.999000	-53.33940260
999.999000	-55.55233347
1000.999000	-119.40697328
1001.999000	-65.91918847
1002.999000	15.29107404
1003.999000	49.59137110
1004.999000	41.82570773
1005.999000	-78.53972768
1006.999000	23.62444575
1007.999000	13.48660121
1008.999000	51.87327567
1009.999000	73.76111091
1010.999000	31.29677675
1011.999000	13.03943720
1012.999000	-42.13813133
1013.999000	46.25274235
1014.999000	-139.32623486
1015.999000	15.25292591
1016.999000	10.92224874
1017.999000	1.93393427
1018.999000	29.53226790
1019.999000	-36.34139802
1020.999000	-31.94525860
1021.999000	31.93227917
1022.999000	55.60464480
1023.999000	83.13855617
1024.999000	-27.89767326
1025.999000	-12.16033880
1026.999000	21.04370383
1027.999000	103.64963192
1028.999000	-5.90364260
1029.999000	-21.30841917
1030.999000	-82.49090086
1031.999000	17.18498887
1032.999000	28.12549079
1033.999000	8.51469792
1034.999000	-85.93595960
1035.999000	-6.96834960
1036.999000	44.39075161
1037.999000	44.09559412
1038.999000	-6.56884753
1039.999000	-4.96987679
1040.999000	73.67972002
1041.999000	-28.26798858
1042.999000	10.30519208
1043.999000	68.06361537
1044.999000	-93.73369815
1045.999000	26.23698271
1046.999000	94.94425241
1047.999000	-5.88443538
1048.999000	12.38351818
1049.999000	-48.66997216
1050.999000	53.47442434
1051.999000	8.35436890
1052.999000	11.72517047
1053.999000	-78.28727392
1054.999000	33.39972741
1055.999000	-83.48528215
1056.999000	27.86215472
1057.999000	-30.64637617
1058.999000	22.89315085
1059.999000	7.03038493
1060.999000	46.99172256
1061.999000	21.95849539
1062.999000	-20.47624732
1063.999000	-97.93384864
1064.999000	-7.91723569
1065.999000	43.28565945
1066.999000	-13.54109370
1067.999000	6.79331087
1068.999000	31.11403224
1069.999000	17.44093897
1070.999000	-28.74344792
1071.999000	22.89384473
1072.999000	2.12234581
1073.999000	12.99426713
1074.999000	-1.59172314
1075.999000	39.10232768
1076.999000	93.66148279
1077.999000	8.91259187
1078.999000	-24.98181782
1079.999000	-8.22446171
1080.999000	53.71485377
1081.999000	-12.92680377
1082.999000	-51.27782486
1083.999000	-18.06866570
1084.999000	-62.59022725
1085.999000	54.05921903
1086.999000	-6.48204117
1087.999000	-107.44275501
1088.999000	-4.94652326
1089.999000	10.07884168
1090.999000	-7.39805801
1091.999000	-22.60860616
1092.999000	16.90650585
1093.999000	96.81175513
1094.999000	-110.67855331
