# F(k,t) correlation function
# Reference time: 0.000 ps
# lag_time_ps	F(k,t)
0.000000	676.19763192
1.000000	39.79637640
2.000000	23.74786757
3.000000	29.27761643
4.000000	-87.40444710
5.000000	23.56979674
6.000000	79.76980390
7.000000	-23.38045038
8.000000	17.40154185
9.000000	-62.17994121
10.000000	14.52674505
11.000000	-32.94427657
12.000000	-87.15587143
13.000000	-15.84999727
14.000000	-67.29604696
15.000000	15.19265666
16.000000	12.64218521
17.000000	-37.03301603
18.000000	29.71018411
19.000000	-73.62639301
20.000000	-22.40906452
21.000000	45.70645501
22.000000	-47.91292577
23.000000	105.97206461
24.000000	-11.85024477
25.000000	205.50546984
26.000000	70.39501892
27.000000	60.12461604
28.000000	-50.37688209
29.000000	16.77615896
30.000000	-19.87643579
31.000000	-32.42002863
32.000000	-86.36581734
33.000000	23.23498788
34.000000	-39.07484022
35.000000	-53.50847369
36.000000	-102.71011215
37.000000	37.77867158
38.000000	2.44066137
39.000000	43.67390193
40.000000	27.32624702
41.000000	43.71256304
42.000000	-118.52072170
43.000000	63.76692665
44.000000	3.41770881
45.000000	36.31240296
46.000000	0.79986932
47.000000	104.94892244
48.000000	2.76659249
49.000000	4.65530992
50.000000	73.53247288
51.000000	42.93954731
52.000000	-44.27416374
53.000000	38.47069407
54.000000	51.92262071
55.000000	59.13030028
56.000000	-29.40560629
58.000000	32.90512534
60.000000	-50.29678325
62.000000	5.34019173
64.000000	-68.09202728
66.000000	-63.01158570
68.000000	-91.69882926
70.000000	41.15611945
72.000000	69.99422430
74.000000	40.44889552
76.000000	41.21733402
78.000000	55.84742103
80.000000	-49.61757684
82.000000	-78.71625290
84.000000	-109.10267622
86.000000	-5.31293765
88.000000	70.86002451
90.000000	26.48148347
92.000000	31.52058931
94.000000	22.10402144
96.000000	12.47067461
98.000000	-0.54565897
100.000000	-60.36872372
102.000000	-42.07243341
104.000000	-27.63037630
106.000000	-55.52002770
108.000000	151.87321501
110.000000	59.42533759
112.000000	-53.74134180
114.000000	23.19570426
116.000000	81.88505228
118.000000	48.61715095
120.000000	-32.45397433
122.000000	-23.16047490
124.000000	28.94806558
126.000000	-71.34786304
128.000000	-11.62100980
130.000000	62.28369943
132.000000	43.84035946
134.000000	-21.49837598
135.001000	26.83806679
137.001000	6.74473348
139.001000	18.83595746
141.001000	-47.03439990
143.001000	0.85910230
145.001000	-24.53999297
147.001000	-30.66172460
149.001000	-74.53961898
151.001000	-29.31656882
153.001000	144.02923601
155.001000	22.84332709
157.001000	-66.93311441
159.001000	-77.65088848
161.001000	145.86823483
163.001000	91.23894311
165.001000	48.72628671
167.001000	74.54765299
169.001000	-0.87019228
171.001000	7.52326167
173.001000	-54.36973158
175.001000	75.34938926
177.001000	-44.81014595
179.001000	140.66354902
181.001000	-11.23041355
183.001000	90.76456268
185.001000	73.85227039
187.001000	-46.05629209
189.001000	53.80435294
191.001000	85.07065962
193.001000	72.29554765
195.001000	19.22559242
197.001000	-98.88026088
199.001000	13.30053386
201.001000	48.68291317
203.001000	-32.90180787
205.001000	-91.79519472
207.001000	61.98326709
209.001000	-13.45584592
211.001000	31.97196098
213.001000	27.15584883
215.001000	74.18488169
217.001000	27.54208411
219.001000	-8.32548067
221.001000	-44.90326638
223.001000	129.11523515
225.001000	40.22861103
227.001000	-70.96441397
229.001000	-23.73471384
231.001000	-3.40449382
233.001000	-2.91787450
235.001000	-30.48220352
237.001000	-23.11411869
239.001000	107.93709482
241.001000	3.13777618
243.001000	69.46807984
245.001000	-39.84063124
247.001000	-9.35721905
249.001000	65.42531796
251.001000	27.43897775
253.001000	20.12965878
255.001000	-4.41400420
257.001000	-88.69422934
259.001000	62.19943818
261.001000	-31.12302594
263.001000	-28.27844949
265.001000	-83.70180032
267.001000	96.89735832
269.001000	111.44764886
271.001000	15.87723420
273.001000	27.74328979
275.001000	-33.36826988
277.001000	-62.27616005
279.001000	-52.76318861
281.001000	-101.57342490
283.001000	30.03788650
285.001000	-28.19058024
287.001000	-26.61211559
289.001000	-236.23732032
291.001000	15.93559419
293.001000	49.23317393
295.001000	-25.07491090
297.001000	24.47994992
299.001000	-75.48873755
301.001000	48.40101523
303.001000	39.51349905
305.001000	-34.27150534
307.001000	15.82993231
309.001000	-35.91040443
311.001000	-31.67126589
313.001000	84.39709170
315.001000	-62.92420129
317.001000	-25.33038959
319.001000	-17.14369051
321.001000	-50.02741106
323.001000	60.04841536
325.001000	-14.63613178
327.001000	127.41861574
329.001000	-148.37363590
331.001000	22.06735816
333.001000	49.79441760
335.001000	81.89914051
337.001000	15.66642230
339.001000	-53.20776584
341.001000	-53.96708112
343.001000	64.08855769
345.001000	-40.79934122
347.001000	26.41861576
349.001000	-39.34443885
351.001000	-37.15133720
353.001000	-55.94704709
355.001000	-21.20850487
357.001000	33.51519994
359.001000	-46.31036462
361.001000	-56.85420550
363.001000	-150.84360049
365.001000	16.36450391
367.001000	20.23438745
369.001000	99.95547486
371.001000	40.33145618
373.001000	32.82078395
375.001000	135.01470109
377.001000	-5.09224107
379.001000	34.69253776
381.001000	85.23569919
383.001000	32.04342611
385.001000	-70.97747235
387.001000	-11.94478442
389.001000	-37.76327618
391.001000	58.83626123
393.001000	-61.10492006
395.001000	-16.28677996
397.001000	46.67683697
399.001000	33.12471592
401.001000	75.94242965
403.001000	-60.80922994
405.001000	-30.36030478
407.001000	36.76781960
409.001000	0.92836509
411.001000	-62.40711235
413.001000	-48.47255472
415.001000	32.68323700
417.001000	-39.49980765
419.001000	-47.13503554
421.001000	-45.89325283
423.001000	-37.93676480
425.001000	49.87148929
427.001000	-26.78596276
429.001000	13.60299545
431.001000	-87.62421493
433.001000	-46.61806218
435.001000	45.91745586
437.001000	-12.03835777
439.001000	33.64803224
441.001000	157.82823757
443.001000	26.43411758
445.001000	-30.34757829
447.001000	10.65527121
449.001000	46.15154982
451.001000	126.85894578
453.001000	-52.75468027
455.001000	-47.44930406
457.001000	-74.86562604
459.001000	-14.71802535
461.001000	-8.54949591
463.001000	72.43976284
465.001000	22.29789854
467.001000	15.32315991
469.001000	-38.19735483
471.001000	16.94061801
473.001000	-22.07666027
475.001000	-31.71231640
477.001000	-75.47956026
479.001000	-36.02603767
481.001000	44.67231540
483.001000	-67.86837937
485.001000	81.56170789
487.001000	89.35364581
489.001000	102.23392866
491.001000	-68.87018988
493.001000	-36.77076336
495.001000	57.30308482
497.001000	7.36316220
499.001000	55.59970125
501.001000	45.71048691
503.001000	-83.21431068
505.001000	43.50680348
507.001000	-7.70166335
509.001000	-4.61695287
511.001000	61.29837531
513.001000	103.50261314
515.001000	94.36923966
517.001000	7.20515984
519.001000	-65.89329295
521.001000	-137.26020402
523.001000	-16.90146398
525.001000	77.66830849
527.001000	-10.79034739
529.001000	-67.56567053
531.001000	4.59261042
533.001000	116.47462316
535.001000	-24.79988853
537.001000	-32.79859347
539.001000	-28.25408405
541.001000	102.95283060
543.001000	48.76228482
545.001000	-89.22593797
547.001000	-75.03282705
549.001000	-8.76916641
551.001000	-28.47705262
553.001000	32.46605663
555.001000	13.25996174
557.001000	-5.94048740
559.001000	-66.56415032
561.001000	-25.10665630
563.001000	-45.72271336
565.001000	-146.63833370
567.001000	32.66203140
569.001000	27.08931889
571.001000	54.62960157
573.001000	-79.91476759
575.001000	48.71322088
577.001000	56.35856461
579.001000	-112.20653379
581.001000	-124.58666923
583.001000	21.37503600
585.001000	62.73415306
587.001000	-38.06739906
589.001000	86.37298637
591.001000	-128.66344122
593.001000	-12.25685932
595.001000	-55.41124320
597.001000	131.26874808
599.001000	25.43360343
601.001000	-115.78950366
603.001000	36.84123286
605.001000	-33.92171909
607.001000	-18.86206802
609.001000	4.73895017
611.001000	-1.70105055
613.001000	-49.37321765
615.001000	5.13057315
617.001000	23.57746382
619.001000	8.15434610
621.001000	65.46253221
623.001000	-50.82955973
625.001000	85.38097623
627.001000	-63.12636392
629.001000	56.86104045
631.001000	39.27260467
633.001000	31.50734292
635.001000	5.76019422
637.001000	25.72100925
639.001000	-14.59878164
641.001000	11.33490413
643.001000	-91.80568100
645.001000	45.34134294
647.001000	61.47359392
649.001000	78.95045635
651.001000	-202.64882017
653.001000	8.96965209
655.001000	20.93959650
657.001000	30.84353000
659.001000	-101.37746269
661.001000	-71.75346708
663.001000	-0.59440466
665.001000	23.01113946
667.001000	32.62717571
669.001000	-72.55936438
671.001000	-100.39699575
673.001000	-11.04385400
675.001000	-72.93562225
677.001000	-66.16610757
679.001000	5.20106620
681.001000	-77.62751830
683.001000	-102.57695796
685.001000	54.81006050
687.001000	-119.55232996
689.001000	-97.20547012
691.001000	-33.98253320
693.001000	4.99832695
695.001000	-43.57279056
697.001000	-104.20278332
699.001000	-35.91939238
701.001000	-43.96986137
703.001000	-27.73632239
705.001000	37.36210204
707.001000	-127.90089790
709.001000	66.83900035
711.001000	103.75976326
713.001000	75.89135769
715.001000	15.40269203
717.001000	53.24038118
719.001000	-31.55455493
721.001000	-25.17084403
723.001000	40.63375291
725.001000	-12.69366807
727.001000	5.32921331
729.001000	62.22131171
731.001000	36.53891517
733.001000	-11.10273675
735.001000	92.52428672
737.001000	41.55125362
739.001000	26.19413129
741.001000	83.73772154
743.001000	24.54603191
745.001000	-61.58707937
747.001000	-28.20377472
749.001000	-9.42445303
751.001000	-97.44837848
753.001000	38.27141848
755.001000	50.55970013
757.001000	-113.30141770
759.001000	-25.24860561
761.001000	-11.60894180
763.001000	-83.33248720
765.001000	16.58192994
767.001000	21.13085709
769.001000	20.87603880
771.001000	21.65745634
773.001000	-33.27024923
775.001000	-22.95936573
777.001000	-1.80639887
779.001000	-11.45234460
781.001000	-127.06016197
783.001000	-8.73566220
785.001000	-14.66821037
787.001000	-79.41048444
789.001000	22.00522146
791.001000	57.91094910
793.001000	61.52137411
795.001000	-29.32649944
797.001000	-5.71906671
799.001000	6.73764576
801.001000	45.86582921
803.001000	-14.22378992
805.001000	12.72353734
807.001000	-30.80482371
809.001000	7.62189529
811.001000	18.27548716
813.001000	23.88269241
815.001000	-71.44095197
817.001000	44.20741460
819.001000	-22.47828781
821.001000	-62.50842793
823.001000	-77.40684241
825.001000	-38.87801926
827.001000	-14.38794510
829.001000	-6.03724329
831.001000	18.14404141
833.001000	48.59105736
835.001000	-48.64635381
837.001000	60.82299996
839.001000	56.15017182
841.001000	-51.64360108
843.001000	-61.78128039
845.001000	103.62229027
847.001000	-4.31798957
849.001000	-0.17218568
851.001000	96.43593175
853.001000	-44.89144804
855.001000	-47.95536356
857.001000	-131.11931252
859.001000	59.47147095
861.001000	-55.48512918
863.001000	-101.34847891
865.001000	0.87937687
867.001000	-57.01448654
869.001000	56.47170712
871.001000	-67.94639102
873.001000	-22.83946388
875.001000	41.22677363
877.001000	32.65731407
879.001000	59.89049309
881.001000	-90.70502344
883.001000	69.04796864
885.001000	83.38767438
887.001000	-95.47703527
889.001000	2.14748757
891.001000	-69.37050285
893.001000	-30.87543385
895.001000	61.72737644
897.001000	12.34217595
899.001000	-99.07132814
901.001000	45.21041199
903.001000	73.29373005
905.001000	75.90739281
907.001000	26.21779331
909.001000	-85.04151961
911.001000	-66.48731739
913.001000	101.18770154
915.001000	-22.57408263
917.001000	30.64804816
919.001000	18.65973030
921.001000	72.02073405
923.001000	18.83676841
925.001000	55.34251480
927.001000	-20.74284071
929.001000	60.12975757
931.001000	12.61874428
933.001000	-40.59012220
935.001000	38.80591250
937.001000	-50.25788066
939.001000	-10.07844506
941.001000	-68.06894888
943.001000	-13.67068480
945.001000	74.15942541
947.001000	-37.79255450
949.001000	11.44735539
951.001000	19.59010329
953.001000	-24.45020979
955.001000	-59.26556747
957.001000	42.63800602
959.001000	-26.80807814
961.001000	-99.94665967
963.001000	-42.71075081
965.001000	40.08783889
967.001000	-45.11428693
969.001000	15.73935140
971.001000	48.72826465
973.001000	-10.67831167
975.001000	-43.99800709
977.001000	-6.28399741
979.001000	70.87395696
981.001000	-70.01232319
983.001000	-12.04620527
985.001000	-36.59667379
987.001000	12.65984915
989.001000	78.22818241
991.001000	1.55422998
993.001000	-1.64083943
995.001000	-152.41739537
997.001000	-19.44478760
999.001000	-51.01775407
1001.001000	-18.70446004
1003.001000	-36.94304006
1005.001000	-37.38235403
1007.001000	82.21920133
1009.001000	-12.37286216
1011.001000	-14.00174601
1013.001000	-22.93377893
1015.001000	138.59719215
1017.001000	-11.77741905
1019.001000	-45.15805043
1021.001000	-8.82524789
1023.001000	58.59096918
1025.001000	67.20431225
1027.001000	99.58704419
1029.001000	56.10120875
1031.001000	53.13496859
1033.001000	34.91635482
1035.001000	-79.43301764
1037.001000	-211.08183784
1039.001000	-82.09943798
1041.001000	-79.54515819
1043.001000	51.82740339
1045.001000	16.83976749
1047.001000	-107.19643605
1049.001000	42.29537482
1051.001000	-21.60984944
1053.001000	-31.75523843
1055.001000	-51.22933227
1057.001000	-56.43229323
1059.001000	59.32637646
1061.001000	-82.44271653
1063.001000	-24.61401964
1065.001000	-124.06252257
1067.001000	137.71009191
1069.001000	-5.00491643
1071.001000	-19.64538666
1073.001000	44.82083704
1075.001000	-104.39062067
1077.001000	-36.83032594
1079.001000	-17.34140425
1081.001000	49.69360123
1083.001000	29.76041738
1085.001000	44.78470479
1087.001000	5.94772109
1089.001000	-0.92119884
1091.001000	32.98695659
1093.001000	10.16459248
1095.001000	94.47266604
1097.001000	-22.84754580
1099.001000	78.77991921
1101.001000	88.48004622
1103.001000	-25.22171642
1105.001000	34.92848593
1107.001000	28.10122302
1109.001000	-10.40628931
1111.001000	-22.85517698
1113.001000	-7.02322668
1115.001000	80.82129816
1117.001000	19.92677435
1119.001000	-65.40041153
1121.001000	-74.97224540
1123.001000	21.32395678
1125.001000	-52.69394302
1127.001000	-42.53612407
1129.001000	-25.32541107
1131.001000	1.81973555
1133.001000	-117.43820706
1135.001000	-50.85906655
1137.001000	16.77305794
1139.001000	12.82355881
1141.001000	5.90098685
1143.001000	87.98633308
1145.001000	80.05718704
1147.001000	38.98660054
1149.001000	32.98112091
1151.001000	-13.05087809
1153.001000	-99.03883643
1155.001000	4.48254238
1157.001000	-11.55675991
1159.001000	65.22138129
1161.001000	12.53907632
1163.001000	-27.67342956
1165.001000	44.47126353
1167.001000	102.93620895
1169.001000	-105.93020523
1171.001000	-104.45477565
1173.001000	-20.80113610
1175.001000	167.20116306
1177.001000	-48.64948240
1179.001000	49.44792307
1181.001000	-39.58511873
1183.001000	29.84322852
1185.001000	52.43784958
1187.001000	-87.70609210
1189.001000	19.97572299
1191.001000	62.33833162
1193.001000	-132.42828557
1195.001000	-8.98322157
1197.001000	48.54864529
1199.001000	82.20825863
1201.001000	-4.74433690
1203.001000	41.02932793
1205.001000	-3.51278971
1207.001000	-42.45000210
1209.001000	31.67230577
1211.001000	-21.53392526
1213.001000	64.44803132
1215.001000	41.56416382
1217.001000	17.82687753
1219.001000	-17.72764489
1221.001000	-37.40037344
1223.001000	62.29413837
1225.001000	-24.80311614
1227.001000	-38.14268608
1229.001000	-59.36257655
1231.001000	16.85414180
1233.001000	62.83676133
1235.001000	77.92536960
1237.001000	38.14039864
1239.001000	55.98073106
1241.001000	45.99499495
1243.001000	20.84883135
1245.001000	33.44413638
1247.001000	-41.71669251
1249.001000	93.96547427
1251.001000	-14.00398712
1253.001000	-0.93222343
1255.001000	-71.11062671
1257.001000	13.10562627
1259.001000	10.28057809
1261.001000	33.69276080
1263.001000	115.60371438
1265.001000	-49.98373274
1267.001000	24.31303702
1269.001000	76.21828081
1271.001000	45.75303313
1273.001000	-53.17853998
1275.001000	-30.55883835
1277.001000	-22.83792718
1279.001000	9.81150450
1281.001000	-41.09877779
1283.001000	108.35358961
1285.001000	-94.35623532
1287.001000	-46.32467078
1289.001000	41.93897134
1291.001000	67.49017150
1293.001000	-66.73095999
1295.001000	15.22776092
1297.001000	44.56432760
1299.001000	10.15879150
1301.001000	-57.94614501
1303.001000	13.76820419
1305.001000	-107.60170364
1307.001000	-62.29975583
1309.001000	30.49091082
1311.001000	-8.89305163
1313.001000	52.76825018
1315.001000	103.77259680
1317.001000	-0.55819118
1319.001000	90.16322991
1321.001000	-45.16789834
1323.001000	-65.94971387
1325.001000	88.59406218
1327.001000	48.57594986
1329.001000	34.32180785
1331.001000	-34.54605755
1333.001000	27.13163181
1335.001000	15.42639963
1337.001000	-86.74789179
1339.001000	-88.18460210
1341.001000	35.04386144
1343.001000	62.06664593
1345.001000	95.33507072
1347.001000	50.42040984
1349.001000	-68.46809091
1351.001000	-68.85544132
1353.001000	-70.05772636
1355.001000	16.21561613
1357.001000	73.52365089
1359.001000	-9.63554546
1361.001000	-10.00140326
1363.001000	-3.17326344
1365.001000	-9.62684788
1367.001000	-75.58223946
1369.001000	33.14487880
1371.001000	129.28883542
1373.001000	0.54788622
1375.001000	119.73750645
1377.001000	-60.00634647
1379.001000	-37.46481432
1381.001000	10.12956560
1383.001000	25.89750076
1385.001000	7.12207302
1387.001000	20.44083303
1389.001000	-67.93263441
1391.001000	-112.00706773
1393.001000	-158.96253348
1395.001000	-10.17825254
1397.001000	99.47551680
1399.001000	1.71090936
1401.001000	20.52303084
1403.001000	7.26999662
1405.001000	6.45250423
1407.001000	16.16262434
1409.001000	-78.04611380
1411.001000	-33.46998734
1413.001000	-50.86007438
1415.001000	69.99458759
1417.001000	-20.15180312
1419.001000	131.02338645
1421.001000	1.86278336
1423.001000	35.42168829
1425.001000	-59.53386079
1427.001000	135.30049619
1429.001000	50.64705350
1431.001000	104.29430393
1433.001000	27.20187928
1435.001000	-21.24790158
1437.001000	-46.93895383
1439.001000	8.94205595
1441.001000	-90.55526794
1443.001000	58.44459914
1445.001000	37.94414841
1447.001000	51.29710455
1449.001000	-25.51595338
1451.001000	-0.36668781
1453.001000	36.78960523
1455.001000	39.62094463
1457.001000	83.45917244
1459.001000	97.46302099
1461.001000	56.92869656
1463.001000	-10.63731023
1465.001000	-99.46868161
1467.001000	26.14829066
1469.001000	14.10342725
1471.001000	43.31988114
1473.001000	94.96331360
1475.001000	86.87936612
1477.001000	38.74800937
1479.001000	40.23673734
1481.001000	37.64708087
1483.001000	95.75155639
1485.001000	-52.60086684
1487.001000	52.21446322
1489.001000	117.53340575
1491.001000	-57.51345219
1493.001000	11.06351628
1495.001000	11.60207496
1497.001000	1.06021784
1499.001000	33.65976275
1501.001000	-37.94403915
1503.001000	-30.85782088
1505.001000	-30.06597870
1507.001000	66.89651331
1509.001000	12.66837815
1511.001000	40.93452612
1513.001000	-30.30668577
1515.001000	-91.38187090
1517.001000	-70.05582580
1519.001000	-7.37063571
1521.001000	4.75342131
1523.001000	-17.47432652
1525.001000	19.22228233
1527.001000	1.06379800
1529.001000	6.65350899
1531.001000	-71.39894379
1533.001000	68.72555468
1535.001000	63.29699750
1537.001000	-7.84353465
1539.001000	-22.74451486
1541.001000	-96.44561811
1543.001000	-48.52111221
1545.001000	140.46512619
1547.001000	78.72387930
1549.001000	0.98113530
1551.001000	-17.08021547
1553.001000	-17.50744670
1555.001000	20.57537862
1557.001000	-12.54012368
1559.001000	-45.48594505
1561.001000	-23.65188122
1563.001000	45.50186992
1565.001000	32.22834152
1567.001000	36.67254516
1569.001000	-46.65831371
1571.001000	-46.38761237
1573.001000	-101.26447492
1575.001000	79.03750380
1577.001000	-20.27737343
1579.001000	99.52016970
1581.001000	32.70706950
1583.001000	-55.46267043
1585.001000	58.71344869
1587.001000	-7.93253708
1589.001000	-3.33537720
1591.001000	-52.16474457
1593.001000	46.52292835
1595.001000	-45.18396739
1597.001000	6.11524972
1599.001000	-46.91804175
1601.001000	7.57904101
1603.001000	29.63204498
1605.001000	7.75039977
1607.001000	-9.30072426
1609.001000	-21.78237232
1611.001000	-51.98938653
1613.001000	-35.93070221
1615.001000	68.44682403
1617.001000	-154.04283052
1619.001000	-20.01728504
1621.001000	63.15896327
1623.001000	-56.33188832
1625.001000	46.23309048
1627.001000	-5.46856710
1629.001000	-33.22416411
1631.001000	-35.71712170
1633.001000	-8.06853308
1635.001000	11.17394138
1637.001000	74.08894498
1639.001000	1.27068628
1641.001000	-24.70051016
1643.001000	-83.65562624
1645.001000	-102.54293587
1647.001000	29.56601318
1649.001000	54.85290272
1651.001000	-5.15952286
1653.001000	100.41375811
1655.001000	113.17055436
1657.001000	8.69009715
1659.001000	69.86182835
1661.001000	-119.69821741
1663.001000	-143.27267241
1665.001000	-49.80905426
1667.001000	48.61036380
1669.001000	18.85261100
1671.001000	124.36153719
1673.001000	108.11785107
1675.001000	-4.63765589
1677.001000	-19.91837014
1679.001000	-68.57680965
1681.001000	-58.14016385
1683.001000	27.27076833
1685.001000	-12.26748302
1687.001000	95.31730400
1689.001000	34.70187007
1691.001000	23.71042158
1693.001000	63.24430562
1695.001000	88.63165689
1697.001000	-5.92825168
1699.001000	-25.01559032
1701.001000	62.47414930
1703.001000	79.48634423
1705.001000	13.79794751
1707.001000	-10.41812731
1709.001000	3.64074857
1711.001000	-27.72596715
1713.001000	-59.18637383
1715.001000	90.54141463
1717.001000	69.55142848
1719.001000	-141.54194299
1721.001000	-18.59515578
1723.001000	-0.12317392
1725.001000	16.75757653
1727.001000	55.67710512
1729.001000	-20.78233996
1731.001000	-22.48178165
1733.001000	8.13406417
1735.001000	68.74140322
1737.001000	35.11001857
1739.001000	1.41090912
1741.001000	-11.14586461
1743.001000	7.28331798
1745.001000	20.95726452
1747.001000	85.04158914
1749.001000	45.21871290
1751.001000	25.66221869
1753.001000	44.05581460
1755.001000	-18.63092596
1757.001000	-97.28182609
1759.001000	31.42990987
1761.001000	30.25353299
1763.001000	10.36055709
1765.001000	15.85343873
1767.001000	-85.44536111
1769.001000	110.78150056
1771.001000	-32.61463162
1773.001000	-17.55926639
1775.001000	47.00811916
1777.001000	8.52266639
1779.001000	39.58058222
1781.001000	-21.01793532
1783.001000	3.76140897
1785.001000	-47.22734115
1787.001000	91.77035876
1789.001000	124.01169006
1791.001000	110.99642541
1793.001000	-113.68613755
1795.001000	5.54028695
1797.001000	-52.10594508
1799.001000	26.07840628
1801.001000	-45.47237630
1803.001000	-26.09351359
1805.001000	-67.43352257
1807.001000	71.23119927
1809.001000	-48.76607918
1811.001000	36.30551552
1813.001000	51.68856564
1815.001000	103.99959334
1817.001000	-7.70547138
1819.001000	148.49284284
1821.001000	-76.91064367
1823.001000	-23.28225035
1825.001000	3.56391398
1827.001000	10.12201623
1829.001000	15.24130155
1831.001000	81.62160260
1833.001000	-50.70504915
1835.001000	69.85895967
1837.001000	111.55691369
1839.001000	3.21749789
1841.001000	20.90244746
1843.001000	-23.97840130
1845.001000	8.46196694
1847.001000	21.19931525
1849.001000	72.92943736
1850.001000	4.66991431
1851.001000	16.47865328
1852.001000	-9.17544347
1853.001000	-53.20039330
1854.001000	-9.50449406
1855.001000	2.72767186
1856.001000	-94.09786624
1857.001000	104.15187033
1858.001000	118.61337570
1859.001000	25.64001573
1860.001000	8.10493196
1861.001000	60.82123433
1862.001000	83.83819875
1863.001000	-7.81805924
1864.001000	-58.95647335
1865.001000	43.67439307
1866.001000	-15.20921035
1867.001000	-89.44559760
1868.001000	-26.65684463
1869.001000	-65.41975412
1870.001000	-48.43186161
1871.001000	22.30940421
1872.001000	-17.86527206
1873.001000	10.56037966
1874.001000	-43.13699634
1875.001000	-50.25368090
1876.001000	39.34867243
1877.001000	20.38809241
1878.001000	-93.56466801
1879.001000	-16.05822141
1880.001000	2.88702977
1881.001000	-40.89036261
1882.001000	125.21390321
1883.001000	30.88752293
1884.001000	63.89397102
1885.001000	-35.33478513
1886.001000	-48.92614358
1887.001000	12.05284269
1888.001000	65.28161942
1889.001000	-11.88329403
1890.001000	94.94109799
1891.001000	-10.58776269
1892.001000	-3.02680417
1893.001000	65.82984521
1894.001000	27.55088421
1895.001000	-31.28164511
1896.001000	-108.09736503
1897.001000	-56.53942210
1898.001000	-39.20760283
1899.001000	-106.40749215
1900.001000	33.35608852
1901.001000	99.89968601
1902.001000	167.43823078
1903.001000	-0.77402367
1904.001000	-59.40949556
1905.001000	-4.98407508
1906.001000	-9.31393844
1907.001000	39.58363398
1908.001000	-70.51804552
1909.001000	-45.84044039
1910.001000	-6.66153318
1911.001000	34.34225421
1912.001000	-49.63765588
1913.001000	65.40407877
1914.001000	-4.17092058
1915.001000	-4.21260895
1916.001000	-65.69619960
1917.001000	-7.53629205
1918.001000	-0.95521960
1919.001000	45.56257212
1920.001000	102.22225039
1921.001000	-76.55885152
1922.001000	102.36094392
1923.001000	107.74836086
1924.001000	13.80973513
1925.001000	-21.81110291
1926.001000	35.87884749
1927.001000	-63.11708100
1928.001000	118.10297625
1929.001000	10.13328951
1930.001000	126.81138823
1931.001000	6.44686540
1932.001000	-87.54924891
1933.001000	77.01279362
1934.001000	-42.38092438
1935.001000	-10.17607591
1936.001000	21.63353712
1937.001000	33.76436701
1938.001000	-34.41419512
1939.001000	13.12992894
1940.001000	-3.91810016
1941.001000	-16.93971206
1942.001000	-45.78731650
1943.001000	4.37077583
1944.001000	26.94704285
1945.001000	-61.28845670
1946.001000	-83.51035987
1947.001000	-102.95814571
1948.001000	-33.70663320
1949.001000	35.05250776
1950.001000	124.61713175
1951.001000	149.98220188
1952.001000	-49.66323809
1953.001000	-47.26904128
1954.001000	-12.00240227
1955.001000	6.82754318
1956.001000	5.47218795
1957.001000	-42.17068387
1958.001000	-115.06619494
1959.001000	-13.20428779
1960.001000	-77.09504493
1961.001000	27.01757310
1962.001000	-35.48643565
1963.001000	-12.80689919
1964.001000	49.57400038
1965.001000	58.20619261
1966.001000	-60.20846040
1967.001000	15.78581591
1968.001000	-20.83620078
1969.001000	61.32356125
1970.001000	39.21835424
1971.001000	-121.03444588
1972.001000	48.73799761
1973.001000	46.07015533
1974.001000	6.85561664
1975.001000	-32.33504141
1976.001000	-23.56824808
1977.001000	-7.59698900
1978.001000	-18.86676499
1979.001000	-76.62077168
1980.001000	-32.65333529
1981.001000	0.10707007
1982.001000	59.31586990
1983.001000	-33.98861860
1984.001000	-43.68671168
1985.001000	6.20568004
1986.001000	31.51865303
1987.001000	-6.39663989
1988.001000	22.49931907
1989.001000	-20.96705254
1990.001000	10.28309835
1991.001000	37.77977665
1992.001000	-110.80680336
1993.001000	73.96566430
1994.001000	50.70235306
1995.001000	-141.75501682
1996.001000	-23.46181442
1997.001000	-9.27978935
1998.001000	0.78459330
1999.001000	-17.99045410
2000.001000	128.96909854
2001.001000	53.33458377
2002.001000	-11.92306929
2003.001000	15.97962808
2004.001000	94.23191742
2005.001000	-73.94385350
2006.001000	73.33936852
2007.001000	33.51425286
2008.001000	-35.31029732
2009.001000	105.80138095
2010.001000	-19.50942838
2011.001000	-42.38612474
2012.001000	-1.48623200
2013.001000	43.92506947
2014.001000	-8.71704567
2015.001000	45.86922733
2016.001000	-52.68796344
2017.001000	18.76700209
2018.001000	19.95586825
2019.001000	42.60061239
2020.001000	-62.55681582
2021.001000	71.53402746
2022.001000	51.55178357
2023.001000	-119.39289407
2024.001000	50.90777102
2025.001000	117.21046037
2026.001000	-89.61889246
2027.001000	72.49882469
2028.001000	-55.11825607
2029.001000	-25.94397214
2030.001000	-18.90391745
2031.001000	37.88665142
2032.001000	-7.32732138
2033.001000	40.09738372
2034.001000	-20.87440483
2035.001000	-11.45067732
2036.001000	-114.38302631
2037.001000	-18.20947385
2038.001000	-46.43199094
2039.001000	-1.70824580
2040.001000	-21.51885784
2041.001000	-110.59180266
2042.001000	-14.70281901
2043.001000	-84.54337434
2044.001000	-8.37113310
2045.001000	-34.24424939
2046.001000	-61.89176511
2048.000000	35.39397760
2049.000000	-21.78006092
2050.000000	60.51256726
2051.000000	18.91285903
2052.000000	57.76687645
2053.000000	39.03230314
2054.000000	0.22359813
2055.000000	-68.36040007
2056.000000	46.73455644
2057.000000	3.76115142
2058.000000	23.82898604
2059.000000	-7.15520160
2060.000000	-96.53130199
2061.000000	82.24538164
2062.000000	199.21523788
2063.000000	-40.27848075
2064.000000	-27.76327530
2065.000000	-86.67884145
2066.000000	-52.98984469
2067.000000	1.76351570
2068.000000	47.73087572
2069.000000	28.43377037
2070.000000	32.62467682
2071.000000	43.32082336
2072.000000	21.50974616
2073.000000	-58.33990768
2074.000000	67.14930872
2075.000000	51.98567226
2076.000000	-44.09497202
2077.000000	-105.25835377
2078.000000	-12.98529690
2079.000000	-23.77772200
2080.000000	69.94729570
2081.000000	32.44687373
2082.000000	31.75125089
2083.000000	51.74012925
2084.000000	45.58967837
2085.000000	57.63515596
2086.000000	1.85314599
2087.000000	-16.91490265
2088.000000	4.87424205
2089.000000	-16.79889269
2090.000000	-6.26936920
2091.000000	44.28518920
2092.000000	7.47090358
2093.000000	-65.79882579
2094.000000	-44.47650272
2095.000000	27.50849876
2096.000000	-28.09313901
2097.000000	-87.02610367
2098.000000	117.84680916
2099.000000	-59.81564918
2100.000000	82.82379690
2101.000000	76.06003060
2102.000000	-70.55359744
2103.000000	-16.90534184
2104.000000	-37.80621496
2105.000000	60.92385621
2106.000000	25.03652792
2107.000000	90.80163935
2108.000000	65.51200994
2109.000000	33.14382698
2110.000000	-36.81043603
2111.000000	32.91376718
2112.000000	-33.19493995
2113.000000	36.08620239
2114.000000	72.28992929
2115.000000	-97.99153027
2116.000000	-31.60719125
2117.000000	-8.19957286
2118.000000	33.23276539
2119.000000	39.82307604
2120.000000	-73.83042067
2121.000000	-2.39966629
2122.000000	-3.83993771
2123.000000	57.99650957
2124.000000	29.68513162
2125.000000	-44.55054141
2126.000000	-28.71775019
2127.000000	-41.91160623
2128.000000	-1.96501988
2129.000000	-3.99773015
2130.000000	-23.61099623
2131.000000	-24.18895261
2132.000000	1.94429172
2133.000000	-67.15713096
2134.000000	13.78922708
2135.000000	-11.73091914
2136.000000	10.23270028
2137.000000	31.93542774
2138.000000	-94.86631622
2139.000000	-7.34176392
2140.000000	-87.19176679
2141.000000	-14.68265746
2142.000000	29.86093650
2143.000000	-25.49663280
2144.000000	3.59509807
2145.000000	53.34468839
2146.000000	30.34523848
2147.000000	-114.70310299
2148.000000	65.46492975
2149.000000	114.15269555
2150.000000	6.41072643
2151.000000	-27.17620843
2152.000000	-11.67912201
2153.000000	96.41431136
2154.000000	100.89642223
2155.000000	-2.99985993
2156.000000	-18.68767131
2157.000000	-19.20944967
2158.000000	13.80575125
2159.000000	0.74618612
2160.000000	-38.90174315
2161.000000	131.52459286
2162.000000	-5.79516283
2163.000000	-0.82681402
2164.000000	-24.49229598
2165.000000	-27.39337694
2166.000000	-54.31716584
2167.000000	90.46552630
2168.000000	22.37850330
2169.000000	13.54511889
2170.000000	-8.06100454
2171.000000	-88.92464060
2172.000000	18.51793923
2173.000000	37.62430417
2174.000000	89.09283138
2175.000000	-25.29728102
2176.000000	81.71614066
2177.000000	1.38802728
2178.000000	-183.80436401
2179.000000	8.61170213
2180.000000	-82.89223483
2181.000000	-72.90624736
2182.000000	-51.83132225
2183.000000	-40.03250460
2184.000000	8.74607792
2185.000000	16.60546803
2186.000000	-13.35986705
2187.000000	24.38709439
2188.000000	-97.75971181
2189.000000	-38.13414398
2190.000000	169.03232150
2191.000000	4.06012853
2192.000000	21.41725246
2193.000000	-7.08926082
2194.000000	73.73882936
2195.000000	18.99552364
2196.000000	-81.56389582
2197.000000	-15.63482944
2198.000000	-143.02910640
2199.000000	18.02199811
2200.000000	108.02593296
2201.000000	-108.23775400
2202.000000	-49.14358946
2203.000000	-4.25493896
2204.000000	-5.09178515
2205.000000	12.32849764
2206.000000	16.99018605
2207.000000	-50.03325681
2208.000000	-15.87959250
2209.000000	-114.53584420
2210.000000	-17.29773811
2211.000000	24.31284987
2212.000000	-7.23949377
2213.000000	-73.03117862
2214.000000	-42.56246450
2215.000000	23.00849177
2216.000000	-42.79627433
2217.000000	91.92218500
2218.000000	2.51712787
2219.000000	-84.21093374
2220.000000	49.32427627
2221.000000	-27.90152806
2222.000000	-80.94066539
2223.000000	76.71567137
2224.000000	-14.56856926
2225.000000	86.25391276
2226.000000	3.14211922
2227.000000	34.34477009
2228.000000	39.50565112
2229.000000	-36.85639801
2230.000000	-66.00659644
2231.000000	26.74824603
2232.000000	41.69065864
2233.000000	-38.80709129
2234.000000	15.34891647
2235.000000	-68.59350752
2236.000000	-94.59241269
2237.000000	-156.23306338
2238.000000	-39.21518688
2239.000000	-36.59673417
2240.000000	-3.84025234
2241.000000	-0.49915339
2242.000000	107.34812820
2243.000000	38.30912496
2244.000000	-12.40153586
2245.000000	-29.43991082
2246.000000	60.03415270
2247.000000	-36.61277384
2248.000000	-61.77620958
2249.000000	108.71526056
2250.000000	49.63839697
2251.000000	-59.38312777
2252.000000	33.87512323
2253.000000	-28.35689186
2254.000000	-76.01116390
2255.000000	47.93974854
2256.000000	77.90852557
2257.000000	58.28779063
2258.000000	-17.05103524
2259.000000	39.38935048
2260.000000	42.93802676
2261.000000	55.76778137
2262.000000	-18.72509895
2263.000000	-72.53196490
2264.000000	-6.16536546
2265.000000	-29.37876974
2266.000000	-48.66516428
2267.000000	86.82405633
2268.000000	3.33466865
2269.000000	-47.85194581
2270.000000	37.60393040
2271.000000	48.27988281
2272.000000	15.88465201
2273.000000	10.16404389
2274.000000	37.61246732
2275.000000	27.64472630
2276.000000	106.99946454
2277.000000	-81.42291841
2278.000000	-87.34565831
2279.000000	68.92193017
2280.000000	-59.35423221
2281.000000	30.48119724
2282.000000	-61.99676544
2283.000000	14.35623266
2284.000000	-3.19565360
2285.000000	78.75860826
2286.000000	-58.58481093
2287.000000	50.56609825
2288.000000	25.84798531
2289.000000	-15.29719686
2290.000000	-53.27173231
2291.000000	-41.74747551
2292.000000	48.20733641
2293.000000	-59.94828243
2294.000000	13.85862993
2295.000000	7.81802502
2296.000000	-6.88845372
2297.000000	17.73579357
2298.000000	-79.35922076
2299.000000	-173.94946523
2300.000000	21.59053235
