# F(k,t) correlation function
# Reference time: 2209.000 ps
# lag_time_ps	F(k,t)
0.000000	460.03043494
1.000000	62.56256441
2.000000	109.41929980
3.000000	48.80971193
4.000000	-14.20764426
5.000000	28.67895943
6.000000	-104.30166137
7.000000	-62.47339150
8.000000	51.06283578
9.000000	10.60819143
10.000000	-11.32638287
11.000000	-15.47365848
12.000000	-0.81340887
13.000000	-14.83239009
14.000000	-24.97378485
15.000000	-32.24462014
16.000000	24.50980103
17.000000	-30.05828498
18.000000	29.15753156
19.000000	-27.54560755
20.000000	-0.39849451
21.000000	68.76079507
22.000000	-10.26289252
23.000000	-75.89663330
24.000000	-37.40710829
25.000000	22.94390898
26.000000	-8.27394995
27.000000	37.59340503
28.000000	84.63412375
29.000000	-4.62210642
30.000000	34.54667582
31.000000	90.62071999
32.000000	-84.45153217
33.000000	61.66039945
34.000000	-121.18761544
35.000000	-27.11295220
36.000000	-40.93908302
37.000000	21.89682792
38.000000	-23.93131832
39.000000	-39.34090884
40.000000	-14.99452212
41.000000	-58.74777429
42.000000	17.24563916
43.000000	9.07537201
44.000000	-13.94734939
45.000000	16.57714541
46.000000	27.61757690
47.000000	-113.90863090
48.000000	89.85864967
49.000000	22.97772609
50.000000	39.41321446
51.000000	-43.63360816
52.000000	12.18671083
53.000000	24.54633856
54.000000	16.64811551
55.000000	10.10802977
56.000000	-54.76839526
57.000000	-0.70116667
58.000000	-107.33980571
59.000000	-32.54030568
60.000000	34.77009094
61.000000	-0.59251532
62.000000	49.93632514
63.000000	-7.72837786
64.000000	20.33918758
65.000000	-13.01766688
66.000000	-22.78631011
67.000000	68.47150527
68.000000	48.60025532
69.000000	-52.86472852
70.000000	94.94377944
71.000000	26.47659338
72.000000	-49.26953772
73.000000	29.87698172
74.000000	7.82902405
75.000000	-4.19668109
76.000000	-66.10155778
77.000000	-50.57575413
78.000000	-44.19841026
79.000000	-47.35160347
80.000000	-5.66174563
81.000000	-10.75659760
82.000000	43.31169390
83.000000	-9.09784426
84.000000	21.03263511
85.000000	48.99627953
86.000000	65.83706124
87.000000	-1.21806933
88.000000	-24.51738383
89.000000	13.68725851
90.000000	-1.81185651
91.000000	-3.39869928
