# F(k,t) correlation function
# Reference time: 2008.001 ps
# lag_time_ps	F(k,t)
0.000000	475.13867011
1.000000	53.21538628
2.000000	-3.08644199
3.000000	-23.03858781
4.000000	-14.19683522
5.000000	-6.08196241
6.000000	-1.71203892
7.000000	-9.30392421
8.000000	31.66507768
9.000000	-25.78189587
10.000000	124.40118777
11.000000	47.75471159
12.000000	-42.57922570
13.000000	-32.87908430
14.000000	93.00787546
15.000000	127.74409654
16.000000	12.29159115
17.000000	-127.48221250
18.000000	66.68341084
19.000000	40.75569938
20.000000	80.15059217
21.000000	-37.59886701
22.000000	81.00773713
23.000000	55.78669785
24.000000	-3.20933484
25.000000	37.44166560
26.000000	22.90903139
27.000000	28.26590671
28.000000	63.06909690
29.000000	11.56215614
30.000000	27.56024726
31.000000	35.67365479
32.000000	49.11646124
33.000000	30.65402327
34.000000	-10.44888641
35.000000	37.28902168
36.000000	-68.59687299
37.000000	14.44848088
38.000000	-61.63305832
39.999000	70.58292725
40.999000	-1.94227873
41.999000	-54.37105066
42.999000	11.47652834
43.999000	13.70226102
44.999000	-22.97745267
45.999000	13.19394545
46.999000	-15.59037194
47.999000	28.97720455
48.999000	1.16705224
49.999000	34.48163729
50.999000	33.13131116
51.999000	47.04229803
52.999000	-52.28238065
53.999000	43.35655877
54.999000	-27.16731148
55.999000	-31.43083193
56.999000	-49.15252855
57.999000	25.16683635
58.999000	27.05516867
59.999000	-58.73252063
60.999000	109.43091873
61.999000	-3.07251967
62.999000	-38.67006529
63.999000	35.58919544
64.999000	29.95526124
65.999000	-6.25666764
66.999000	-19.57841123
67.999000	-70.08894920
68.999000	-17.20649653
69.999000	-39.41872894
70.999000	-66.21877001
71.999000	-29.41866839
72.999000	33.35226874
73.999000	41.22130819
74.999000	31.34092200
75.999000	-26.88280634
76.999000	-19.51966276
77.999000	7.10414148
78.999000	-20.58243088
79.999000	47.32723518
80.999000	17.95309467
81.999000	-99.99259982
82.999000	44.89586632
83.999000	-17.52944351
84.999000	-51.71320180
85.999000	-11.57961247
86.999000	10.99688467
87.999000	-31.19191359
88.999000	19.20852229
89.999000	30.39780516
90.999000	-86.99174198
91.999000	-76.26402641
92.999000	90.83480325
93.999000	62.05932281
94.999000	6.42036499
95.999000	90.79544593
96.999000	17.30690230
97.999000	78.59019003
98.999000	30.51259269
99.999000	-4.69741697
100.999000	-23.45071804
101.999000	-5.11214632
102.999000	10.90941609
103.999000	-96.42353424
104.999000	-63.28458068
105.999000	-23.84288747
106.999000	79.39770380
107.999000	17.33844907
108.999000	1.32558719
109.999000	-74.46440605
110.999000	0.47903949
111.999000	-74.30824493
112.999000	21.74114725
113.999000	-14.03953456
114.999000	29.05337483
115.999000	85.86808448
116.999000	72.48850198
117.999000	-9.09656319
118.999000	-64.05769228
119.999000	-26.13988349
120.999000	62.56585103
121.999000	37.75883534
122.999000	24.09647239
123.999000	13.67578620
124.999000	71.17356878
125.999000	70.92873037
126.999000	-72.05878007
127.999000	-61.89755618
128.999000	-11.75753534
129.999000	-4.44262197
130.999000	49.84354444
131.999000	166.29056917
132.999000	-60.87300412
133.999000	-50.50946556
134.999000	-40.64653606
135.999000	-70.61229265
136.999000	-82.49038293
137.999000	-1.35697746
138.999000	39.86232443
139.999000	81.68128549
140.999000	-15.60311637
141.999000	-32.94551132
142.999000	63.89817629
143.999000	-65.56311000
144.999000	30.07574586
145.999000	67.83637612
146.999000	3.40430348
147.999000	-29.88325701
148.999000	112.15311392
149.999000	-41.34747424
150.999000	39.76547175
151.999000	31.34250408
152.999000	-4.35236157
153.999000	-103.27792100
154.999000	-40.23604235
155.999000	-19.12607261
156.999000	158.78526752
157.999000	74.21796625
158.999000	51.10216242
159.999000	55.73665369
160.999000	47.28757560
161.999000	60.89021944
162.999000	-96.24625062
163.999000	0.95046857
164.999000	-1.03829249
165.999000	-7.86027840
166.999000	-30.35572705
167.999000	56.40909715
168.999000	18.52221970
169.999000	-28.22190159
170.999000	-11.54022955
171.999000	48.80992036
172.999000	7.20164777
173.999000	-34.17850760
174.999000	50.79121776
175.999000	-34.41507165
176.999000	-20.22790759
177.999000	-25.91880134
178.999000	-2.97155046
179.999000	-16.69374441
180.999000	99.95996940
181.999000	-19.33684391
182.999000	-28.46446068
183.999000	-47.52133970
184.999000	-39.18554253
185.999000	47.87740974
186.999000	84.29050632
187.999000	46.25445098
188.999000	-40.18158279
189.999000	-22.04634398
190.999000	33.27698225
191.999000	33.90419896
192.999000	-77.31987693
193.999000	-96.14860516
194.999000	-79.17168836
195.999000	60.53371571
196.999000	-61.24300568
197.999000	17.61838791
198.999000	-8.46267102
199.999000	-30.34141521
200.999000	105.66721236
201.999000	-15.75576340
202.999000	60.35906228
203.999000	-92.71371772
204.999000	-0.22037038
205.999000	-53.20642623
206.999000	-116.20854960
207.999000	-47.74276094
208.999000	6.96988049
209.999000	-19.97024973
210.999000	66.03920982
211.999000	45.40580508
212.999000	43.17679401
213.999000	92.38224400
214.999000	18.62188488
215.999000	-4.21417664
216.999000	26.27970442
217.999000	16.37105454
218.999000	47.18286837
219.999000	10.33927815
220.999000	8.89774677
221.999000	-63.11077702
222.999000	-96.07235225
223.999000	69.83245549
224.999000	-49.21368979
225.999000	-89.59781644
226.999000	-8.40804342
227.999000	-95.45616323
228.999000	7.97214070
229.999000	-0.69528699
230.999000	-79.19790053
231.999000	-44.23880989
232.999000	35.26071603
233.999000	32.26078155
234.999000	-86.21421918
235.999000	-100.06735371
236.999000	122.28642410
237.999000	35.62855984
238.999000	-6.58180866
239.999000	-79.66550436
240.999000	-39.92034409
241.999000	-19.45155342
242.999000	34.48504655
243.999000	51.44419551
244.999000	-67.99421350
245.999000	-29.83292718
246.999000	-23.97113831
247.999000	3.82985352
248.999000	67.67578911
249.999000	23.91078432
250.999000	42.03818350
251.999000	2.83038989
252.999000	7.43101068
253.999000	-57.12635118
254.999000	81.43544758
255.999000	26.37152305
256.999000	50.34009938
257.999000	11.31395844
258.999000	-79.86761931
259.999000	-6.22171552
260.999000	-13.29250901
261.999000	31.28378842
262.999000	-22.24092185
263.999000	12.99143909
264.999000	-20.79934830
265.999000	61.89817845
266.999000	55.97971254
267.999000	-32.28231698
268.999000	75.14917905
269.999000	-15.41609515
270.999000	-95.10590573
271.999000	17.66587820
272.999000	33.85731259
273.999000	51.73849479
274.999000	12.67766985
275.999000	-40.47893782
276.999000	8.52139918
277.999000	55.39466893
278.999000	66.94037762
279.999000	-18.72496629
280.999000	28.99087624
281.999000	17.18406645
282.999000	-71.32241871
283.999000	-40.68077738
284.999000	69.81765694
285.999000	-12.39950807
286.999000	-18.28819894
287.999000	13.19041218
288.999000	-97.50432508
289.999000	84.09656203
290.999000	-45.26455873
291.999000	-61.37591220
