# F(k,t) correlation function
# Reference time: 2209.000 ps
# lag_time_ps	F(k,t)
0.000000	556.82051564
1.000000	-22.52926872
2.000000	45.89569950
3.000000	84.65388997
4.000000	7.07005319
5.000000	-130.39799998
6.000000	63.86739591
7.000000	-5.66582361
8.000000	26.62480588
9.000000	-15.93480906
10.000000	-27.86515012
11.000000	-41.07628437
12.000000	-9.84899172
13.000000	-32.67124142
14.000000	-5.80662044
15.000000	98.40146636
16.000000	78.92745375
17.000000	-9.55593858
18.000000	40.90120040
19.000000	-10.72466223
20.000000	-116.67355242
21.000000	-93.02907371
22.000000	71.81114016
23.000000	-2.60421323
24.000000	-38.23820663
25.000000	32.86925729
26.000000	14.81726129
27.000000	-10.06586756
28.000000	-80.96017892
29.000000	17.97367761
30.000000	-33.28608184
31.000000	-55.40323317
32.000000	4.20490677
33.000000	-53.14060926
34.000000	7.42230837
35.000000	15.30638275
36.000000	81.75422380
37.000000	-58.16636731
38.000000	62.38325226
39.000000	12.19415722
40.000000	11.85792226
41.000000	-44.53616986
42.000000	10.28373921
43.000000	-12.94948394
44.000000	-24.64920021
45.000000	-103.74856181
46.000000	-59.52734200
47.000000	79.28528206
48.000000	21.89638969
49.000000	5.20931973
50.000000	26.83888686
51.000000	111.74105245
52.000000	-9.35592488
53.000000	17.29011020
54.000000	99.36015431
55.000000	-122.43574891
56.000000	-12.62763292
57.000000	14.64352917
58.000000	75.75020737
59.000000	-65.91169759
60.000000	13.49403070
61.000000	12.85411339
62.000000	-65.55599192
63.000000	-13.94704021
64.000000	-62.07995851
65.000000	19.61990648
66.000000	16.93158681
67.000000	0.26638529
68.000000	37.66066219
69.000000	-36.18044252
70.000000	27.91200472
71.000000	-3.01043701
72.000000	-23.79411822
73.000000	-23.73435552
74.000000	42.35586673
75.000000	40.42509031
76.000000	3.73528923
77.000000	78.56333805
78.000000	-24.05720151
79.000000	-85.88006384
80.000000	20.02065981
81.000000	27.58235476
82.000000	-23.86622178
83.000000	-8.18639040
84.000000	-62.06516565
85.000000	158.15246645
86.000000	-82.60493818
87.000000	29.28894071
88.000000	-54.20444153
89.000000	-34.47753152
90.000000	78.96846489
91.000000	72.05211864
