# F(k,t) correlation function
# Reference time: 1808.001 ps
# lag_time_ps	F(k,t)
0.000000	569.97094499
1.000000	87.56932187
3.000000	-14.22126228
5.000000	1.28956801
7.000000	66.42756891
9.000000	-55.84112667
11.000000	42.15839332
13.000000	-17.08189795
15.000000	-93.42714562
17.000000	35.32242681
19.000000	-86.73479129
21.000000	-8.20729780
23.000000	14.57405680
25.000000	-150.72560498
27.000000	-17.40153826
29.000000	14.41934948
31.000000	-87.52538653
33.000000	-105.36187928
35.000000	19.18851057
37.000000	-54.68397565
39.000000	27.06285992
41.000000	-111.66442180
42.000000	8.94761332
43.000000	23.57310247
44.000000	-30.24357615
45.000000	-4.23660398
46.000000	-97.90041300
47.000000	55.38864912
48.000000	-65.35128201
49.000000	42.41267385
50.000000	-7.88581170
51.000000	-71.79540315
52.000000	-130.19684810
53.000000	131.17462409
54.000000	32.73841195
55.000000	58.45464966
56.000000	-0.57784736
57.000000	-6.35066726
58.000000	-139.16016550
59.000000	-24.89607615
60.000000	-13.15768681
61.000000	-56.25539643
62.000000	27.67526522
63.000000	31.65346128
64.000000	-6.20313200
65.000000	-35.76661246
66.000000	22.15118076
67.000000	107.48742012
68.000000	-59.91730130
69.000000	-13.32250378
70.000000	142.16819098
71.000000	-41.79819229
72.000000	-80.57802145
73.000000	-58.40422528
74.000000	-0.09461076
75.000000	-4.89188337
76.000000	123.31735328
77.000000	36.83802786
78.000000	19.14622092
79.000000	-42.19587325
80.000000	73.73206793
81.000000	-90.07180903
82.000000	-74.06063767
83.000000	14.69265736
84.000000	19.48334802
85.000000	57.79832781
86.000000	52.37074462
87.000000	30.38039791
88.000000	-1.57488179
89.000000	-111.32061257
90.000000	-5.54953842
91.000000	-130.96344801
92.000000	-7.20271265
93.000000	94.84950689
94.000000	13.15110359
95.000000	-33.54197035
96.000000	67.88608563
97.000000	25.52570556
98.000000	32.43275906
99.000000	50.60492131
100.000000	-50.58124980
101.000000	-32.69970728
102.000000	-19.66520646
103.000000	-37.18682823
104.000000	4.57297512
105.000000	-114.16046377
106.000000	3.02678244
107.000000	-72.43798859
108.000000	-74.40925096
109.000000	-37.13722632
110.000000	24.33334862
111.000000	-19.60226720
112.000000	39.39390221
113.000000	73.61358148
114.000000	65.53928276
115.000000	4.29843046
116.000000	14.03531082
117.000000	59.56314016
118.000000	-12.28243986
119.000000	-36.14586105
120.000000	32.57453505
121.000000	-2.08420055
122.000000	-46.39514426
123.000000	-34.28892862
124.000000	-14.52570366
125.000000	-71.42762890
126.000000	19.34870086
127.000000	-123.94173085
128.000000	-52.30957257
129.000000	69.22962097
130.000000	-72.33478165
131.000000	23.44897958
132.000000	-47.47082543
133.000000	20.81816916
134.000000	-19.69712010
135.000000	-42.71937875
136.000000	-82.63759618
137.000000	-19.62705986
138.000000	22.03115639
139.000000	112.91561611
140.000000	10.15692892
141.000000	-8.34573120
142.000000	-7.54605816
143.000000	-57.18724361
144.000000	-112.68715049
145.000000	76.63936093
146.000000	-48.43057969
147.000000	-37.33687789
148.000000	-31.19273123
149.000000	29.10438787
150.000000	-69.27703831
151.000000	-14.75373550
152.000000	7.47225520
153.000000	17.86929487
154.000000	-26.13704591
155.000000	58.99073040
156.000000	-9.04326440
157.000000	10.91542497
158.000000	-2.85823754
159.000000	2.21548988
160.000000	-74.51723897
161.000000	126.47979967
162.000000	40.62780854
163.000000	-39.24523875
164.000000	35.73069520
165.000000	12.63937886
166.000000	46.23510757
167.000000	63.91105103
168.000000	-74.33659591
169.000000	40.45617992
170.000000	7.14947425
171.000000	61.60459408
172.000000	55.84597837
173.000000	5.46897875
174.000000	-51.17183273
175.000000	-41.83270630
176.000000	9.08835594
177.000000	-28.69593620
178.000000	-22.76159455
179.000000	-20.37300240
180.000000	-36.38037201
181.000000	-20.97103391
182.000000	22.43292922
183.000000	-52.04709963
184.000000	-0.12925594
185.000000	-16.12968622
186.000000	28.63342745
187.000000	89.44073935
188.000000	17.86707985
189.000000	38.78861180
190.000000	-80.27516769
191.000000	7.67893282
192.000000	5.17030018
193.000000	11.19616739
194.000000	1.46819032
195.000000	-83.04429349
196.000000	32.02766386
197.000000	-16.86046189
198.000000	4.39905999
199.000000	47.66503760
200.000000	-47.18341257
201.000000	27.55892136
202.000000	-41.08616024
203.000000	52.51790294
204.000000	13.18070647
205.000000	-52.27348151
206.000000	11.68723290
207.000000	-33.30563973
208.000000	-37.54557014
209.000000	23.48896117
210.000000	-84.86877729
211.000000	50.02848385
212.000000	32.49014838
213.000000	57.05016531
214.000000	148.75017292
215.000000	-27.76279921
216.000000	18.98423944
217.000000	54.81534183
218.000000	-93.28683843
219.000000	-59.42944943
220.000000	56.87098708
221.000000	41.57171474
222.000000	72.78042411
223.000000	4.13081659
224.000000	11.66923187
225.000000	-17.91462487
226.000000	2.81594995
227.000000	-9.53159746
228.000000	78.85253661
229.000000	-54.50913095
230.000000	-4.77335207
231.000000	17.56121101
232.000000	32.38756087
233.000000	33.33056374
234.000000	9.20466231
235.000000	69.03847221
236.000000	-80.04526092
237.000000	-26.48891510
238.000000	88.82663442
239.999000	-56.34829401
240.999000	-33.35175762
241.999000	-3.36745338
242.999000	-17.94586127
243.999000	104.02672241
244.999000	138.73798150
245.999000	14.80238914
246.999000	-41.35929567
247.999000	63.60024283
248.999000	-26.71168426
249.999000	-45.73912764
250.999000	21.72916100
251.999000	-70.34541516
252.999000	54.73789101
253.999000	32.93844339
254.999000	19.80132944
255.999000	28.80622882
256.999000	-16.42819181
257.999000	-33.55524746
258.999000	-47.91764172
259.999000	17.33967241
260.999000	85.63273381
261.999000	70.89091782
262.999000	-50.82529420
263.999000	17.81379052
264.999000	17.06619073
265.999000	-74.37131502
266.999000	5.59071889
267.999000	-65.82612060
268.999000	-75.16026182
269.999000	-26.31935960
270.999000	19.76713157
271.999000	35.42077545
272.999000	-31.45482940
273.999000	73.09373817
274.999000	-14.54895415
275.999000	-27.85475996
276.999000	-167.75309593
277.999000	-47.65909980
278.999000	31.56394649
279.999000	-57.74413827
280.999000	41.94485959
281.999000	-4.88313810
282.999000	36.02304542
283.999000	-31.17251060
284.999000	-29.84861025
285.999000	31.87133417
286.999000	-3.36362269
287.999000	14.47528176
288.999000	-1.86314007
289.999000	18.91299021
290.999000	68.53695096
291.999000	0.65236183
292.999000	-10.03684347
293.999000	-7.50197283
294.999000	-52.01631553
295.999000	60.47903099
296.999000	-28.96710301
297.999000	5.08283166
298.999000	-44.93590961
299.999000	46.55838830
300.999000	51.72986770
301.999000	79.23307233
302.999000	-22.19386857
303.999000	14.22420936
304.999000	-118.66453461
305.999000	-42.90456309
306.999000	-18.13058693
307.999000	-84.63153384
308.999000	81.54073645
309.999000	-13.76551041
310.999000	-85.65712979
311.999000	13.73484592
312.999000	-10.85737990
313.999000	-36.54320292
314.999000	-56.03831480
315.999000	-35.09115605
316.999000	25.38661013
317.999000	18.22025962
318.999000	-2.27403532
319.999000	-37.26327549
320.999000	26.76593026
321.999000	27.66043101
322.999000	-15.14470180
323.999000	128.32200696
324.999000	10.08605074
325.999000	42.65444246
326.999000	-102.32857050
327.999000	10.39976404
328.999000	0.26617607
329.999000	-29.52692849
330.999000	-39.37614721
331.999000	-56.18807456
332.999000	-80.89324682
333.999000	-72.68961491
334.999000	-17.86097209
335.999000	38.81303828
336.999000	-31.69729944
337.999000	53.29480983
338.999000	40.29268684
339.999000	-21.67436588
340.999000	59.79867602
341.999000	-80.91860614
342.999000	-71.98604659
343.999000	-31.58911894
344.999000	-76.41152432
345.999000	18.32628636
346.999000	59.55605816
347.999000	81.38903608
348.999000	30.09950224
349.999000	-59.83233562
350.999000	-24.21092440
351.999000	19.75820063
352.999000	-14.62574622
353.999000	4.53090298
354.999000	27.70098590
355.999000	-33.60015470
356.999000	29.55139779
357.999000	21.16357359
358.999000	54.86303337
359.999000	-47.84711083
360.999000	53.52449637
361.999000	9.87601817
362.999000	130.10123165
363.999000	-14.84520182
364.999000	-8.66222070
365.999000	-6.66488092
366.999000	17.48817995
367.999000	-37.96099374
368.999000	-18.54770717
369.999000	41.92339815
370.999000	94.69143723
371.999000	-10.51134341
372.999000	-16.19330176
373.999000	13.84532780
374.999000	127.49926164
375.999000	43.01478113
376.999000	58.49453095
377.999000	-92.75845045
378.999000	-108.29730004
379.999000	-15.95983685
380.999000	31.63443047
381.999000	17.86546131
382.999000	15.78781611
383.999000	-49.06231549
384.999000	59.71473917
385.999000	-48.13728776
386.999000	105.03809404
387.999000	0.18231781
388.999000	105.91487238
389.999000	-38.39409783
390.999000	-23.94616736
391.999000	-23.96710155
392.999000	22.08199929
393.999000	119.66751848
394.999000	-61.83402904
395.999000	-38.88193651
396.999000	30.40901462
397.999000	-8.65812260
398.999000	-9.01073696
399.999000	6.13157822
400.999000	41.99632057
401.999000	13.98579219
402.999000	9.90459467
403.999000	14.93295451
404.999000	-36.28447829
405.999000	84.74375604
406.999000	-33.52115428
407.999000	17.51748087
408.999000	25.26029788
409.999000	6.57298848
410.999000	-118.48819530
411.999000	-15.42976217
412.999000	-47.80071754
413.999000	74.41710473
414.999000	-21.80225690
415.999000	36.44648552
416.999000	-37.56050030
417.999000	66.13130304
418.999000	-30.23856222
419.999000	6.01835190
420.999000	42.29088286
421.999000	29.04260819
422.999000	12.56383359
423.999000	-64.51257203
424.999000	13.58949218
425.999000	-42.37447994
426.999000	21.41451541
427.999000	-19.81834789
428.999000	-135.07651712
429.999000	-29.99122957
430.999000	78.71406807
431.999000	31.24669933
432.999000	28.39399202
433.999000	-25.91691639
434.999000	-80.71030121
435.999000	59.74649068
436.999000	-101.25264340
437.999000	-62.41156933
438.999000	71.60255489
439.999000	-87.95173391
440.999000	-52.78961258
441.999000	7.51483884
442.999000	-57.46129345
443.999000	54.02101748
444.999000	53.47526225
445.999000	-80.01512153
446.999000	8.88225664
447.999000	33.25840659
448.999000	23.21200230
449.999000	33.06002963
450.999000	-65.59121243
451.999000	-27.01227362
452.999000	-28.93180107
453.999000	-134.67839832
454.999000	63.26604863
455.999000	-46.08283209
456.999000	-49.72065786
457.999000	35.00203745
458.999000	-59.40871017
459.999000	70.95753401
460.999000	-40.21172848
461.999000	19.39633648
462.999000	-61.09290878
463.999000	27.78444966
464.999000	-5.90934738
465.999000	-38.50887402
466.999000	-32.54116548
467.999000	6.60545938
468.999000	100.13038621
469.999000	-0.95543755
470.999000	-58.45922943
471.999000	78.26921294
472.999000	-61.26025237
473.999000	63.08152162
474.999000	-40.54264523
475.999000	-80.22310714
476.999000	-15.40205712
477.999000	-60.69479608
478.999000	9.80456708
479.999000	-30.94889380
480.999000	61.11012724
481.999000	-40.18827763
482.999000	-2.97662914
483.999000	-28.12311863
484.999000	-15.49145323
485.999000	29.08985453
486.999000	40.03585350
487.999000	41.69718618
488.999000	27.01820614
489.999000	-15.51953350
490.999000	75.96157267
491.999000	96.01676127
