# F(k,t) correlation function
# Reference time: 0.000 ps
# lag_time_ps	F(k,t)
0.000000	630.82194352
1.000000	-32.59108331
2.000000	-31.24214032
3.000000	23.25778124
4.000000	-30.06895815
5.000000	139.80767480
6.000000	-50.04224064
7.000000	46.81281660
8.000000	86.97846128
9.000000	-13.52548063
10.000000	-70.51038386
11.000000	-5.80458905
12.000000	54.54205562
13.000000	10.47590368
14.000000	-98.88335425
15.000000	58.13510875
16.000000	69.15241902
17.000000	-29.75996561
18.000000	59.84849586
19.000000	65.48893963
20.000000	109.62468488
21.000000	87.67190987
22.000000	-25.24726552
23.000000	-57.00090037
24.000000	40.27019920
25.000000	-85.30148535
26.000000	-45.54889877
27.000000	82.11258054
28.000000	-26.05764360
29.000000	-7.04982152
30.000000	-37.72346355
31.000000	9.31246775
32.000000	33.82986928
33.000000	45.24054187
34.000000	-29.26502994
35.000000	-13.53526601
36.000000	72.95228889
37.000000	-6.74181150
38.000000	58.21452100
39.000000	62.51753329
40.000000	-10.94096374
41.000000	25.11357905
42.000000	62.91938976
43.000000	-1.31720492
44.000000	-88.99709145
45.000000	85.84808360
46.000000	-145.83554316
47.000000	-30.93099653
48.000000	61.66466920
49.000000	-25.68657833
50.000000	54.03733659
51.000000	56.68004794
52.000000	88.06043413
53.000000	51.43224306
54.000000	-16.88026859
55.000000	-56.97301072
56.000000	-29.83380021
58.000000	64.54118232
60.000000	62.17672278
62.000000	-53.58073822
64.000000	23.82718659
66.000000	-9.97919395
68.000000	109.75968296
70.000000	-73.51481379
72.000000	-35.00435388
74.000000	-89.75819750
76.000000	-20.77945129
78.000000	8.73308336
80.000000	68.93792502
82.000000	-53.66132497
84.000000	48.01784868
86.000000	-36.50193658
88.000000	-34.79968987
90.000000	-44.23297374
92.000000	-22.51358027
94.000000	21.66291452
96.000000	-38.92779587
98.000000	-19.38203323
100.000000	48.16496847
102.000000	-44.13692754
104.000000	-19.94989678
106.000000	25.19649499
108.000000	-60.33271060
110.000000	-6.98514574
112.000000	70.99211007
114.000000	25.24213763
116.000000	54.20269250
118.000000	-80.21890548
120.000000	40.59039187
122.000000	10.94015304
124.000000	20.44399010
126.000000	8.05260551
128.000000	121.08248344
130.000000	126.91450537
132.000000	20.23849734
134.000000	10.91123300
135.001000	-63.27857629
137.001000	-44.66307064
139.001000	30.65386906
141.001000	-6.14679497
143.001000	-17.69528875
145.001000	-7.64246566
147.001000	31.55399623
149.001000	-26.04231336
151.001000	10.59440731
153.001000	-7.52713263
155.001000	-68.95624879
157.001000	22.52218632
159.001000	62.61551002
161.001000	-31.19279826
163.001000	-20.07629644
165.001000	0.14874095
167.001000	14.50315229
169.001000	22.85123183
171.001000	3.55635153
173.001000	-1.32996855
175.001000	-6.16525160
177.001000	44.00568576
179.001000	-115.25454692
181.001000	9.91117749
183.001000	-39.89396884
185.001000	-13.36302977
187.001000	-43.84607284
189.001000	-83.76405613
191.001000	22.65358692
193.001000	1.91528643
195.001000	-133.01784102
197.001000	-122.66545635
199.001000	0.79809988
201.001000	-1.93880910
203.001000	6.46373520
205.001000	-50.81574902
207.001000	-26.94657921
209.001000	-55.14665988
211.001000	-121.06620728
213.001000	5.35265974
215.001000	144.59569334
217.001000	-6.39414391
219.001000	-62.02083062
221.001000	-30.41985579
223.001000	87.41141161
225.001000	-31.90630571
227.001000	83.30090638
229.001000	101.62916589
231.001000	-54.63825704
233.001000	-46.22618979
235.001000	14.33640563
237.001000	-35.99140797
239.001000	-5.30540448
241.001000	39.26800311
243.001000	16.28225602
245.001000	-15.47874185
247.001000	5.26331763
249.001000	26.89854415
251.001000	1.05108173
253.001000	1.49969084
255.001000	16.43966766
257.001000	-88.70550882
259.001000	-10.04615081
261.001000	55.86948693
263.001000	29.72334536
265.001000	36.21894372
267.001000	-43.35350183
269.001000	8.82839782
271.001000	-96.15264622
273.001000	-63.97986233
275.001000	-43.51968396
277.001000	9.97285071
279.001000	108.57646195
281.001000	-121.52517521
283.001000	66.20576520
285.001000	-53.86636310
287.001000	28.49955980
289.001000	108.21401202
291.001000	-101.49739591
293.001000	68.30982640
295.001000	-42.95170627
297.001000	-64.91633193
299.001000	9.87424925
301.001000	-17.82311965
303.001000	16.94019270
305.001000	7.67739006
307.001000	11.26610305
309.001000	0.58810262
311.001000	-59.20068852
313.001000	38.70775659
315.001000	-40.41266701
317.001000	-0.83193349
319.001000	16.26169935
321.001000	7.36503779
323.001000	14.94999740
325.001000	77.90758125
327.001000	23.88910993
329.001000	-59.48392995
331.001000	-7.23323104
333.001000	-98.65687523
335.001000	14.75099575
337.001000	-21.54677388
339.001000	-37.51667116
341.001000	-9.23603307
343.001000	41.85804289
345.001000	10.98750226
347.001000	1.77719510
349.001000	14.90735010
351.001000	-140.44457426
353.001000	21.85381366
355.001000	-16.45110901
357.001000	14.11648453
359.001000	-86.96560036
361.001000	68.22670317
363.001000	122.70011619
365.001000	-13.19707977
367.001000	92.26560253
369.001000	-0.96081667
371.001000	-86.46936929
373.001000	-44.58291818
375.001000	18.57834161
377.001000	-11.73449690
379.001000	-5.49652095
381.001000	-9.03152969
383.001000	38.67913094
385.001000	-3.90620288
387.001000	-9.55290189
389.001000	61.58642371
391.001000	23.69972260
393.001000	-23.51944144
395.001000	2.93886866
397.001000	72.77285013
399.001000	-39.94236932
401.001000	-37.04054230
403.001000	-78.85617205
405.001000	44.97380142
407.001000	7.68420795
409.001000	-17.45492474
411.001000	-4.83241975
413.001000	-14.22573882
415.001000	-21.85842062
417.001000	85.08299168
419.001000	-56.26267706
421.001000	24.16697887
423.001000	-23.30328469
425.001000	-69.96051716
427.001000	24.34320658
429.001000	126.35508458
431.001000	-30.74440076
433.001000	29.73370030
435.001000	54.68984316
437.001000	7.80864190
439.001000	25.48391997
441.001000	98.83696211
443.001000	17.16054731
445.001000	26.78996131
447.001000	41.17715059
449.001000	69.27699463
451.001000	50.42567313
453.001000	-20.25342851
455.001000	-27.24932838
457.001000	36.70810398
459.001000	40.14003551
461.001000	14.19502133
463.001000	-88.06568690
465.001000	-4.55414390
467.001000	3.06153444
469.001000	-35.70375306
471.001000	-35.73218389
473.001000	-18.39046708
475.001000	-11.48951729
477.001000	22.14808383
479.001000	2.23478543
481.001000	-21.35992685
483.001000	-29.00837452
485.001000	28.80779805
487.001000	-38.67871114
489.001000	-78.13441267
491.001000	-7.34764835
493.001000	-49.67800664
495.001000	33.22020724
497.001000	69.79373951
499.001000	-48.78191887
501.001000	-131.43244172
503.001000	120.47370418
505.001000	23.38608732
507.001000	38.16435284
509.001000	-3.10303742
511.001000	-37.61130437
513.001000	-55.58548532
515.001000	39.38611957
517.001000	-53.82819780
519.001000	19.54559993
521.001000	-71.16411781
523.001000	-21.57870286
525.001000	-36.15282461
527.001000	-10.84375179
529.001000	-126.71503846
531.001000	-42.78380270
533.001000	-73.89206892
535.001000	67.11879871
537.001000	34.24393876
539.001000	66.25262903
541.001000	-12.91563063
543.001000	-39.83728903
545.001000	14.62875834
547.001000	-30.40509218
549.001000	-95.03875192
551.001000	-37.36728402
553.001000	-5.46291687
555.001000	-19.95790752
557.001000	-49.40677400
559.001000	-100.20816534
561.001000	-0.54450062
563.001000	20.46796990
565.001000	147.32855435
567.001000	54.43066891
569.001000	-19.81365283
571.001000	38.86403997
573.001000	34.73572477
575.001000	45.35116552
577.001000	-65.11406633
579.001000	-28.22553426
581.001000	-27.51828761
583.001000	-4.61538775
585.001000	8.46751957
587.001000	-58.46063747
589.001000	-57.08141247
591.001000	85.22858379
593.001000	18.14217312
595.001000	10.41981557
597.001000	-21.08250982
599.001000	52.75711536
601.001000	-65.56674135
603.001000	63.56386195
605.001000	-4.42959473
607.001000	-63.00871459
609.001000	80.79515099
611.001000	-25.20400723
613.001000	-90.68664429
615.001000	-74.00160932
617.001000	14.99366896
619.001000	-60.55922449
621.001000	-23.17709030
623.001000	50.66507085
625.001000	208.90225811
627.001000	-35.36566820
629.001000	22.33348756
631.001000	-40.29817628
633.001000	-13.45666836
635.001000	15.43910057
637.001000	-44.98907241
639.001000	7.33481239
641.001000	-15.13596615
643.001000	63.31808843
645.001000	113.94664663
647.001000	47.11326603
649.001000	43.07287875
651.001000	7.34075120
653.001000	-6.63300361
655.001000	13.76227839
657.001000	-20.22306365
659.001000	-123.81944769
661.001000	-73.41441360
663.001000	-18.61137511
665.001000	23.04835204
667.001000	83.66103328
669.001000	-6.69111260
671.001000	92.41001889
673.001000	-25.78421077
675.001000	7.42344696
677.001000	-55.13274936
679.001000	-19.29747730
681.001000	-11.83032563
683.001000	-21.78931867
685.001000	-67.53482649
687.001000	24.81064236
689.001000	14.06159295
691.001000	-43.86784196
693.001000	-28.82409575
695.001000	127.54462017
697.001000	-74.72663236
699.001000	-8.26795223
701.001000	131.17976072
703.001000	-114.76026542
705.001000	85.08951106
707.001000	58.13812241
709.001000	96.11265569
711.001000	-73.01165861
713.001000	47.44751127
715.001000	20.38942629
717.001000	-40.62367004
719.001000	-20.19476261
721.001000	-10.71223531
723.001000	48.37430766
725.001000	2.52305749
727.001000	70.59893912
729.001000	-0.22784856
731.001000	63.87941740
733.001000	-39.37544827
735.001000	52.11181806
737.001000	20.88370826
739.001000	-90.53391974
741.001000	32.57283141
743.001000	-6.28427754
745.001000	-52.39493226
747.001000	22.30836800
749.001000	17.24879451
751.001000	-34.39936618
753.001000	30.17559116
755.001000	65.33940984
757.001000	-14.98774452
759.001000	-15.84529848
761.001000	7.34065480
763.001000	67.35881406
765.001000	-41.35230683
767.001000	-31.51422884
769.001000	0.51470934
771.001000	26.17250068
773.001000	15.01307508
775.001000	-87.28241340
777.001000	49.05734507
779.001000	-58.83284365
781.001000	144.93357501
783.001000	50.42427957
785.001000	10.77338131
787.001000	-108.84273700
789.001000	-2.54018718
791.001000	0.04116639
793.001000	51.60479649
795.001000	-46.90950421
797.001000	1.28812018
799.001000	-19.27977546
801.001000	27.99033168
803.001000	23.33106168
805.001000	45.42582784
807.001000	-6.65406816
809.001000	-22.98944363
811.001000	61.65418706
813.001000	-111.19165236
815.001000	121.44297819
817.001000	81.90776811
819.001000	-43.87645441
821.001000	37.87025598
823.001000	-37.86535431
825.001000	81.01989314
827.001000	22.98315588
829.001000	-9.70303047
831.001000	12.98073946
833.001000	29.80239220
835.001000	37.68207780
837.001000	-92.97259798
839.001000	-27.41239184
841.001000	-20.33750360
843.001000	2.88453619
845.001000	41.65884499
847.001000	-59.27565241
849.001000	29.62908910
851.001000	51.18636269
853.001000	-30.79503250
855.001000	103.09878370
857.001000	-109.65978905
859.001000	6.53197377
861.001000	-19.13098396
863.001000	6.59760957
865.001000	93.56316373
867.001000	-77.17233158
869.001000	35.25626920
871.001000	-34.45412041
873.001000	5.95892990
875.001000	-38.56474525
877.001000	-87.75910928
879.001000	-97.53469066
881.001000	-65.76662862
883.001000	53.91468559
885.001000	17.84607869
887.001000	-106.73076173
889.001000	-111.41032051
891.001000	25.11872368
893.001000	55.94687234
895.001000	-8.35867845
897.001000	-87.90651052
899.001000	80.78594773
901.001000	-75.44598562
903.001000	-65.52127198
905.001000	-97.03703651
907.001000	70.75220822
909.001000	66.62810302
911.001000	49.87170075
913.001000	70.92332435
915.001000	-64.74471622
917.001000	-64.79474039
919.001000	-39.99657445
921.001000	81.53927590
923.001000	-6.17921318
925.001000	35.10561574
927.001000	4.87431224
929.001000	-20.93660751
931.001000	21.37709775
933.001000	-26.54645947
935.001000	-53.43803999
937.001000	32.83043826
939.001000	-86.05058732
941.001000	24.90458946
943.001000	-25.77107470
945.001000	8.22113599
947.001000	-34.26902848
949.001000	-20.58780216
951.001000	76.94105810
953.001000	23.91876214
955.001000	-54.85516608
957.001000	-97.32439938
959.001000	5.29422499
961.001000	-41.22264561
963.001000	-92.61460875
965.001000	-26.18205869
967.001000	-44.97828504
969.001000	16.57392685
971.001000	-38.35504833
973.001000	62.23134913
975.001000	48.77649596
977.001000	45.96198920
979.001000	18.66410688
981.001000	10.82789143
983.001000	66.75849028
985.001000	-106.66611227
987.001000	21.91903670
989.001000	1.42931991
991.001000	-39.58773220
993.001000	-9.68459903
995.001000	55.85758861
997.001000	51.27065149
999.001000	-22.28257560
1001.001000	-147.94402687
1003.001000	-8.99656646
1005.001000	74.22119125
1007.001000	76.86438986
1009.001000	-5.10977189
1011.001000	57.31765218
1013.001000	-73.04221171
1015.001000	3.77085503
1017.001000	150.49975973
1019.001000	125.86265625
1021.001000	26.68692151
1023.001000	1.99904835
1025.001000	25.24563336
1027.001000	-63.27751898
1029.001000	43.20927083
1031.001000	-12.36911800
1033.001000	-4.74443213
1035.001000	-10.75933578
1037.001000	3.97819681
1039.001000	-14.79746126
1041.001000	-56.19127807
1043.001000	19.27392611
1045.001000	9.04082758
1047.001000	5.05683012
1049.001000	-8.11191986
1051.001000	-49.91319726
1053.001000	-56.94499216
1055.001000	-7.62767169
1057.001000	-74.52408093
1059.001000	24.35286336
1061.001000	-86.71657593
1063.001000	-64.34970447
1065.001000	32.52282295
1067.001000	-7.18387856
1069.001000	42.97509490
1071.001000	41.69931991
1073.001000	145.77507917
1075.001000	106.41919399
1077.001000	65.69808679
1079.001000	-101.45167669
1081.001000	-27.95676406
1083.001000	6.99064452
1085.001000	-57.71144852
1087.001000	-55.79893689
1089.001000	129.02501271
1091.001000	99.83139090
1093.001000	-70.28614386
1095.001000	6.67201524
1097.001000	38.00370328
1099.001000	-49.94086849
1101.001000	3.03104463
1103.001000	-72.05468732
1105.001000	-5.49916088
1107.001000	-25.44098744
1109.001000	94.90363945
1111.001000	-103.57073691
1113.001000	-11.78096084
1115.001000	-50.54018475
1117.001000	24.16623367
1119.001000	-75.17185506
1121.001000	49.98969112
1123.001000	79.69210989
1125.001000	-101.46010672
1127.001000	88.51098802
1129.001000	13.52626618
1131.001000	53.55950141
1133.001000	128.52476308
1135.001000	-57.15947897
1137.001000	-89.90733673
1139.001000	9.87201660
1141.001000	-83.96606903
1143.001000	-47.46286033
1145.001000	67.19028933
1147.001000	-39.34341892
1149.001000	24.99113619
1151.001000	-7.35678532
1153.001000	-17.21242775
1155.001000	36.79049415
1157.001000	-45.13036135
1159.001000	-56.21123037
1161.001000	20.04634762
1163.001000	46.02016486
1165.001000	-16.27891618
1167.001000	24.77383245
1169.001000	-7.86586019
1171.001000	-50.31087320
1173.001000	-73.80680281
1175.001000	13.37938018
1177.001000	75.71614082
1179.001000	-107.74999008
1181.001000	-12.14143096
1183.001000	117.99267754
1185.001000	-67.13968917
1187.001000	86.82547160
1189.001000	-70.34513131
1191.001000	-44.08763248
1193.001000	2.16590555
1195.001000	-67.72501284
1197.001000	30.02513191
1199.001000	-15.99145961
1201.001000	7.44731536
1203.001000	-36.74879432
1205.001000	-30.93665439
1207.001000	18.89201608
1209.001000	-51.09548384
1211.001000	-67.58209015
1213.001000	56.10096270
1215.001000	51.29846145
1217.001000	-14.43718131
1219.001000	-0.81542873
1221.001000	53.62997763
1223.001000	8.30781026
1225.001000	109.58985108
1227.001000	-27.38127419
1229.001000	74.25011352
1231.001000	-45.63380456
1233.001000	42.05368459
1235.001000	8.52849354
1237.001000	-67.67683224
1239.001000	5.73766348
1241.001000	-69.30828023
1243.001000	102.84088585
1245.001000	53.62424537
1247.001000	-4.58808677
1249.001000	40.13624053
1251.001000	-73.63471174
1253.001000	156.43426213
1255.001000	105.36634187
1257.001000	52.60265268
1259.001000	95.34280347
1261.001000	61.69519121
1263.001000	-108.23112348
1265.001000	-64.93138832
1267.001000	-59.35465182
1269.001000	-32.37891345
1271.001000	-38.12761806
1273.001000	16.14785796
1275.001000	73.07939098
1277.001000	-47.88781252
1279.001000	53.62727842
1281.001000	-1.70692554
1283.001000	42.47769306
1285.001000	15.35583910
1287.001000	14.66089063
1289.001000	-67.16632240
1291.001000	-140.78859026
1293.001000	15.80264074
1295.001000	14.23075859
1297.001000	52.87428352
1299.001000	59.14617093
1301.001000	-15.26137557
1303.001000	-23.39011603
1305.001000	-45.88659884
1307.001000	-27.73697094
1309.001000	-44.75927905
1311.001000	18.37372953
1313.001000	85.66744369
1315.001000	-1.28494288
1317.001000	-46.97061989
1319.001000	26.98650791
1321.001000	38.39223793
1323.001000	-2.33613613
1325.001000	72.80083225
1327.001000	-56.24741836
1329.001000	127.62877667
1331.001000	51.04675610
1333.001000	-35.65507312
1335.001000	-54.41215129
1337.001000	-93.79805751
1339.001000	17.07092786
1341.001000	26.16844993
1343.001000	19.46012902
1345.001000	-55.13729223
1347.001000	-10.57308230
1349.001000	155.02841251
1351.001000	68.90585957
1353.001000	22.24069347
1355.001000	-23.04777517
1357.001000	-106.23739682
1359.001000	26.46038795
1361.001000	40.15073314
1363.001000	92.78143687
1365.001000	68.85193833
1367.001000	18.09203634
1369.001000	113.35311059
1371.001000	53.18501828
1373.001000	-84.65668417
1375.001000	-47.45842735
1377.001000	15.78279516
1379.001000	-114.01106197
1381.001000	1.29416780
1383.001000	41.15728208
1385.001000	77.52817187
1387.001000	-35.58243639
1389.001000	-45.52517052
1391.001000	47.91340987
1393.001000	10.46401883
1395.001000	-86.50608609
1397.001000	-36.22157240
1399.001000	-22.03308669
1401.001000	9.66794256
1403.001000	-63.10794784
1405.001000	-49.12441789
1407.001000	-31.77671856
1409.001000	-6.79433541
1411.001000	-38.22978820
1413.001000	24.66566510
1415.001000	-60.03502295
1417.001000	93.42587288
1419.001000	-2.30508965
1421.001000	5.07217723
1423.001000	62.14760427
1425.001000	-22.10728069
1427.001000	-4.96383710
1429.001000	38.71976942
1431.001000	114.49281951
1433.001000	-76.79141487
1435.001000	96.39923761
1437.001000	57.57888750
1439.001000	47.68264337
1441.001000	70.99752305
1443.001000	79.65433934
1445.001000	-15.67722204
1447.001000	-17.55317763
1449.001000	-26.67279595
1451.001000	11.81688960
1453.001000	-75.55689270
1455.001000	59.96959998
1457.001000	69.44303480
1459.001000	39.00109608
1461.001000	-109.75842387
1463.001000	62.22236065
1465.001000	82.22057267
1467.001000	29.59262948
1469.001000	53.27642325
1471.001000	66.68431001
1473.001000	38.86010910
1475.001000	-116.36096310
1477.001000	65.70698594
1479.001000	41.18559322
1481.001000	88.84665363
1483.001000	64.93562857
1485.001000	49.48304674
1487.001000	-69.77828939
1489.001000	-75.11740384
1491.001000	80.37204744
1493.001000	25.61987572
1495.001000	14.53746151
1497.001000	50.50929982
1499.001000	28.75808127
1501.001000	-39.67735616
1503.001000	-6.11021776
1505.001000	-26.81861662
1507.001000	-87.00344470
1509.001000	-94.72618797
1511.001000	36.76112171
1513.001000	-67.20335594
1515.001000	65.71992005
1517.001000	-20.98538221
1519.001000	22.49472499
1521.001000	3.48450241
1523.001000	65.49063462
1525.001000	-15.31714955
1527.001000	31.18851816
1529.001000	57.74974672
1531.001000	36.58290682
1533.001000	5.42332202
1535.001000	56.04044743
1537.001000	37.61311291
1539.001000	-70.90115140
1541.001000	-43.38020341
1543.001000	64.28587318
1545.001000	-14.01196207
1547.001000	45.54907632
1549.001000	-40.03570659
1551.001000	0.06753288
1553.001000	-34.54443808
1555.001000	-13.85480210
1557.001000	33.23246881
1559.001000	74.53854848
1561.001000	25.99965648
1563.001000	-23.26396464
1565.001000	-72.18131484
1567.001000	21.18846648
1569.001000	43.51583348
1571.001000	-13.12958591
1573.001000	31.91634534
1575.001000	17.68054044
1577.001000	67.80904859
1579.001000	24.07569845
1581.001000	15.11494784
1583.001000	-42.43247871
1585.001000	65.74486854
1587.001000	0.65322035
1589.001000	21.46703816
1591.001000	-133.02875026
1593.001000	71.50511471
1595.001000	48.17468232
1597.001000	-7.34510133
1599.001000	27.37817996
1601.001000	-31.99259476
1603.001000	-57.66805940
1605.001000	33.70088553
1607.001000	23.63191143
1609.001000	-3.78850745
1611.001000	-10.67703747
1613.001000	-0.94893208
1615.001000	-9.74159477
1617.001000	9.51179990
1619.001000	-21.47644110
1621.001000	-8.90596162
1623.001000	52.91236347
1625.001000	16.81977060
1627.001000	-101.81020177
1629.001000	-28.20007796
1631.001000	-52.61367589
1633.001000	-65.01612393
1635.001000	5.00465878
1637.001000	-43.59107180
1639.001000	34.36181479
1641.001000	-22.06459904
1643.001000	28.74043224
1645.001000	45.91025408
1647.001000	1.39552079
1649.001000	-170.36158882
1651.001000	-9.25917382
1653.001000	20.09576632
1655.001000	-1.74037571
1657.001000	82.00459694
1659.001000	102.98410441
1661.001000	-90.56368789
1663.001000	-67.53811104
1665.001000	-13.32429393
1667.001000	-59.29027351
1669.001000	-15.31972303
1671.001000	-33.16419245
1673.001000	48.66396694
1675.001000	1.56721197
1677.001000	-85.10585836
1679.001000	132.66265160
1681.001000	-53.20991190
1683.001000	19.01520211
1685.001000	40.06927637
1687.001000	-38.93082995
1689.001000	-42.09990428
1691.001000	-33.43234297
1693.001000	-100.97375671
1695.001000	-123.43854686
1697.001000	-7.47116431
1699.001000	-12.74918935
1701.001000	-86.32975614
1703.001000	-27.79873752
1705.001000	-46.89407008
1707.001000	-8.77823580
1709.001000	28.19772949
1711.001000	-7.15327279
1713.001000	28.38759496
1715.001000	-59.25913862
1717.001000	-3.22737846
1719.001000	-7.99851336
1721.001000	24.98293569
1723.001000	60.63285088
1725.001000	-33.62910637
1727.001000	-35.16417525
1729.001000	-27.75086352
1731.001000	-61.02267660
1733.001000	56.32265463
1735.001000	28.10317556
1737.001000	-19.49913719
1739.001000	108.68471608
1741.001000	-8.36145097
1743.001000	-16.23673756
1745.001000	16.21119830
1747.001000	74.73832176
1749.001000	-40.82063403
1751.001000	-89.99501414
1753.001000	43.25899675
1755.001000	56.59498843
1757.001000	69.77757392
1759.001000	5.42492866
1761.001000	-59.73005270
1763.001000	0.81459829
1765.001000	9.88925565
1767.001000	-7.80541059
1769.001000	-50.58648302
1771.001000	73.34168251
1773.001000	44.58667249
1775.001000	-51.27731591
1777.001000	-25.81596337
1779.001000	27.15173714
1781.001000	-22.87483803
1783.001000	136.25596558
1785.001000	-35.33163242
1787.001000	27.23510159
1789.001000	-17.31618643
1791.001000	-58.78951422
1793.001000	-60.52433013
1795.001000	104.27252518
1797.001000	-68.07239602
1799.001000	-35.79906968
1801.001000	102.85072538
1803.001000	32.67002880
1805.001000	50.71091102
1807.001000	-15.13933315
1809.001000	-116.89375929
1811.001000	62.85308809
1813.001000	9.99284682
1815.001000	23.25868103
1817.001000	89.36153339
1819.001000	-8.82452658
1821.001000	-55.40952349
1823.001000	35.44561232
1825.001000	-41.87083434
1827.001000	24.19593588
1829.001000	14.62972228
1831.001000	-67.07048897
1833.001000	-16.65684440
1835.001000	-10.92814501
1837.001000	-20.46536849
1839.001000	-9.62330557
1841.001000	-44.99926326
1843.001000	-98.28938021
1845.001000	8.39000846
1847.001000	74.78588537
1849.001000	-12.76498135
1850.001000	-47.76030548
1851.001000	45.55019292
1852.001000	-103.37891744
1853.001000	77.86734063
1854.001000	-64.82528774
1855.001000	-67.21106575
1856.001000	6.63009619
1857.001000	-31.39487570
1858.001000	-19.82851699
1859.001000	17.78592260
1860.001000	52.68889874
1861.001000	-1.07381276
1862.001000	30.51393258
1863.001000	76.96304084
1864.001000	-72.04854487
1865.001000	12.50457903
1866.001000	48.77133771
1867.001000	11.82350173
1868.001000	70.03787604
1869.001000	33.26930675
1870.001000	93.49962309
1871.001000	3.64739544
1872.001000	37.75022916
1873.001000	24.41765830
1874.001000	-88.03762023
1875.001000	-77.87570794
1876.001000	5.59603937
1877.001000	57.44201027
1878.001000	36.28138988
1879.001000	92.24177785
1880.001000	34.80801403
1881.001000	-6.98021622
1882.001000	86.95546443
1883.001000	33.54217162
1884.001000	-31.00302657
1885.001000	32.68792315
1886.001000	5.40734592
1887.001000	3.07846494
1888.001000	-27.43750308
1889.001000	-9.03111852
1890.001000	-26.80199491
1891.001000	-10.54504804
1892.001000	-9.73027436
1893.001000	87.70225618
1894.001000	33.31567883
1895.001000	170.13491606
1896.001000	70.38214842
1897.001000	51.87041539
1898.001000	20.57981992
1899.001000	-0.73852531
1900.001000	-141.39179399
1901.001000	22.69415095
1902.001000	167.63892534
1903.001000	34.73992160
1904.001000	13.71191466
1905.001000	11.78155348
1906.001000	-4.40507785
1907.001000	0.75040444
1908.001000	-11.73429817
1909.001000	82.27788968
1910.001000	68.71125779
1911.001000	-26.08006751
1912.001000	-24.19295597
1913.001000	31.39459253
1914.001000	9.38486995
1915.001000	24.77537193
1916.001000	-6.11670311
1917.001000	-39.59501744
1918.001000	-11.70281330
1919.001000	-30.56368143
1920.001000	-29.86480388
1921.001000	-32.39846023
1922.001000	-5.97720575
1923.001000	37.74367919
1924.001000	-73.71672068
1925.001000	19.54079868
1926.001000	-29.12426237
1927.001000	43.60422798
1928.001000	-1.03165684
1929.001000	64.78950982
1930.001000	-122.72197270
1931.001000	0.83886735
1932.001000	32.73650350
1933.001000	23.77718153
1934.001000	58.12061426
1935.001000	77.72378317
1936.001000	22.17019175
1937.001000	5.85441147
1938.001000	4.37638280
1939.001000	-44.66932753
1940.001000	-88.24689549
1941.001000	4.38986936
1942.001000	-19.82056818
1943.001000	118.26314341
1944.001000	-50.14034227
1945.001000	-116.05657309
1946.001000	-73.94248499
1947.001000	-35.57879917
1948.001000	164.03731112
1949.001000	-117.40480265
1950.001000	-50.21101436
1951.001000	7.43871749
1952.001000	-130.57579858
1953.001000	55.45529583
1954.001000	22.50353252
1955.001000	45.39770673
1956.001000	-106.27502630
1957.001000	-11.09488508
1958.001000	3.36847028
1959.001000	55.15624013
1960.001000	-99.56787028
1961.001000	19.55021579
1962.001000	75.62112961
1963.001000	-15.11700181
1964.001000	76.15759048
1965.001000	2.50808173
1966.001000	-33.80881829
1967.001000	93.38670758
1968.001000	-7.19479475
1969.001000	61.02825602
1970.001000	21.08558706
1971.001000	34.06241855
1972.001000	-78.41071755
1973.001000	-19.90238917
1974.001000	40.05179732
1975.001000	-8.28636347
1976.001000	2.44796619
1977.001000	25.27216776
1978.001000	-35.76706828
1979.001000	35.75759179
1980.001000	1.89845731
1981.001000	48.85351369
1982.001000	84.36343210
1983.001000	-132.04328593
1984.001000	-72.17674620
1985.001000	-28.20920532
1986.001000	-27.90898332
1987.001000	-12.71123507
1988.001000	48.63673454
1989.001000	-36.85543629
1990.001000	32.58879247
1991.001000	18.01500820
1992.001000	132.09071101
1993.001000	-78.61304896
1994.001000	23.65993839
1995.001000	-24.18555806
1996.001000	-38.55635142
1997.001000	-84.55796010
1998.001000	78.32680823
1999.001000	69.22785140
2000.001000	25.43086704
2001.001000	-111.57285735
2002.001000	-30.23673763
2003.001000	71.98514252
2004.001000	-122.27753423
2005.001000	-50.68862127
2006.001000	42.68585603
2007.001000	-73.98881420
2008.001000	-39.99730364
2009.001000	-110.75368641
2010.001000	-13.99169134
2011.001000	12.32355743
2012.001000	98.24351463
2013.001000	-19.86904251
2014.001000	29.23735071
2015.001000	30.04344154
2016.001000	14.27511318
2017.001000	58.86285792
2018.001000	-1.23162626
2019.001000	14.63356648
2020.001000	-23.37904152
2021.001000	-11.06290313
2022.001000	32.35842332
2023.001000	16.69604422
2024.001000	-13.54826194
2025.001000	3.79629129
2026.001000	-14.33582372
2027.001000	34.60044063
2028.001000	140.57497874
2029.001000	-5.38846720
2030.001000	82.60454109
2031.001000	-90.70225758
2032.001000	-85.08861397
2033.001000	77.07043744
2034.001000	16.61269258
2035.001000	103.87245448
2036.001000	-11.07063504
2037.001000	-7.27692658
2038.001000	-157.01935848
2039.001000	56.59134516
2040.001000	85.28909633
2041.001000	58.37274990
2042.001000	-53.69408195
2043.001000	-22.16350837
2044.001000	-43.53306339
2045.001000	143.03189896
2046.001000	62.67896125
2048.000000	82.49947955
2049.000000	9.26873389
2050.000000	-13.57421412
2051.000000	-90.86528012
2052.000000	-1.48466061
2053.000000	-2.69716906
2054.000000	33.83483390
2055.000000	-4.53801853
2056.000000	-29.99630034
2057.000000	-10.84757064
2058.000000	-22.09534601
2059.000000	-70.14023017
2060.000000	-16.08525139
2061.000000	-83.79375862
2062.000000	33.16365600
2063.000000	-1.88650288
2064.000000	-9.64307684
2065.000000	1.02691832
2066.000000	94.68262197
2067.000000	42.78984484
2068.000000	-13.15409780
2069.000000	-12.06536476
2070.000000	71.59111784
2071.000000	51.60101487
2072.000000	-20.26521315
2073.000000	-37.61320961
2074.000000	-3.56952303
2075.000000	-60.45676773
2076.000000	68.84072012
2077.000000	-44.64642228
2078.000000	13.82138803
2079.000000	47.30159739
2080.000000	76.55428010
2081.000000	-33.20493685
2082.000000	16.38668041
2083.000000	-38.41013290
2084.000000	89.90800818
2085.000000	54.64654756
2086.000000	49.49781801
2087.000000	-0.26268284
2088.000000	-57.11796196
2089.000000	-80.57013958
2090.000000	-7.69257159
2091.000000	50.04304776
2092.000000	89.95906855
2093.000000	5.28778117
2094.000000	-32.88961559
2095.000000	42.10468055
2096.000000	-56.82512493
2097.000000	34.54053542
2098.000000	-17.50832235
2099.000000	79.62216438
2100.000000	-15.45468613
2101.000000	-113.33558301
2102.000000	-33.17980207
2103.000000	-2.14289075
2104.000000	99.60457788
2105.000000	-55.43648848
2106.000000	-0.03184255
2107.000000	71.64347478
2108.000000	18.06796475
2109.000000	12.95453950
2110.000000	-46.62048954
2111.000000	-22.22643121
2112.000000	30.29752239
2113.000000	25.58433225
2114.000000	-85.18127451
2115.000000	-71.11985862
2116.000000	91.52032269
2117.000000	-15.05884240
2118.000000	90.77077890
2119.000000	2.17606430
2120.000000	36.73962788
2121.000000	-22.83901415
2122.000000	-68.59878640
2123.000000	-72.58414597
2124.000000	30.79143718
2125.000000	48.77257993
2126.000000	-58.59303574
2127.000000	49.02117551
2128.000000	60.01889283
2129.000000	25.90449665
2130.000000	-2.48927272
2131.000000	-80.56509483
2132.000000	115.52842634
2133.000000	45.59923836
2134.000000	45.24574282
2135.000000	21.78840578
2136.000000	-136.99237070
2137.000000	-50.59031180
2138.000000	0.17965877
2139.000000	8.77851703
2140.000000	95.10325830
2141.000000	3.66647766
2142.000000	40.76135485
2143.000000	-22.30463062
2144.000000	-40.67147983
2145.000000	-76.58814810
2146.000000	-40.22813796
2147.000000	72.84791727
2148.000000	-37.98667751
2149.000000	26.21533321
2150.000000	-41.64880683
2151.000000	54.57952953
2152.000000	44.79123689
2153.000000	-8.09723764
2154.000000	10.14536067
2155.000000	21.38000710
2156.000000	56.00572159
2157.000000	-40.92581573
2158.000000	-21.97381932
2159.000000	-50.16610289
2160.000000	42.24201863
2161.000000	1.32178202
2162.000000	-40.14706401
2163.000000	-126.71500471
2164.000000	-23.38274637
2165.000000	-50.33601151
2166.000000	-24.01736410
2167.000000	-106.78172605
2168.000000	-106.23993405
2169.000000	85.72155282
2170.000000	-97.98049283
2171.000000	53.99396441
2172.000000	-56.38933030
2173.000000	54.58553712
2174.000000	-77.81974956
2175.000000	122.61536180
2176.000000	-26.10967605
2177.000000	-25.50444719
2178.000000	68.17788566
2179.000000	-129.31977061
2180.000000	23.12267847
2181.000000	27.24648701
2182.000000	-61.44992799
2183.000000	53.00188057
2184.000000	-27.74877178
2185.000000	0.27913037
2186.000000	48.96388199
2187.000000	-13.26970471
2188.000000	4.49349210
2189.000000	-37.43239474
2190.000000	0.54785008
2191.000000	44.25815396
2192.000000	111.49240328
2193.000000	-17.86719281
2194.000000	64.47222694
2195.000000	-76.89547713
2196.000000	35.97074689
2197.000000	72.42111944
2198.000000	-106.28311659
2199.000000	113.33360266
2200.000000	21.03063260
2201.000000	-20.50008175
2202.000000	105.15786664
2203.000000	67.51247187
2204.000000	80.43755295
2205.000000	-76.01097719
2206.000000	86.95336554
2207.000000	87.78137306
2208.000000	102.57868171
2209.000000	42.24872518
2210.000000	80.98022725
2211.000000	104.03327608
2212.000000	-53.91016232
2213.000000	-32.40657271
2214.000000	74.06189563
2215.000000	65.87793999
2216.000000	23.48592459
2217.000000	36.13849417
2218.000000	-76.89956842
2219.000000	42.66229809
2220.000000	81.23555112
2221.000000	-44.01963578
2222.000000	0.97985483
2223.000000	4.54969340
2224.000000	-29.56951453
2225.000000	5.29212824
2226.000000	20.27815009
2227.000000	-39.96158313
2228.000000	-80.21527855
2229.000000	-95.88287581
2230.000000	2.32875285
2231.000000	-52.86065259
2232.000000	24.35337289
2233.000000	20.96989083
2234.000000	56.42981718
2235.000000	78.30958229
2236.000000	25.16794756
2237.000000	111.02798210
2238.000000	-42.39612929
2239.000000	-35.45352346
2240.000000	-55.24335733
2241.000000	45.57824953
2242.000000	78.14309990
2243.000000	-25.66263714
2244.000000	34.39383479
2245.000000	11.29519624
2246.000000	53.07792456
2247.000000	-16.63314668
2248.000000	4.44985862
2249.000000	-14.96217614
2250.000000	-12.02192273
2251.000000	46.94767994
2252.000000	-0.67807934
2253.000000	107.69917351
2254.000000	-8.50252079
2255.000000	-28.34618487
2256.000000	140.24921939
2257.000000	-29.47161630
2258.000000	-23.42879570
2259.000000	-61.04151349
2260.000000	-68.58766758
2261.000000	133.17223101
2262.000000	109.69625561
2263.000000	47.46806643
2264.000000	52.84249337
2265.000000	-91.78871984
2266.000000	30.22675364
2267.000000	86.63848437
2268.000000	24.83075828
2269.000000	87.39963588
2270.000000	9.15226567
2271.000000	6.28629492
2272.000000	2.32725246
2273.000000	9.88430487
2274.000000	-49.53776548
2275.000000	3.76526301
2276.000000	45.19653765
2277.000000	8.31148448
2278.000000	-62.97585647
2279.000000	-43.49821619
2280.000000	60.93797566
2281.000000	17.56732338
2282.000000	57.07188557
2283.000000	-12.15716518
2284.000000	-12.63709432
2285.000000	-5.73432717
2286.000000	87.53257125
2287.000000	-1.11883300
2288.000000	8.06971983
2289.000000	88.13308635
2290.000000	8.18785214
2291.000000	-22.62288837
2292.000000	-51.62436873
2293.000000	-50.79221928
2294.000000	41.91878769
2295.000000	80.97958775
2296.000000	116.80397117
2297.000000	26.43234997
2298.000000	19.36617160
2299.000000	39.43212936
2300.000000	87.82001270
