# F(k,t) correlation function
# Reference time: 200.001 ps
# lag_time_ps	F(k,t)
0.000000	376.15208465
1.000000	-33.30573366
3.000000	34.85541809
5.000000	0.68489902
7.000000	33.44463022
9.000000	21.59363603
11.000000	-62.95901437
13.000000	26.21293069
15.000000	-24.79761148
17.000000	-2.84764445
19.000000	19.30523895
21.000000	-57.30088941
23.000000	41.81852869
25.000000	74.96867544
27.000000	-27.87793236
29.000000	5.36121837
31.000000	-39.73729161
33.000000	10.39740889
35.000000	-43.59895253
37.000000	-44.31867798
39.000000	50.89011786
41.000000	8.56892939
43.000000	-0.39050578
45.000000	-71.38239482
47.000000	-2.74071244
49.000000	32.52589053
51.000000	-41.39423014
53.000000	49.81975729
55.000000	52.49068010
57.000000	-35.19161357
59.000000	65.64082045
61.000000	21.65420948
63.000000	-22.27797662
65.000000	24.06926933
67.000000	20.84809834
69.000000	-37.56269889
71.000000	24.79947622
73.000000	18.16357369
75.000000	19.03254801
77.000000	-16.44099085
79.000000	43.81714281
81.000000	-14.09764327
83.000000	-23.25171040
85.000000	-24.31428192
87.000000	-64.98403052
89.000000	-30.66708003
91.000000	37.30232839
93.000000	-22.25789025
95.000000	43.44611286
97.000000	-14.94272228
99.000000	-9.64549820
101.000000	-15.73320047
103.000000	-44.08216489
105.000000	-65.16702546
107.000000	-11.30202843
109.000000	62.17247010
111.000000	-24.42810680
113.000000	-10.64268623
115.000000	-32.08052552
117.000000	-47.99962395
119.000000	29.87867006
121.000000	21.06286049
123.000000	-14.22345250
125.000000	21.32116287
127.000000	58.94871327
129.000000	41.69689284
131.000000	-26.50843480
133.000000	-7.51848587
135.000000	-16.08193374
137.000000	-63.94127170
139.000000	52.33901377
141.000000	-21.19516488
143.000000	10.21831550
145.000000	7.04629828
147.000000	-28.13591487
149.000000	-40.08546912
151.000000	-72.95628838
153.000000	-19.47404409
155.000000	-2.84616149
157.000000	-6.36349899
159.000000	-28.60735495
161.000000	-32.60086208
163.000000	-88.57689626
165.000000	33.35184557
167.000000	19.21047539
169.000000	-52.99760726
171.000000	66.00553705
173.000000	29.02416261
175.000000	2.86846581
177.000000	-9.49591008
179.000000	1.17229263
181.000000	-14.55752087
183.000000	8.42173772
185.000000	-13.75671612
187.000000	-65.27613262
189.000000	-74.45434607
191.000000	-29.68022633
193.000000	-22.10681318
195.000000	20.23068639
197.000000	-11.47570740
199.000000	-27.64703273
201.000000	-30.36960928
203.000000	26.81126705
205.000000	25.57296887
207.000000	1.62630217
209.000000	32.19809380
211.000000	27.17460396
213.000000	0.17798923
215.000000	17.06360722
217.000000	45.29477426
219.000000	-18.98036820
221.000000	37.49902179
223.000000	90.84028449
225.000000	27.21108290
227.000000	-45.67007091
229.000000	4.40101918
231.000000	-95.29945696
233.000000	-26.37051916
235.000000	-13.93910089
237.000000	-68.11306624
239.000000	19.34126016
241.000000	48.55947624
243.000000	-47.29677064
245.000000	36.62358682
247.000000	84.83133313
249.000000	21.77360587
251.000000	12.60444205
253.000000	25.81757525
255.000000	33.81213882
257.000000	39.77237711
259.000000	-24.31063543
261.000000	-36.05171413
263.000000	6.25982282
265.000000	-9.06387834
267.000000	-20.07408225
269.000000	-7.08383897
271.000000	31.41127344
273.000000	73.18313854
275.000000	18.81769610
277.000000	-8.20533022
279.000000	37.35682174
281.000000	-8.88619311
283.000000	-68.36075730
285.000000	-13.86137737
287.000000	-41.52074755
289.000000	20.56520351
291.000000	-45.23811239
293.000000	-62.18029806
295.000000	-39.32047902
297.000000	3.04510438
299.000000	-22.48978231
301.000000	-16.19026663
303.000000	-10.65646706
305.000000	39.75656394
307.000000	4.40775488
309.000000	12.73800815
311.000000	52.68583195
313.000000	-85.56036277
315.000000	27.25483552
317.000000	-16.75027087
319.000000	6.21449078
321.000000	-46.23905667
323.000000	-51.17357373
325.000000	-19.97483542
327.000000	13.78490284
329.000000	46.85795631
331.000000	-26.72065552
333.000000	59.68268734
335.000000	-15.26648740
337.000000	-29.83954191
339.000000	-39.26085210
341.000000	100.50160285
343.000000	30.77108478
345.000000	37.30889354
347.000000	31.54444829
349.000000	32.31641606
351.000000	33.45506242
353.000000	28.75288533
355.000000	16.15646065
357.000000	11.33127649
359.000000	-44.54033807
361.000000	-32.37393174
363.000000	-37.89302307
365.000000	28.56919889
367.000000	23.84088090
369.000000	-40.24830121
371.000000	29.79516418
373.000000	9.81169447
375.000000	-69.85259172
377.000000	-6.44651723
379.000000	-60.54075011
381.000000	-23.61282436
383.000000	30.06851209
385.000000	-20.96223530
387.000000	-50.48411824
389.000000	-46.90304620
391.000000	-26.16766139
393.000000	-51.75422899
395.000000	29.79014600
397.000000	19.30451634
399.000000	150.95521919
401.000000	3.33168005
403.000000	-78.62198638
405.000000	79.89878762
407.000000	-19.59653802
409.000000	-58.55818308
411.000000	-16.52695863
413.000000	-10.44023306
415.000000	45.44102840
417.000000	0.81535310
419.000000	21.70758574
421.000000	-0.79571413
423.000000	43.17797299
425.000000	20.94285483
427.000000	30.75817698
429.000000	33.40432227
431.000000	75.72376984
433.000000	49.47029805
435.000000	-52.33004087
437.000000	23.13504880
439.000000	-23.44883684
441.000000	8.33565266
443.000000	-46.34564198
445.000000	21.16626200
447.000000	-60.30512610
449.000000	-14.41951802
451.000000	-53.34018320
453.000000	9.90229617
455.000000	61.44468567
457.000000	-37.11731330
459.000000	52.94806977
461.000000	-11.63542535
463.000000	-6.22093455
465.000000	3.33072346
467.000000	-14.20428494
469.000000	-19.92787230
471.000000	-26.94410498
473.000000	-24.97061458
475.000000	-89.41064968
477.000000	75.62181649
479.000000	29.58377011
481.000000	59.62278823
483.000000	29.52490767
485.000000	-68.46138681
487.000000	25.24061599
489.000000	21.43676031
491.000000	57.52469668
493.000000	-7.16398595
495.000000	5.63849267
497.000000	-15.03485615
499.000000	-35.47727368
501.000000	-95.47129351
503.000000	61.21482894
505.000000	-52.07771587
507.000000	-27.56800960
509.000000	-39.87332857
511.000000	-14.20717014
513.000000	7.85157814
515.000000	59.97501857
517.000000	-42.42961764
519.000000	35.50420418
521.000000	6.50800096
523.000000	-81.00165069
525.000000	6.50338664
527.000000	-8.08243081
529.000000	85.31117570
531.000000	-34.15157766
533.000000	49.11255220
535.000000	96.10688780
537.000000	-21.35783196
539.000000	73.86649840
541.000000	53.68678681
543.000000	-31.97515751
545.000000	52.83081385
547.000000	-80.90138711
549.000000	22.64754155
551.000000	-5.39908778
553.000000	64.73723820
555.000000	67.79253321
557.000000	2.60374059
559.000000	79.97713854
561.000000	-34.54217668
563.000000	-27.61401402
565.000000	-16.11336340
567.000000	-58.15727488
569.000000	64.94433950
571.000000	15.44832533
573.000000	25.20585031
575.000000	145.58322560
577.000000	-6.77645078
579.000000	45.81020778
581.000000	31.15280882
583.000000	31.37216640
585.000000	41.03369573
587.000000	24.11327297
589.000000	33.58501442
591.000000	-23.73945432
593.000000	29.23704483
595.000000	-55.12281261
597.000000	-73.73761877
599.000000	-76.28560127
601.000000	0.48193361
603.000000	-24.66954720
605.000000	-7.27767448
607.000000	8.29966396
609.000000	59.67521384
611.000000	46.04651075
613.000000	33.68903865
615.000000	2.07778154
617.000000	53.91843034
619.000000	-45.20643007
621.000000	-0.08107443
623.000000	37.74942540
625.000000	7.04043867
627.000000	54.98732820
629.000000	-84.72933954
631.000000	-11.96777390
633.000000	18.62947065
635.000000	-62.23941411
637.000000	-35.71070542
639.000000	-74.51352820
641.000000	-5.65836155
643.000000	7.25775777
645.000000	6.29474127
647.000000	-14.48105333
649.000000	-27.37770098
651.000000	-60.75530083
653.000000	-17.96890061
655.000000	-55.40269772
657.000000	-24.60576605
659.000000	-48.49186140
661.000000	-43.17106040
663.000000	30.49856419
665.000000	-17.27168444
667.000000	15.28098109
669.000000	63.67921584
671.000000	27.05446165
673.000000	13.52370305
675.000000	89.64711478
677.000000	-58.31147690
679.000000	27.36107807
681.000000	51.04118630
683.000000	-5.91304948
685.000000	4.87911009
687.000000	56.28073364
689.000000	22.93727456
691.000000	-32.72842536
693.000000	4.99182657
695.000000	-14.55787660
697.000000	57.83123398
699.000000	8.33258549
701.000000	93.99372690
703.000000	1.37086418
705.000000	55.69811920
707.000000	36.66509126
709.000000	-52.27025870
711.000000	67.16014403
713.000000	39.82588751
715.000000	9.68474160
717.000000	9.11287426
719.000000	30.50009884
721.000000	-26.12453652
723.000000	39.38303571
725.000000	6.46224632
727.000000	-0.34587965
729.000000	11.25662011
731.000000	75.24567612
733.000000	14.63359949
735.000000	14.01556568
737.000000	13.14069057
739.000000	-42.20329848
741.000000	-15.42723691
743.000000	6.22527645
745.000000	20.92658662
747.000000	9.84035579
749.000000	-8.26796029
751.000000	-100.62179842
753.000000	-46.21088338
755.000000	-2.12406801
757.000000	-2.10497256
759.000000	-59.77986297
761.000000	-68.35392395
763.000000	67.69020044
765.000000	-26.51539043
767.000000	17.15588278
769.000000	-15.99519843
771.000000	-0.98624332
773.000000	-29.99477455
775.000000	55.67523983
777.000000	-62.35260236
779.000000	-77.86665224
781.000000	25.82507028
783.000000	1.99347335
785.000000	-64.55979963
787.000000	-11.80631984
789.000000	34.44155977
791.000000	-21.08313367
793.000000	18.51380518
795.000000	45.00237323
797.000000	-24.45409956
799.000000	20.78758180
801.000000	55.18151081
803.000000	4.60331368
805.000000	-55.37525412
807.000000	-29.76500711
809.000000	-74.11957157
811.000000	22.18894804
813.000000	-3.27972872
815.000000	-12.28718764
817.000000	4.79400672
819.000000	31.50235662
821.000000	49.52312579
823.000000	-20.67100127
825.000000	-41.59396775
827.000000	-18.75205519
829.000000	75.62289013
831.000000	-30.80895072
833.000000	-46.28537373
835.000000	20.48897072
837.000000	-18.91710868
839.000000	56.95674465
841.000000	-51.05162907
843.000000	66.05174706
845.000000	1.76433915
847.000000	-78.12356320
849.000000	18.97772250
851.000000	-10.18421285
853.000000	37.38254073
855.000000	30.89012310
857.000000	3.14974477
859.000000	-54.70688772
861.000000	31.81920022
863.000000	15.79576474
865.000000	-17.41499038
867.000000	-12.40706886
869.000000	-5.45105173
871.000000	36.74943333
873.000000	19.97717438
875.000000	10.43851968
877.000000	-96.52992019
879.000000	-79.08601694
881.000000	-49.87953145
883.000000	-18.10686166
885.000000	-53.67017216
887.000000	-26.67416267
889.000000	-62.50400899
891.000000	-76.80858671
893.000000	3.09298031
895.000000	-38.67191149
897.000000	-33.12396329
899.000000	45.37355164
901.000000	-129.49815623
903.000000	-76.37904907
905.000000	56.49107623
907.000000	-16.24270904
909.000000	-10.27197796
911.000000	-75.46965501
913.000000	34.15021024
915.000000	64.06121503
917.000000	33.18300662
919.000000	-37.09825494
921.000000	9.17934228
923.000000	21.30084040
925.000000	-19.13075520
927.000000	32.96359846
929.000000	63.22128431
931.000000	9.48295366
933.000000	37.42807216
935.000000	-8.06610479
937.000000	-53.05928470
939.000000	64.83116643
941.000000	-48.71775097
943.000000	26.23059921
945.000000	69.33959417
947.000000	14.59214288
949.000000	-24.18717038
951.000000	-32.57890886
953.000000	-55.33762400
955.000000	-44.59230482
957.000000	-9.39471692
959.000000	51.41269043
961.000000	35.29744124
963.000000	112.51596726
965.000000	-28.14817805
967.000000	55.14460830
969.000000	34.74220843
971.000000	-84.82552079
973.000000	8.43053121
975.000000	-67.46550387
977.000000	-64.60048718
979.000000	-31.12941527
981.000000	-46.91346939
983.000000	61.82002843
985.000000	-36.29411648
987.000000	6.49066662
989.000000	-45.14918891
991.000000	36.90707581
993.000000	20.51271608
995.000000	-21.41025984
997.000000	28.43611002
999.000000	17.73493453
1001.000000	34.71272117
1003.000000	-12.52161544
1005.000000	15.85253342
1007.000000	18.64541925
1009.000000	96.15027767
1011.000000	23.43000842
1013.000000	66.53282747
1015.000000	-30.42320536
1017.000000	19.35171483
1019.000000	23.37465971
1021.000000	-32.98902431
1023.000000	-11.76225302
1025.000000	-42.22110432
1027.000000	17.49846742
1029.000000	-20.86463326
1031.000000	35.24456686
1033.000000	79.13702886
1035.000000	60.78025860
1037.000000	-11.88763115
1039.000000	33.11036037
1041.000000	-61.93045318
1043.000000	-10.22858198
1045.000000	36.63378836
1047.000000	-12.57201960
1049.000000	1.44961836
1051.000000	-32.99123769
1053.000000	-46.27443822
1055.000000	-42.03633579
1057.000000	12.14411819
1059.000000	21.72620885
1061.000000	2.04535393
1063.000000	39.69344056
1065.000000	29.18925743
1067.000000	-36.66917818
1069.000000	28.16175619
1071.000000	-32.30791300
1073.000000	-15.10237710
1075.000000	29.31565827
1077.000000	42.14366777
1079.000000	-13.71316460
1081.000000	-18.60122119
1083.000000	-11.52630165
1085.000000	45.18121338
1087.000000	33.31511019
1089.000000	-104.25058358
1091.000000	-12.63073674
1093.000000	-50.98210143
1095.000000	47.84677726
1097.000000	29.77084690
1099.000000	-11.33787202
1101.000000	1.73073554
1103.000000	11.30316534
1105.000000	-145.82937479
1107.000000	70.74069495
1109.000000	1.68363851
1111.000000	-76.87751458
1113.000000	-31.56961548
1115.000000	-9.10798950
1117.000000	-42.44153279
1119.000000	-25.51642279
1121.000000	50.31021029
1123.000000	14.29187860
1125.000000	31.29475122
1127.000000	34.92278038
1129.000000	-116.68896147
1131.000000	-117.25130071
1133.000000	-59.57263458
1135.000000	-30.83639352
1137.000000	1.93283177
1139.000000	-14.19343152
1141.000000	27.56084166
1143.000000	-21.76891328
1145.000000	34.90421777
1147.000000	-70.76632772
1149.000000	-21.46463961
1151.000000	48.64589656
1153.000000	75.16907925
1155.000000	44.12334431
1157.000000	73.25025054
1159.000000	71.41267524
1161.000000	-29.75859129
1163.000000	-69.12799294
1165.000000	-53.60682652
1167.000000	39.10999481
1169.000000	56.89925768
1171.000000	-39.99043859
1173.000000	-11.73734082
1175.000000	47.61102065
1177.000000	43.29600771
1179.000000	90.77316937
1181.000000	-8.13195706
1183.000000	30.27435105
1185.000000	-59.04372165
1187.000000	53.06848154
1189.000000	-27.31802158
1191.000000	-11.08856017
1193.000000	-34.20418987
1195.000000	0.35319892
1197.000000	50.77799532
1199.000000	-28.90054975
1201.000000	37.69038167
1203.000000	-27.38206937
1205.000000	-7.21819061
1207.000000	-61.12866366
1209.000000	33.83432882
1211.000000	57.28913984
1213.000000	-5.40547835
1215.000000	-98.96760281
1217.000000	-22.86535147
1219.000000	63.34229645
1221.000000	69.39017910
1223.000000	-39.82922729
1225.000000	83.41672089
1227.000000	27.92301251
1229.000000	52.20728557
1231.000000	16.23264239
1233.000000	39.18138377
1235.000000	-52.18278128
1237.000000	12.50050965
1239.000000	41.42848209
1241.000000	54.44171992
1243.000000	34.27811465
1245.000000	21.65666560
1247.000000	8.25758482
1249.000000	21.54736107
1251.000000	9.12750853
1253.000000	-9.50159678
1255.000000	-53.00772211
1257.000000	-55.12437895
1259.000000	49.00188130
1261.000000	-44.18957985
1263.000000	11.97509027
1265.000000	-5.39797876
1267.000000	-68.03588445
1269.000000	14.13650423
1271.000000	-6.41442113
1273.000000	-12.94145044
1275.000000	-57.81436190
1277.000000	9.48444645
1279.000000	-43.08698402
1281.000000	-10.81060038
1283.000000	-35.87505804
1285.000000	15.27653810
1287.000000	-22.50269801
1289.000000	-12.78122884
1291.000000	51.98037599
1293.000000	-9.71708421
1295.000000	9.31831619
1297.000000	-60.62618073
1299.000000	26.54056978
1301.000000	51.05635769
1303.000000	-39.39034824
1305.000000	-33.92830424
1307.000000	51.87651572
1309.000000	13.18662140
1311.000000	-25.84761587
1313.000000	6.61208268
1315.000000	51.84638785
1317.000000	3.19384609
1319.000000	17.05325123
1321.000000	-66.51773303
1323.000000	-47.82820216
1325.000000	-6.84070234
1327.000000	9.50528936
1329.000000	23.37386220
1331.000000	94.12286933
1333.000000	59.83736307
1335.000000	11.16195612
1337.000000	5.20156405
1339.000000	28.69720616
1341.000000	2.39907649
1343.000000	-16.14526141
1345.000000	-16.74368047
1347.000000	-80.41783143
1349.000000	-50.86203734
1351.000000	34.90127440
1353.000000	72.82206065
1355.000000	-43.39242557
1357.000000	15.49319745
1359.000000	-41.56807646
1361.000000	-18.32303591
1363.000000	80.08578229
1365.000000	-8.79667372
1367.000000	-62.05411083
1369.000000	-18.00635019
1371.000000	26.47815352
1373.000000	-25.72968801
1375.000000	38.34203908
1377.000000	-58.43759378
1379.000000	23.58573823
1381.000000	-26.34464740
1383.000000	-21.97740736
1385.000000	36.82938813
1387.000000	130.51287926
1389.000000	-32.63980838
1391.000000	50.64793267
1393.000000	27.99476028
1395.000000	-10.74897012
1397.000000	-12.00960476
1399.000000	-26.90006231
1401.000000	-43.21987690
1403.000000	-59.67429458
1405.000000	-7.25450376
1407.000000	-18.96213357
1409.000000	48.49287177
1411.000000	79.30608264
1413.000000	-70.74384273
1415.000000	-63.68827772
1417.000000	-32.85993059
1419.000000	2.12358669
1421.000000	4.81408958
1423.000000	46.63582264
1425.000000	0.19659786
1427.000000	-48.73680598
1429.000000	-25.98595634
1431.000000	31.24679083
1433.000000	-60.96503968
1435.000000	82.20897403
1437.000000	-7.98492047
1439.000000	11.22857078
1441.000000	36.47843226
1443.000000	-62.51751759
1445.000000	-97.21676870
1447.000000	-61.06418867
1449.000000	9.23194361
1451.000000	36.67103228
1453.000000	66.59596457
1455.000000	117.17093086
1457.000000	-83.07847207
1459.000000	24.28802671
1461.000000	7.51899312
1463.000000	-3.67589137
1465.000000	88.25918881
1467.000000	102.22289342
1469.000000	-11.84601720
1471.000000	67.02524227
1473.000000	44.36967182
1475.000000	64.73915897
1477.000000	-22.07913852
1479.000000	-45.62960455
1481.000000	27.40441370
1483.000000	49.77842577
1485.000000	-25.51542568
1487.000000	-13.26950054
1489.000000	79.82329559
1491.000000	32.42912895
1493.000000	9.62559200
1495.000000	-21.75730669
1497.000000	-85.36168112
1499.000000	-29.55384825
1501.000000	-46.07746861
1503.000000	-41.04021607
1505.000000	31.34621714
1507.000000	-17.32101445
1509.000000	11.06968814
1511.000000	-56.85363833
1513.000000	3.57287017
1515.000000	-14.32488708
1517.000000	-47.50223774
1519.000000	-62.57564768
1521.000000	52.10370012
1523.000000	-60.32424832
1525.000000	-47.67367105
1527.000000	-11.60255447
1529.000000	21.06857063
1531.000000	-1.06136076
1533.000000	23.09436076
1535.000000	-38.88717455
1537.000000	-95.86428244
1539.000000	19.15024862
1541.000000	-48.23240388
1543.000000	-44.31038399
1545.000000	-26.07761412
1547.000000	-0.98080541
1549.000000	17.33041671
1551.000000	83.75273646
1553.000000	72.25415294
1555.000000	67.86151870
1557.000000	9.20599357
1559.000000	117.49641890
1561.000000	46.97226726
1563.000000	-9.96048551
1565.000000	-17.21085982
1567.000000	-43.67698867
1569.000000	-1.60327285
1571.000000	-37.00029150
1573.000000	-84.56588755
1575.000000	41.67539540
1577.000000	-17.92606962
1579.000000	-43.58853378
1581.000000	10.27904690
1583.000000	-2.68447374
1585.000000	18.36010245
1587.000000	2.20337892
1589.000000	81.77097621
1591.000000	65.00277181
1593.000000	27.21080321
1595.000000	52.87192723
1597.000000	-49.49174222
1599.000000	67.69233042
1601.000000	-82.68863100
1603.000000	-103.06406698
1605.000000	-10.29976717
1607.000000	-75.59312190
1609.000000	77.76284618
1611.000000	31.03959453
1613.000000	-32.55392737
1615.000000	-17.47387804
1617.000000	-5.76585915
1619.000000	-49.12610239
1621.000000	23.80220994
1623.000000	61.84702970
1625.000000	-16.64335435
1627.000000	-55.83203166
1629.000000	37.22217378
1631.000000	65.83373289
1633.000000	35.10627967
1635.000000	70.83844851
1637.000000	-122.58043387
1639.000000	-21.42426810
1641.000000	40.21777243
1643.000000	148.17776702
1645.000000	-18.88261887
1647.000000	16.00442425
1649.000000	26.32360337
1650.000000	-64.29624843
1651.000000	33.76485349
1652.000000	20.92373758
1653.000000	74.09423014
1654.000000	-25.30083094
1655.000000	19.53588827
1656.000000	-24.14801646
1657.000000	15.90145262
1658.000000	46.15266306
1659.000000	89.94350084
1660.000000	-22.68704003
1661.000000	29.48032682
1662.000000	-16.96498698
1663.000000	26.94079606
1664.000000	-13.18856453
1665.000000	-34.79353764
1666.000000	-37.18590069
1667.000000	68.83525380
1668.000000	64.90153897
1669.000000	-92.02111669
1670.000000	-13.24395276
1671.000000	73.46631751
1672.000000	-0.03458507
1673.000000	25.38902531
1674.000000	10.55814189
1675.000000	39.88474517
1676.000000	79.78244928
1677.000000	-3.34900218
1678.000000	43.11871420
1679.000000	134.69728039
1680.000000	49.75974540
1681.000000	-27.06403981
1682.000000	7.78458432
1683.000000	47.10298258
1684.000000	11.25122507
1685.000000	-5.39943253
1686.000000	-0.16618523
1687.000000	-38.28536956
1688.000000	-72.43785729
1689.000000	33.45824565
1690.000000	40.70997849
1691.000000	21.46807094
1692.000000	58.80521587
1693.000000	-31.15290557
1694.000000	-8.07272832
1695.000000	34.20428687
1696.000000	31.26143844
1697.000000	0.26600866
1698.000000	-24.07078797
1699.000000	-11.51596966
1700.000000	32.37042568
1701.000000	33.26330902
1702.000000	73.54427651
1703.000000	13.71619707
1704.000000	-79.60209293
1705.000000	-12.56503594
1706.000000	81.34272975
1707.000000	-67.04418556
1708.000000	0.51679281
1709.000000	37.72588517
1710.000000	-45.85724825
1711.000000	26.56660315
1712.000000	14.62705383
1713.000000	-33.00226236
1714.000000	-2.72670066
1715.000000	-53.77766426
1716.000000	-20.56724421
1717.000000	46.16945623
1718.000000	-53.08232139
1719.000000	-35.10380661
1720.000000	-41.29529711
1721.000000	14.43647275
1722.000000	67.31540417
1723.000000	63.40752307
1724.000000	7.18462489
1725.000000	18.20046945
1726.000000	-5.31790318
1727.000000	-74.01424219
1728.000000	5.53754806
1729.000000	-10.78285544
1730.000000	-60.14774175
1731.000000	-92.62878295
1732.000000	16.98717282
1733.000000	35.12975887
1734.000000	26.09401843
1735.000000	83.48684063
1736.000000	-39.57105984
1737.000000	-35.00314869
1738.000000	55.53072788
1739.000000	18.70899332
1740.000000	13.99513662
1741.000000	-6.42373604
1742.000000	-48.65605501
1743.000000	-84.77379864
1744.000000	29.33070563
1745.000000	72.00441190
1746.000000	-27.36525196
1747.000000	5.06071580
1748.000000	16.70061258
1749.000000	-10.96216252
1750.000000	-72.77990975
1751.000000	132.74673584
1752.000000	-54.41506545
1753.000000	-5.54833534
1754.000000	63.29584660
1755.000000	16.99088670
1756.000000	91.23457882
1757.000000	28.32967504
1758.000000	32.89941027
1759.000000	123.68778154
1760.000000	8.03171399
1761.000000	-73.98244222
1762.000000	-19.46095545
1763.000000	-33.35163238
1764.000000	-26.32681329
1765.000000	37.40020904
1766.000000	42.18186798
1767.000000	-70.14871955
1768.000000	-60.25621545
1769.000000	-7.71327666
1770.000000	15.39699190
1771.000000	4.43854231
1772.000000	35.11555123
1773.000000	-71.18778520
1774.000000	-18.50282606
1775.000000	1.35670705
1776.000000	11.56946608
1777.000000	-1.30249603
1778.000000	-11.07648511
1779.000000	-19.84858127
1780.000000	22.93026844
1781.000000	57.73209893
1782.000000	-47.99652178
1783.000000	2.87023944
1784.000000	-37.81635884
1785.000000	1.57066866
1786.000000	-2.06340808
1787.000000	45.40110042
1788.000000	8.76685882
1789.000000	20.79137629
1790.000000	96.62083196
1791.000000	96.13574005
1792.000000	-45.87239762
1793.000000	-5.57292362
1794.000000	-41.01189888
1795.000000	3.91857632
1796.000000	20.11410850
1797.000000	6.84023220
1798.000000	-137.68296911
1799.000000	19.93817286
1800.000000	52.40491454
1801.000000	41.43707722
1802.000000	38.68361587
1803.000000	-36.31176370
1804.000000	38.76583036
1805.000000	60.26137743
1806.000000	-76.22680332
1807.000000	-22.21986000
1808.000000	22.39017379
1809.000000	29.38178905
1810.000000	-42.44118872
1811.000000	-30.04094615
1812.000000	-40.35341968
1813.000000	-28.21535554
1814.000000	8.09547860
1815.000000	-47.93889834
1816.000000	-38.57247333
1817.000000	13.90422728
1818.000000	24.06808154
1819.000000	-1.06923952
1820.000000	-50.56252934
1821.000000	-7.56409820
1822.000000	-39.96187400
1823.000000	-21.60776481
1824.000000	9.71104605
1825.000000	41.13769393
1826.000000	89.70989110
1827.000000	-67.31221119
1828.000000	6.33041204
1829.000000	-26.54764473
1830.000000	-42.12127382
1831.000000	-25.19528554
1832.000000	-74.93832116
1833.000000	51.95095761
1834.000000	68.26197425
1835.000000	-22.89507006
1836.000000	-97.88879579
1837.000000	-41.41676102
1838.000000	24.45450916
1839.000000	-39.79421076
1840.000000	-19.65305777
1841.000000	24.36790687
1842.000000	82.59134801
1843.000000	50.20793072
1844.000000	-1.33530316
1845.000000	-85.11407144
1846.000000	48.95635916
1847.999000	24.22512208
1848.999000	46.16626603
1849.999000	7.03215751
1850.999000	15.94556216
1851.999000	15.28933998
1852.999000	-9.09173846
1853.999000	-46.19149201
1854.999000	11.07822548
1855.999000	-28.73601245
1856.999000	-76.32968487
1857.999000	79.63211297
1858.999000	-30.93860454
1859.999000	4.22405897
1860.999000	-22.06782104
1861.999000	17.98632210
1862.999000	28.95555187
1863.999000	-19.80070898
1864.999000	37.79148235
1865.999000	115.86755553
1866.999000	-7.75195774
1867.999000	6.21855339
1868.999000	-37.96935656
1869.999000	-73.12668383
1870.999000	25.11219207
1871.999000	-40.89195814
1872.999000	-8.78475534
1873.999000	37.91617816
1874.999000	-2.80700145
1875.999000	-21.89966849
1876.999000	-0.24876534
1877.999000	43.61342893
1878.999000	0.13457826
1879.999000	-47.47064229
1880.999000	39.42909251
1881.999000	15.30385020
1882.999000	11.10973095
1883.999000	39.91765123
1884.999000	51.32720845
1885.999000	40.51054997
1886.999000	48.99680663
1887.999000	-54.85931399
1888.999000	9.25773273
1889.999000	38.82956656
1890.999000	55.07271137
1891.999000	-140.46313765
1892.999000	-74.35436780
1893.999000	10.97055908
1894.999000	-27.46215674
1895.999000	10.75500464
1896.999000	-90.14148133
1897.999000	-29.16732569
1898.999000	-45.94846036
1899.999000	20.84278054
1900.999000	52.15347957
1901.999000	3.02635927
1902.999000	-110.37755426
1903.999000	-39.40624211
1904.999000	55.87462736
1905.999000	-49.95311822
1906.999000	38.14445650
1907.999000	-0.95111691
1908.999000	0.52527330
1909.999000	47.71889875
1910.999000	54.22528466
1911.999000	-24.58452412
1912.999000	6.35031513
1913.999000	-91.83880774
1914.999000	59.18167839
1915.999000	-6.18694809
1916.999000	8.71656594
1917.999000	29.15409506
1918.999000	-22.91636868
1919.999000	-5.23949008
1920.999000	15.62148596
1921.999000	29.44545395
1922.999000	9.37099817
1923.999000	19.33443844
1924.999000	18.09731419
1925.999000	-84.69648722
1926.999000	-27.27404187
1927.999000	6.55217420
1928.999000	-27.88859381
1929.999000	21.62385299
1930.999000	51.66233856
1931.999000	-3.89462228
1932.999000	45.16370773
1933.999000	-12.53313970
1934.999000	-50.97045241
1935.999000	8.75876001
1936.999000	-16.23585047
1937.999000	-83.74097898
1938.999000	-83.73375821
1939.999000	-13.98249481
1940.999000	27.99122594
1941.999000	2.43602286
1942.999000	88.44309556
1943.999000	-54.99509320
1944.999000	5.43754887
1945.999000	-76.26499066
1946.999000	2.80423213
1947.999000	-5.59533271
1948.999000	-62.78585711
1949.999000	1.86646187
1950.999000	36.97487482
1951.999000	28.27135640
1952.999000	-37.41171018
1953.999000	21.81355606
1954.999000	0.21982160
1955.999000	-46.32502966
1956.999000	-57.02728115
1957.999000	-22.13851058
1958.999000	18.54370930
1959.999000	18.23166500
1960.999000	2.91655946
1961.999000	61.72964579
1962.999000	-46.67442483
1963.999000	38.23418499
1964.999000	49.97754012
1965.999000	-39.01595674
1966.999000	28.57610853
1967.999000	9.96970568
1968.999000	11.63613145
1969.999000	-37.16267595
1970.999000	-49.09231269
1971.999000	-8.42963712
1972.999000	4.65102666
1973.999000	-24.34352785
1974.999000	-4.70589145
1975.999000	30.61575417
1976.999000	-92.14627822
1977.999000	-71.48736177
1978.999000	-31.22156331
1979.999000	23.64002341
1980.999000	61.09364041
1981.999000	41.21129732
1982.999000	11.10728945
1983.999000	-14.54780024
1984.999000	-26.99871888
1985.999000	-18.07708345
1986.999000	-22.52191642
1987.999000	69.30183052
1988.999000	-103.74724191
1989.999000	-5.06634707
1990.999000	-40.58707430
1991.999000	50.91973904
1992.999000	-123.77079919
1993.999000	-0.33891692
1994.999000	6.24211636
1995.999000	-18.85335288
1996.999000	13.52731881
1997.999000	-14.51726019
1998.999000	-96.16195516
1999.999000	-28.89001404
2000.999000	34.95015774
2001.999000	-3.89338182
2002.999000	11.06774300
2003.999000	-34.08320745
2004.999000	32.26936996
2005.999000	-58.18472599
2006.999000	-6.54615425
2007.999000	24.80149301
2008.999000	14.35111743
2009.999000	-81.38061846
2010.999000	-66.55743260
2011.999000	54.97167292
2012.999000	43.59577678
2013.999000	34.90826285
2014.999000	6.22937055
2015.999000	64.41114653
2016.999000	64.32394960
2017.999000	10.81245532
2018.999000	117.46515479
2019.999000	18.53146443
2020.999000	-17.48244803
2021.999000	25.96109974
2022.999000	-2.46550417
2023.999000	80.31410050
2024.999000	80.14954127
2025.999000	5.06388162
2026.999000	16.89647005
2027.999000	-52.84416016
2028.999000	-61.95139084
2029.999000	-1.47926373
2030.999000	6.56645590
2031.999000	56.55629546
2032.999000	16.68720186
2033.999000	64.65384064
2034.999000	-13.51374687
2035.999000	-13.45737733
2036.999000	-12.51888595
2037.999000	-6.13925936
2038.999000	-84.64315080
2039.999000	11.59804986
2040.999000	35.47452768
2041.999000	27.12509880
2042.999000	19.36978287
2043.999000	-112.97656827
2044.999000	-54.14332070
2045.999000	-48.56467937
2046.999000	59.85018964
2047.999000	5.08605761
2048.999000	63.30124063
2049.999000	-2.23841756
2050.999000	-15.77480875
2051.999000	-50.76201008
2052.999000	-54.38068191
2053.999000	39.13319770
2054.999000	56.72801449
2055.999000	24.79664512
2056.999000	-42.98896028
2057.999000	-14.42497152
2058.999000	62.33768771
2059.999000	-16.19686500
2060.999000	-36.79137891
2061.999000	-36.52198019
2062.999000	-49.74306520
2063.999000	10.00974202
2064.999000	-50.08737456
2065.999000	13.19171129
2066.999000	12.24697660
2067.999000	32.82856775
2068.999000	47.39156880
2069.999000	-9.65227559
2070.999000	33.96857326
2071.999000	-12.56300164
2072.999000	-4.75606243
2073.999000	69.33272797
2074.999000	23.20506069
2075.999000	-15.28382315
2076.999000	-59.94984176
2077.999000	-87.51497985
2078.999000	39.90808916
2079.999000	-82.06189666
2080.999000	-43.41180061
2081.999000	-39.91991736
2082.999000	54.71435072
2083.999000	-42.86192044
2084.999000	66.97819305
2085.999000	-36.43652768
2086.999000	-49.30939983
2087.999000	18.38209322
2088.999000	-82.24422640
2089.999000	9.73795546
2090.999000	43.91613663
2091.999000	52.31954346
2092.999000	1.13094381
2093.999000	-42.95954358
2094.999000	-40.74765419
2095.999000	40.48210104
2096.999000	-21.29845080
2097.999000	48.22427675
2098.999000	-31.14191146
2099.999000	-45.00677351
