# F(k,t) correlation function
# Reference time: 602.001 ps
# lag_time_ps	F(k,t)
0.000000	559.26567223
1.000000	87.59918984
3.000000	-53.38692210
5.000000	-14.27656650
7.000000	17.55841353
9.000000	63.62263457
11.000000	24.66568778
13.000000	-21.86231699
15.000000	5.67007487
17.000000	-54.49176331
19.000000	11.45155957
21.000000	39.20156499
23.000000	15.82669237
25.000000	-11.35508507
27.000000	14.19482313
29.000000	-50.39347111
31.000000	28.29557911
33.000000	-24.28950954
35.000000	-22.45295405
37.000000	-96.58258817
39.000000	-11.62661535
41.000000	63.22232080
43.000000	-5.83426509
45.000000	-71.37094355
47.000000	17.46502678
49.000000	-40.57020805
51.000000	-21.45637733
53.000000	35.93324350
55.000000	37.27812155
57.000000	-96.49507500
59.000000	-26.93619680
61.000000	101.97577549
63.000000	-38.86468011
65.000000	36.76287720
67.000000	55.86609748
69.000000	20.61808293
71.000000	-12.32865863
73.000000	29.84597954
75.000000	85.12289650
77.000000	23.20118030
79.000000	44.82532673
81.000000	2.51820035
83.000000	-125.06597105
85.000000	87.53081863
87.000000	-106.95100232
89.000000	93.82365837
91.000000	2.36336756
93.000000	68.16352005
95.000000	41.44547052
97.000000	65.08361252
99.000000	-6.45378782
101.000000	39.80918971
103.000000	-37.38629501
105.000000	-38.31270743
107.000000	19.08114390
109.000000	-61.74879864
111.000000	29.15606383
113.000000	87.78236661
115.000000	-60.65259119
117.000000	21.57397261
119.000000	8.46124988
121.000000	-5.55216948
123.000000	-22.01567935
125.000000	29.25018374
127.000000	-44.32509756
129.000000	36.07071249
131.000000	34.63764750
133.000000	-60.17406365
135.000000	-45.02799148
137.000000	2.51342393
139.000000	-10.58876611
141.000000	-95.23241954
143.000000	7.49285697
145.000000	88.95077019
147.000000	-25.28128447
149.000000	-18.29071870
151.000000	-138.03893943
153.000000	44.20641881
155.000000	-22.68915672
157.000000	25.89947598
159.000000	26.57726084
161.000000	-7.50427116
163.000000	-0.10404177
165.000000	67.91167761
167.000000	-17.40220748
169.000000	75.31683758
171.000000	49.90857325
173.000000	58.37120751
175.000000	87.54123076
177.000000	-37.94974087
179.000000	26.98319473
181.000000	-21.36156801
183.000000	-11.57586298
185.000000	71.84486421
187.000000	-3.52684586
189.000000	25.82681481
191.000000	9.06905035
193.000000	85.76183248
195.000000	-77.02285078
197.000000	-15.41860087
199.000000	37.39707084
201.000000	5.40919211
203.000000	41.07124445
205.000000	48.37863362
207.000000	73.19902135
209.000000	-47.05320264
211.000000	113.45658754
213.000000	17.05710377
215.000000	-34.43836393
217.000000	58.73217988
219.000000	54.36765729
221.000000	-87.85603041
223.000000	82.13705112
225.000000	57.14245321
227.000000	18.35586058
229.000000	-51.46618820
231.000000	0.38858976
233.000000	-30.76880041
235.000000	-19.11762229
237.000000	-89.81360824
239.000000	23.32612722
241.000000	148.94015993
243.000000	-12.62504694
245.000000	25.91178091
247.000000	73.53947484
249.000000	-45.37844407
251.000000	42.43826785
253.000000	38.28941501
255.000000	-26.70481300
257.000000	-60.83392793
259.000000	-46.85888472
261.000000	-31.52131770
263.000000	-62.83701345
265.000000	-66.89180471
267.000000	88.27982755
269.000000	15.97292557
271.000000	-28.54706356
273.000000	-39.90580475
275.000000	-10.37131135
277.000000	-63.91936556
279.000000	61.70634428
281.000000	53.95205618
283.000000	-23.82930915
285.000000	54.33822859
287.000000	-1.17840655
289.000000	-122.21749036
291.000000	-75.36405542
293.000000	-0.97204146
295.000000	-106.27720568
297.000000	22.70829586
299.000000	23.12511526
301.000000	-36.07165491
303.000000	39.09916965
305.000000	14.29671886
307.000000	-3.67472985
309.000000	-37.62678854
311.000000	-51.54536337
313.000000	-117.86993771
315.000000	-26.18712669
317.000000	3.66715148
319.000000	2.05594113
321.000000	51.47427666
323.000000	47.26374254
325.000000	15.90275495
327.000000	-87.32897204
329.000000	-7.77087437
331.000000	-1.63131605
333.000000	-36.38571985
335.000000	10.91071040
337.000000	-4.49918602
339.000000	-16.72508050
341.000000	-89.05263847
343.000000	-62.36780032
345.000000	46.35062196
347.000000	-4.10710535
349.000000	9.79428815
351.000000	-5.46474731
353.000000	20.29742874
355.000000	21.28974012
357.000000	-45.04111289
359.000000	80.37171285
361.000000	-62.44703001
363.000000	-23.15592457
365.000000	65.36955770
367.000000	-56.78037257
369.000000	-23.08472554
371.000000	-120.68880703
373.000000	5.39940101
375.000000	8.53029667
377.000000	-15.06183149
379.000000	-12.32092412
381.000000	11.50104986
383.000000	-57.53409061
385.000000	-12.49370278
387.000000	101.51899087
389.000000	78.68516613
391.000000	-120.21990576
393.000000	87.88443855
395.000000	0.38488968
397.000000	-73.38049467
399.000000	-59.81128438
401.000000	6.26733124
403.000000	-40.04108072
405.000000	-49.17037485
407.000000	-9.40892130
409.000000	-53.38556714
411.000000	-21.43335731
413.000000	-16.76503961
415.000000	31.91932203
417.000000	-69.37498374
419.000000	5.50260774
421.000000	6.78064212
423.000000	17.40562720
425.000000	15.55942456
427.000000	-65.66379591
429.000000	94.85040086
431.000000	16.38605284
433.000000	-67.38417979
435.000000	51.08459525
437.000000	94.13972930
439.000000	94.35766578
441.000000	20.79341017
443.000000	33.11684230
445.000000	69.95291807
447.000000	5.07798984
449.000000	54.96397412
451.000000	-2.55689268
453.000000	-73.97018756
455.000000	-77.91117641
457.000000	96.71081736
459.000000	26.39945911
461.000000	1.61013520
463.000000	55.77971405
465.000000	-7.62383644
467.000000	107.93867807
469.000000	63.92754902
471.000000	5.14912006
473.000000	-31.18608996
475.000000	-43.58235948
477.000000	-49.39878447
479.000000	-3.68939452
481.000000	-15.68301111
483.000000	-23.30416143
485.000000	-89.91379423
487.000000	23.04114354
489.000000	-106.11103819
491.000000	-62.87848046
493.000000	53.86574632
495.000000	42.40846110
497.000000	-34.55200666
499.000000	-8.90110079
501.000000	106.07830450
503.000000	107.54591712
505.000000	-2.51535775
507.000000	-109.84771237
509.000000	8.48427592
511.000000	53.01714216
513.000000	-0.60723740
515.000000	11.15769642
517.000000	-42.59869188
519.000000	-76.98562775
521.000000	-16.45740397
523.000000	27.30358571
525.000000	6.81460154
527.000000	67.09170425
529.000000	2.30673813
531.000000	-40.15752683
533.000000	5.49977444
535.000000	61.25811376
537.000000	62.24594078
539.000000	-6.81744640
541.000000	-26.35338221
543.000000	57.43225272
545.000000	6.40310341
547.000000	12.94589150
549.000000	54.07065492
551.000000	-72.58135028
553.000000	-43.15155023
555.000000	-81.69457350
557.000000	6.54281375
559.000000	-47.88625327
561.000000	36.75639839
563.000000	-80.61528040
565.000000	52.87340490
567.000000	-4.63702116
569.000000	20.38449435
571.000000	-111.36657511
573.000000	50.12098046
575.000000	71.05057259
577.000000	68.59096036
579.000000	-17.75780085
581.000000	83.10849362
583.000000	28.44274591
585.000000	-13.90184494
587.000000	46.22838216
589.000000	-29.87392598
591.000000	13.43399755
593.000000	-54.99784034
595.000000	50.33295972
597.000000	-3.29904352
599.000000	9.59786785
601.000000	37.92714447
603.000000	-37.52211017
605.000000	117.44423163
607.000000	-26.26453107
609.000000	24.00212048
611.000000	83.10401060
613.000000	69.25429505
615.000000	22.88703099
617.000000	5.78562679
619.000000	50.74287503
621.000000	9.13515082
623.000000	-43.62793228
625.000000	35.85017483
627.000000	-13.63699970
629.000000	150.33883815
631.000000	100.72145911
633.000000	67.80423876
635.000000	-20.52663309
637.000000	-0.89943538
639.000000	-16.62578754
641.000000	14.75253093
643.000000	79.33894694
645.000000	-15.04104439
647.000000	1.59735723
649.000000	-65.13443293
651.000000	-25.25779664
653.000000	-78.67676757
655.000000	-28.22408566
657.000000	91.78025663
659.000000	-35.17617878
661.000000	-94.19310141
663.000000	-53.92983273
665.000000	31.14582901
667.000000	45.41847553
669.000000	-34.89181472
671.000000	-45.75508689
673.000000	-21.15984137
675.000000	-9.43414179
677.000000	-22.37607086
679.000000	3.16474072
681.000000	0.50707259
683.000000	29.21268094
685.000000	-7.39731178
687.000000	-129.24188539
689.000000	-14.55290389
691.000000	-14.52661169
693.000000	47.32160948
695.000000	0.58607456
697.000000	129.38862178
699.000000	67.51786825
701.000000	71.48384718
703.000000	-64.10374016
705.000000	-64.25129962
707.000000	2.02851902
709.000000	8.94366547
711.000000	90.08631526
713.000000	46.27302610
715.000000	-27.47229525
717.000000	61.77854905
719.000000	-7.26003384
721.000000	77.36281466
723.000000	-77.04115716
725.000000	85.31903595
727.000000	-9.81229045
729.000000	17.92026311
731.000000	10.03092218
733.000000	137.59559118
735.000000	22.79381340
737.000000	12.04572170
739.000000	-53.89075203
741.000000	23.45713562
743.000000	-27.08826272
745.000000	-32.69938018
747.000000	-37.67450629
749.000000	-29.17029378
751.000000	32.99299394
753.000000	-16.23664826
755.000000	-9.42591890
757.000000	-40.83830037
759.000000	-79.38538970
761.000000	78.64195709
763.000000	-9.61905201
765.000000	6.58327193
767.000000	-4.90747966
769.000000	31.20716863
771.000000	-68.49325134
773.000000	43.22205094
775.000000	29.66318485
777.000000	-4.13713530
779.000000	58.48109509
781.000000	64.69750503
783.000000	-12.17933296
785.000000	-39.16290572
787.000000	37.37711290
789.000000	13.96042369
791.000000	-14.87788404
793.000000	-39.58423442
795.000000	32.55488683
797.000000	33.46994989
799.000000	-0.51923732
801.000000	-13.52988066
803.000000	82.17476470
805.000000	76.84100665
807.000000	2.29986945
809.000000	13.80514128
811.000000	69.51767828
813.000000	-24.82687389
815.000000	-13.02787263
817.000000	-5.56419610
819.000000	-32.19401190
821.000000	-6.49115525
823.000000	-23.68887109
825.000000	-57.37807939
827.000000	24.95239169
829.000000	18.34445884
831.000000	12.16407585
833.000000	33.45622265
835.000000	-19.13141677
837.000000	82.76577035
839.000000	-44.53848029
841.000000	14.45332022
843.000000	-14.85965070
845.000000	8.66514946
847.000000	24.03924425
849.000000	69.93866717
851.000000	-98.14037675
853.000000	29.12695388
855.000000	1.95960253
857.000000	-77.58286713
859.000000	-36.72374083
861.000000	-20.10499661
863.000000	-8.14422317
865.000000	-3.38548052
867.000000	21.12741392
869.000000	44.98146279
871.000000	-3.67524017
873.000000	-18.54985442
875.000000	-2.57352832
877.000000	-79.75814351
879.000000	-24.05037608
881.000000	-20.90101945
883.000000	-76.31400678
885.000000	-69.95022189
887.000000	-29.50478284
889.000000	0.61164215
891.000000	131.74734759
893.000000	14.04490896
895.000000	-24.83381417
897.000000	2.16597666
899.000000	-91.91579524
901.000000	28.66737835
903.000000	50.79493670
905.000000	32.86184086
907.000000	-33.49700721
909.000000	17.68691869
911.000000	-8.06096632
913.000000	-44.43733440
915.000000	4.74077927
917.000000	33.07042629
919.000000	-94.29780589
921.000000	13.66941375
923.000000	-3.00483842
925.000000	48.23478776
927.000000	125.87587473
929.000000	-33.08516661
931.000000	-14.18476504
933.000000	1.26840984
935.000000	-87.92641711
937.000000	7.57580202
939.000000	-34.44686989
941.000000	-86.69932747
943.000000	-73.79538128
945.000000	-78.87916674
947.000000	68.13420348
949.000000	112.29615490
951.000000	-28.36523833
953.000000	-1.07384573
955.000000	4.42289954
957.000000	-70.50817290
959.000000	-17.18402294
961.000000	-55.49863021
963.000000	46.38958096
965.000000	-188.56524115
967.000000	-18.02366279
969.000000	-95.27933218
971.000000	-61.28763251
973.000000	17.25156194
975.000000	76.56381678
977.000000	-94.74113196
979.000000	-34.65016919
981.000000	13.27542856
983.000000	-45.75227390
985.000000	-42.89663534
987.000000	22.76806737
989.000000	102.31303844
991.000000	-3.95164283
993.000000	-86.47828075
995.000000	10.77789495
997.000000	-71.25133179
999.000000	72.55453327
1001.000000	-21.13705711
1003.000000	-81.18795651
1005.000000	105.96514279
1007.000000	-79.54598358
1009.000000	-86.84122352
1011.000000	-21.58057900
1013.000000	50.29175223
1015.000000	21.56174228
1017.000000	-49.94333767
1019.000000	-71.46103242
1021.000000	-34.19044670
1023.000000	90.05153274
1025.000000	-56.16818507
1027.000000	-17.15552723
1029.000000	136.13224368
1031.000000	-47.31632227
1033.000000	-44.12120976
1035.000000	-48.68101043
1037.000000	89.69941856
1039.000000	57.60152121
1041.000000	-0.87405501
1043.000000	69.58608431
1045.000000	6.40300236
1047.000000	64.50036962
1049.000000	-85.52278609
1051.000000	35.02224345
1053.000000	30.20023048
1055.000000	47.48425369
1057.000000	-38.59913229
1059.000000	17.09477983
1061.000000	-47.76139014
1063.000000	-12.92500100
1065.000000	-10.54529440
1067.000000	-38.90678981
1069.000000	-80.95564653
1071.000000	12.96277534
1073.000000	56.17595392
1075.000000	-97.15560403
1077.000000	67.24435157
1079.000000	45.12150233
1081.000000	91.35684069
1083.000000	70.43006557
1085.000000	39.97222684
1087.000000	-21.53383406
1089.000000	26.73253610
1091.000000	72.50141662
1093.000000	37.98998651
1095.000000	-8.80254080
1097.000000	-76.22968992
1099.000000	15.37798143
1101.000000	-37.21009087
1103.000000	90.83910020
1105.000000	-168.74778183
1107.000000	57.61752335
1109.000000	43.12572477
1111.000000	-51.01913550
1113.000000	-103.75404259
1115.000000	21.93399582
1117.000000	44.54569607
1119.000000	29.07833518
1121.000000	-36.72011345
1123.000000	22.72679724
1125.000000	-18.33079146
1127.000000	-19.72963529
1129.000000	-48.36723537
1131.000000	-14.65078081
1133.000000	55.07985535
1135.000000	-4.10348144
1137.000000	-36.71591607
1139.000000	-4.07982674
1141.000000	-81.02143565
1143.000000	127.10724490
1145.000000	-63.11056770
1147.000000	37.92390052
1149.000000	-53.58522819
1151.000000	2.01118867
1153.000000	-35.69430233
1155.000000	-21.69370487
1157.000000	69.37309452
1159.000000	4.28739497
1161.000000	-76.35665303
1163.000000	86.59938277
1165.000000	9.64366884
1167.000000	49.97046694
1169.000000	34.11946730
1171.000000	-38.91455906
1173.000000	-73.33102906
1175.000000	-79.77191727
1177.000000	56.90484699
1179.000000	68.29471252
1181.000000	54.62227579
1183.000000	-96.06035018
1185.000000	-73.34885527
1187.000000	42.54104411
1189.000000	103.97378881
1191.000000	58.15563357
1193.000000	-63.22877177
1195.000000	27.73978423
1197.000000	-49.23377506
1199.000000	-16.63915362
1201.000000	32.44082774
1203.000000	29.47855149
1205.000000	-6.36880544
1207.000000	-16.41363660
1209.000000	38.24953904
1211.000000	9.46230059
1213.000000	14.73384465
1215.000000	68.73553545
1217.000000	-9.75027750
1219.000000	-97.09759542
1221.000000	-17.79765361
1223.000000	11.90681000
1225.000000	-75.21260784
1227.000000	6.46874864
1229.000000	-18.59984363
1231.000000	24.10010865
1233.000000	6.63472418
1235.000000	43.57973199
1237.000000	6.11869886
1239.000000	59.45876766
1241.000000	25.50330043
1243.000000	46.85457831
1245.000000	-91.58313673
1247.000000	98.60090487
1248.000000	36.39365070
1249.000000	72.03253733
1250.000000	34.44008000
1251.000000	23.57260814
1252.000000	92.71461040
1253.000000	-16.57764562
1254.000000	-79.40957768
1255.000000	3.02085203
1256.000000	-7.20330892
1257.000000	19.61636228
1258.000000	-11.94569632
1259.000000	-1.89943930
1260.000000	76.98667735
1261.000000	76.65973125
1262.000000	-43.08374402
1263.000000	20.10488171
1264.000000	-14.90420515
1265.000000	-2.99011530
1266.000000	2.83961127
1267.000000	63.34054586
1268.000000	-8.10291729
1269.000000	35.63450629
1270.000000	-7.71989986
1271.000000	62.84640040
1272.000000	30.91145614
1273.000000	-45.01569878
1274.000000	-80.70509165
1275.000000	5.01421410
1276.000000	-58.51613556
1277.000000	79.71212734
1278.000000	-49.48809637
1279.000000	-57.58071104
1280.000000	-111.58811919
1281.000000	-43.35244717
1282.000000	-3.64187452
1283.000000	44.33767281
1284.000000	36.13098076
1285.000000	58.92679947
1286.000000	33.05196348
1287.000000	-103.49907349
1288.000000	-104.76047563
1289.000000	9.69013741
1290.000000	-26.31169166
1291.000000	-45.45860541
1292.000000	-44.23604320
1293.000000	-9.83758721
1294.000000	-9.39503783
1295.000000	24.25850361
1296.000000	-21.56533902
1297.000000	29.85736071
1298.000000	59.48475014
1299.000000	40.04264094
1300.000000	26.02755950
1301.000000	-62.47294612
1302.000000	-88.06812219
1303.000000	29.55671549
1304.000000	-137.32543117
1305.000000	45.61780934
1306.000000	-63.57842773
1307.000000	-44.57736354
1308.000000	121.15578277
1309.000000	-43.84590828
1310.000000	52.51251024
1311.000000	3.14755311
1312.000000	-18.52587695
1313.000000	-113.33089924
1314.000000	-59.68108201
1315.000000	-31.67756698
1316.000000	-0.04662751
1317.000000	69.71958115
1318.000000	24.53724808
1319.000000	107.56644003
1320.000000	80.12265734
1321.000000	8.63129510
1322.000000	18.63754643
1323.000000	2.73595354
1324.000000	-31.30087526
1325.000000	-4.34852511
1326.000000	-4.87937690
1327.000000	36.78132546
1328.000000	-36.57240901
1329.000000	46.22343056
1330.000000	-0.86193735
1331.000000	61.56570183
1332.000000	5.85662550
1333.000000	-47.22641700
1334.000000	-27.22341709
1335.000000	28.66126467
1336.000000	-59.47046644
1337.000000	-86.66656323
1338.000000	-57.02505533
1339.000000	-25.15128550
1340.000000	5.96723650
1341.000000	-19.71753473
1342.000000	-29.23263117
1343.000000	56.45143415
1344.000000	35.71065332
1345.000000	-96.09826442
1346.000000	-16.68898370
1347.000000	0.69662506
1348.000000	-11.07338291
1349.000000	-13.88697674
1350.000000	-133.53228331
1351.000000	-1.86103038
1352.000000	12.65659865
1353.000000	13.12568433
1354.000000	-11.44567726
1355.000000	-30.80998029
1356.000000	-84.16994159
1357.000000	-67.04052930
1358.000000	51.39010384
1359.000000	28.94675039
1360.000000	57.52548327
1361.000000	-22.28352211
1362.000000	43.11630283
1363.000000	68.15735034
1364.000000	-12.19130903
1365.000000	10.83834718
1366.000000	21.08178775
1367.000000	-23.56852617
1368.000000	50.36388483
1369.000000	-40.69199048
1370.000000	-36.91574092
1371.000000	15.09547240
1372.000000	8.87723862
1373.000000	55.74026972
1374.000000	78.96177640
1375.000000	19.96883240
1376.000000	0.18964784
1377.000000	-97.31019169
1378.000000	-43.48731156
1379.000000	-23.10505061
1380.000000	-61.26685171
1381.000000	-43.91052821
1382.000000	-2.65266276
1383.000000	16.46447030
1384.000000	77.05182901
1385.000000	7.47339270
1386.000000	-4.90123737
1387.000000	-21.02005900
1388.000000	-41.62136732
1389.000000	-83.01693094
1390.000000	-71.47576394
1391.000000	-46.07661349
1392.000000	-22.63103364
1393.000000	-5.83150696
1394.000000	-20.21111069
1395.000000	-11.49861364
1396.000000	21.07983569
1397.000000	-15.34127794
1398.000000	-50.52636528
1399.000000	43.04127081
1400.000000	52.29040076
1401.000000	25.09224480
1402.000000	-15.77076018
1403.000000	54.67287815
1404.000000	-37.36466249
1405.000000	-19.38827380
1406.000000	9.42812817
1407.000000	-18.65598771
1408.000000	45.91552003
1409.000000	26.68432036
1410.000000	7.80197326
1411.000000	57.87623839
1412.000000	-64.64517259
1413.000000	-10.39426401
1414.000000	-92.94133612
1415.000000	22.46449768
1416.000000	-109.16550715
1417.000000	1.60946762
1418.000000	37.30803223
1419.000000	-3.94611625
1420.000000	-11.68684695
1421.000000	26.03537481
1422.000000	-58.27395281
1423.000000	-73.84663363
1424.000000	-11.56617189
1425.000000	-35.09546332
1426.000000	127.80090822
1427.000000	18.92966672
1428.000000	33.45442166
1429.000000	83.56400737
1430.000000	-4.36235098
1431.000000	-131.54521752
1432.000000	-8.14047976
1433.000000	-2.55468956
1434.000000	-71.62166591
1435.000000	-63.32104791
1436.000000	-103.70349113
1437.000000	-37.97868377
1438.000000	-19.49918579
1439.000000	-13.20196987
1440.000000	13.55895759
1441.000000	-36.06844006
1442.000000	-17.40391031
1443.000000	-7.88234551
1444.000000	24.56851998
1445.999000	2.26221268
1446.999000	54.34080073
1447.999000	-68.03087298
1448.999000	80.81272343
1449.999000	-62.77277499
1450.999000	-10.82983804
1451.999000	86.50308753
1452.999000	42.87283532
1453.999000	-50.78739000
1454.999000	14.96944907
1455.999000	-38.03374456
1456.999000	27.06523841
1457.999000	-31.97308444
1458.999000	-63.86374807
1459.999000	61.53842277
1460.999000	-85.13344685
1461.999000	-93.63521410
1462.999000	28.63126044
1463.999000	-24.01848384
1464.999000	0.51308566
1465.999000	40.08066205
1466.999000	-61.67037917
1467.999000	67.04352088
1468.999000	0.68691462
1469.999000	51.35748501
1470.999000	48.65664364
1471.999000	-38.13834702
1472.999000	35.18308378
1473.999000	88.73850826
1474.999000	11.24597700
1475.999000	56.27008039
1476.999000	37.98316621
1477.999000	47.36788894
1478.999000	5.45919458
1479.999000	51.05301272
1480.999000	3.80645403
1481.999000	31.88562884
1482.999000	-22.87005715
1483.999000	-83.27978042
1484.999000	36.56590185
1485.999000	120.97715188
1486.999000	-30.98518777
1487.999000	-22.54930556
1488.999000	-40.39595738
1489.999000	59.58613896
1490.999000	-5.79991371
1491.999000	27.00023798
1492.999000	4.37941127
1493.999000	-26.22295324
1494.999000	-52.55691736
1495.999000	-49.26364467
1496.999000	-33.32579038
1497.999000	14.72924663
1498.999000	-1.56987030
1499.999000	0.44586944
1500.999000	18.19903183
1501.999000	55.80700631
1502.999000	54.46257233
1503.999000	47.10985523
1504.999000	95.60347503
1505.999000	-33.54734844
1506.999000	-42.35959291
1507.999000	-30.37889142
1508.999000	57.58158027
1509.999000	11.64317753
1510.999000	-77.48090697
1511.999000	42.76766146
1512.999000	30.77286568
1513.999000	15.00291336
1514.999000	90.42074016
1515.999000	-34.78756198
1516.999000	-38.67642826
1517.999000	30.70050291
1518.999000	-59.01837785
1519.999000	-16.04776146
1520.999000	21.41408347
1521.999000	-22.93251805
1522.999000	53.59179604
1523.999000	49.63252259
1524.999000	37.04283437
1525.999000	7.86449424
1526.999000	86.40952515
1527.999000	-3.46748819
1528.999000	-46.67473940
1529.999000	-25.95274681
1530.999000	-13.43833262
1531.999000	-40.05914736
1532.999000	-76.38707139
1533.999000	36.48320676
1534.999000	-101.89209987
1535.999000	8.44641962
1536.999000	44.84321299
1537.999000	-43.21001937
1538.999000	-17.95464815
1539.999000	18.25419159
1540.999000	36.98803916
1541.999000	24.87967470
1542.999000	41.52776328
1543.999000	1.21773120
1544.999000	-61.84351594
1545.999000	-51.66707615
1546.999000	67.97898200
1547.999000	27.06343007
1548.999000	1.07979965
1549.999000	56.70502849
1550.999000	-12.21029401
1551.999000	6.86518871
1552.999000	11.47117574
1553.999000	-54.97487905
1554.999000	27.72483797
1555.999000	76.92613339
1556.999000	-82.69624184
1557.999000	47.39465057
1558.999000	26.13747277
1559.999000	79.69537449
1560.999000	-25.08809480
1561.999000	-10.95349839
1562.999000	31.16407896
1563.999000	12.06770208
1564.999000	-27.33842438
1565.999000	42.24116367
1566.999000	-47.80251463
1567.999000	-101.58090770
1568.999000	-27.41594920
1569.999000	-98.38961500
1570.999000	39.82634435
1571.999000	-46.65679958
1572.999000	27.39550678
1573.999000	3.87181133
1574.999000	-44.40401931
1575.999000	-32.51660787
1576.999000	-1.75159559
1577.999000	-94.57713937
1578.999000	4.64657934
1579.999000	-2.29965031
1580.999000	49.68502534
1581.999000	2.69145534
1582.999000	-63.03386476
1583.999000	65.26311753
1584.999000	-73.50694516
1585.999000	24.30862019
1586.999000	79.83376919
1587.999000	47.55566146
1588.999000	-68.88956484
1589.999000	23.91752235
1590.999000	-108.85622102
1591.999000	15.28483115
1592.999000	10.40602868
1593.999000	13.76510407
1594.999000	-23.57858438
1595.999000	59.48344010
1596.999000	-30.33846440
1597.999000	-104.60752735
1598.999000	72.89711197
1599.999000	61.61172843
1600.999000	-23.88309827
1601.999000	37.26584845
1602.999000	31.80889108
1603.999000	-21.91815261
1604.999000	56.40017094
1605.999000	-38.73758743
1606.999000	1.03317882
1607.999000	-41.24697569
1608.999000	112.37110812
1609.999000	-8.26770525
1610.999000	-46.89769884
1611.999000	-14.24094204
1612.999000	-1.43211951
1613.999000	63.49081030
1614.999000	8.48289748
1615.999000	-48.60141679
1616.999000	-44.67472057
1617.999000	67.29522568
1618.999000	8.23971254
1619.999000	-28.26677798
1620.999000	-45.95239012
1621.999000	22.34925365
1622.999000	-27.04346614
1623.999000	-3.38939613
1624.999000	14.81893102
1625.999000	-52.25939075
1626.999000	-17.08969541
1627.999000	-14.12866788
1628.999000	97.30473158
1629.999000	-23.38203566
1630.999000	22.36054165
1631.999000	-32.24906882
1632.999000	-94.26782419
1633.999000	59.65090876
1634.999000	-26.73082254
1635.999000	2.79862775
1636.999000	39.97132813
1637.999000	17.96423424
1638.999000	-0.32212561
1639.999000	-114.17640791
1640.999000	-18.32226791
1641.999000	-62.24403973
1642.999000	66.49012667
1643.999000	-89.77355567
1644.999000	-12.59656455
1645.999000	-27.37973977
1646.999000	-22.43265246
1647.999000	23.13751688
1648.999000	-52.48769527
1649.999000	54.48664247
1650.999000	22.11651742
1651.999000	53.02456172
1652.999000	53.53021310
1653.999000	69.62127065
1654.999000	-7.12451608
1655.999000	-1.94202880
1656.999000	38.56208827
1657.999000	-52.10831225
1658.999000	-27.62741550
1659.999000	-13.34702975
1660.999000	-3.58708506
1661.999000	57.98321341
1662.999000	13.82523676
1663.999000	-44.83719262
1664.999000	59.65108253
1665.999000	-12.20792937
1666.999000	-28.61722100
1667.999000	8.82820642
1668.999000	5.14872630
1669.999000	49.20589910
1670.999000	38.26627592
1671.999000	6.53951351
1672.999000	-38.59774738
1673.999000	84.12357656
1674.999000	39.59013154
1675.999000	-105.38229854
1676.999000	30.85968730
1677.999000	-13.94856033
1678.999000	63.50519998
1679.999000	-49.56146531
1680.999000	-17.91291063
1681.999000	56.49646008
1682.999000	1.67402155
1683.999000	82.27600011
1684.999000	15.70185846
1685.999000	-27.72826006
1686.999000	-114.29405996
1687.999000	83.12838934
1688.999000	13.72815581
1689.999000	28.67353527
1690.999000	71.74577954
1691.999000	-34.94977657
1692.999000	20.11200147
1693.999000	73.75285745
1694.999000	-0.57338785
1695.999000	-54.18370459
1696.999000	-14.06076511
1697.999000	4.43887674
