# F(k,t) correlation function
# Reference time: 1406.001 ps
# lag_time_ps	F(k,t)
1.000000	87.73094012
3.000000	-62.16208935
5.000000	41.61498880
7.000000	52.97061315
9.000000	-17.12750148
11.000000	68.33944995
13.000000	-16.84318366
15.000000	24.38976874
17.000000	52.16666778
19.000000	21.30113700
21.000000	3.90464147
23.000000	33.28800309
25.000000	32.94098352
27.000000	-54.34209806
29.000000	-55.72040979
31.000000	-42.44566773
33.000000	-43.64846469
35.000000	-58.20191105
37.000000	13.23018761
39.000000	-7.48592603
41.000000	-60.17170485
43.000000	-13.14038997
45.000000	-23.06479196
47.000000	-23.74215701
49.000000	-64.37726255
51.000000	-5.79410525
53.000000	-80.30960632
55.000000	-51.82810332
57.000000	9.76619320
59.000000	-33.91827983
61.000000	112.94982695
63.000000	-14.30991248
65.000000	24.62906327
67.000000	60.10173677
69.000000	-9.83891415
71.000000	-27.16407697
73.000000	4.30464013
75.000000	-14.49232570
77.000000	-37.27290758
79.000000	57.68237028
81.000000	21.30994064
83.000000	-50.91119067
85.000000	-14.16905611
87.000000	43.80446634
89.000000	62.68660357
91.000000	-40.87562841
93.000000	-7.41900357
95.000000	-0.14553751
97.000000	29.55814858
99.000000	-112.52614506
101.000000	1.90416324
103.000000	38.57739714
105.000000	12.66442647
107.000000	11.42877745
109.000000	-22.58317714
111.000000	36.80355274
113.000000	-4.74684196
115.000000	42.11816946
117.000000	104.04616715
119.000000	-105.19025461
121.000000	58.72618915
123.000000	-16.32139437
125.000000	26.73039510
127.000000	-76.45803515
129.000000	-38.14679936
131.000000	-24.00144387
133.000000	123.62118238
135.000000	34.04475297
137.000000	10.21026144
139.000000	-75.18280504
141.000000	-16.69380613
143.000000	77.76585143
145.000000	-20.29020313
147.000000	38.71174818
149.000000	13.65806520
151.000000	11.93868966
153.000000	2.39320485
155.000000	-122.99569702
157.000000	53.80376952
159.000000	-90.72192087
161.000000	39.52203218
163.000000	-7.81158398
165.000000	-50.03732366
167.000000	-45.22194607
169.000000	25.11870173
171.000000	-47.65282123
173.000000	20.26795068
175.000000	32.18980204
177.000000	-64.10482551
179.000000	40.66061334
181.000000	64.98216154
183.000000	-46.36219448
185.000000	-96.77593636
187.000000	-33.20951795
189.000000	93.48076892
191.000000	-82.90381924
193.000000	12.36879410
195.000000	-33.39511941
197.000000	54.36595849
199.000000	-44.71696159
201.000000	30.05001020
203.000000	3.10200164
205.000000	-1.86231019
207.000000	-48.38870185
209.000000	-16.49664238
211.000000	8.28124743
213.000000	52.24327765
215.000000	103.39232479
217.000000	-23.79788625
219.000000	77.21461130
221.000000	-23.78631445
223.000000	12.57019302
225.000000	-34.45995460
227.000000	-16.64323100
229.000000	-5.67415523
231.000000	-19.64585114
233.000000	-121.13267129
235.000000	-13.45274799
237.000000	-34.37518453
239.000000	-26.28430703
241.000000	11.73063077
243.000000	-115.92045688
245.000000	42.14711928
247.000000	27.83369914
249.000000	-10.56917024
251.000000	52.96839456
253.000000	0.82457235
255.000000	68.58293679
257.000000	79.15573789
259.000000	-6.64140261
261.000000	17.85791785
263.000000	24.41839283
265.000000	-1.20204603
267.000000	32.79639083
269.000000	80.52129320
271.000000	79.51453566
273.000000	106.03837760
275.000000	78.88005652
277.000000	34.25025159
279.000000	55.25107459
281.000000	33.01636074
283.000000	-1.66219309
285.000000	25.51410196
287.000000	0.11388773
289.000000	-41.91655714
291.000000	17.60523737
293.000000	98.32256054
295.000000	30.15510426
297.000000	48.65859717
299.000000	-18.04174403
301.000000	-39.52588276
303.000000	-41.98653533
305.000000	3.35707039
307.000000	34.73496513
309.000000	-22.75165413
311.000000	-9.03508392
313.000000	-23.86210997
315.000000	-15.63445603
317.000000	16.19769939
319.000000	24.60691230
321.000000	53.56454683
323.000000	-24.00520957
325.000000	-14.34442125
327.000000	-2.42458734
329.000000	13.13700851
331.000000	11.47583351
333.000000	3.64676597
335.000000	21.53057947
337.000000	-10.75392829
339.000000	64.26126514
341.000000	-7.05758929
343.000000	25.62594981
345.000000	-62.57856463
347.000000	-1.81062116
349.000000	-3.05757967
351.000000	-50.21644091
353.000000	-34.67885176
355.000000	35.28940616
357.000000	-17.80442357
359.000000	-12.52899676
361.000000	17.95418919
363.000000	-41.00014442
365.000000	44.49733501
367.000000	41.97270344
369.000000	-110.20869037
371.000000	48.33533875
373.000000	-142.49351248
375.000000	58.67728054
377.000000	39.68105009
379.000000	69.95007090
381.000000	44.56885095
383.000000	35.04481977
385.000000	-37.50296283
387.000000	45.11693652
389.000000	27.71232904
391.000000	10.71032145
393.000000	44.05094836
395.000000	29.59359831
397.000000	63.59097195
399.000000	7.05125981
401.000000	3.30483835
403.000000	49.23173702
405.000000	-3.74743176
407.000000	-25.94948376
409.000000	13.96433591
411.000000	-3.84418788
413.000000	-52.30114989
415.000000	-57.59118250
417.000000	-42.85522711
419.000000	16.57563070
421.000000	-27.10041726
423.000000	32.17121045
425.000000	18.09601108
427.000000	-28.46611562
429.000000	48.80342352
431.000000	-14.13391662
433.000000	-74.56404989
435.000000	35.33332959
437.000000	-12.02243230
439.000000	-71.22235090
441.000000	30.29148307
443.000000	-15.09742420
444.000000	-8.77850572
445.000000	108.75390479
446.000000	36.84020644
447.000000	-39.80525615
448.000000	-11.02055461
449.000000	74.59849623
450.000000	65.16375271
451.000000	57.75721342
452.000000	-36.41929112
453.000000	83.68215665
454.000000	69.24869485
455.000000	-15.12838388
456.000000	9.35855652
457.000000	-29.21054952
458.000000	-57.66931076
459.000000	-33.44442085
460.000000	33.47187229
461.000000	-10.44561089
462.000000	-22.72736628
463.000000	-12.91637929
464.000000	24.76058673
465.000000	26.56429488
466.000000	-68.17360158
467.000000	-105.61963232
468.000000	-63.53712680
469.000000	-40.25864303
470.000000	55.14706087
471.000000	79.02198781
472.000000	84.03317619
473.000000	2.93354721
474.000000	-10.49106628
475.000000	69.25883171
476.000000	-21.69053167
477.000000	44.91783279
478.000000	-26.84077115
479.000000	-87.07293238
480.000000	-36.67740452
481.000000	41.40313363
482.000000	-32.11696923
483.000000	-29.04494309
484.000000	9.11566014
485.000000	33.05585139
486.000000	-69.17623217
487.000000	-34.87568480
488.000000	70.53436254
489.000000	-54.88124797
490.000000	71.33528674
491.000000	48.18791482
492.000000	-36.16125648
493.000000	11.66781941
494.000000	-52.29199319
495.000000	17.88311762
496.000000	78.57462651
497.000000	-47.92536429
498.000000	-15.46649472
499.000000	91.77051358
500.000000	49.63979199
501.000000	67.30140190
502.000000	46.60300163
503.000000	5.49199854
504.000000	12.11723164
505.000000	-18.43079145
506.000000	-12.49329277
507.000000	-1.95319845
508.000000	48.61470290
509.000000	16.26413666
510.000000	-49.06904421
511.000000	9.39535942
512.000000	-0.01302066
513.000000	16.44462330
514.000000	-10.50632639
515.000000	66.12485726
516.000000	14.15687732
517.000000	52.27441266
518.000000	11.69918527
519.000000	54.75327273
520.000000	28.26868456
521.000000	-72.47150396
522.000000	82.38510647
523.000000	12.43843165
524.000000	-28.49020822
525.000000	-35.80885945
526.000000	-24.36060866
527.000000	47.54251796
528.000000	109.29941908
529.000000	14.26740192
530.000000	30.48813253
531.000000	-87.64525915
532.000000	-11.57624759
533.000000	34.69044347
534.000000	22.99375151
535.000000	-50.34561041
536.000000	50.09018509
537.000000	-60.75650295
538.000000	-57.18881081
539.000000	-0.12021874
540.000000	-54.27219721
541.000000	-12.91556620
542.000000	-60.56137382
543.000000	-5.39218570
544.000000	9.02164028
545.000000	-16.37041400
546.000000	-1.01030003
547.000000	-47.28988306
548.000000	53.64780293
549.000000	54.40655044
550.000000	-43.72523876
551.000000	33.11284922
552.000000	-46.92527168
553.000000	0.48683956
554.000000	37.94844510
555.000000	-73.44602915
556.000000	-57.40008838
557.000000	69.92045885
558.000000	30.07127140
559.000000	13.22371474
560.000000	7.85302192
561.000000	-21.73728977
562.000000	-14.53569736
563.000000	5.24825334
564.000000	7.51632470
565.000000	-77.16623413
566.000000	-87.29008256
567.000000	7.83336713
568.000000	143.53828661
569.000000	6.47316002
570.000000	18.42021202
571.000000	15.01920673
572.000000	-86.65979509
573.000000	13.88099891
574.000000	-1.31114589
575.000000	57.39892077
576.000000	-41.99519316
577.000000	17.92256430
578.000000	2.27462833
579.000000	-35.65412965
580.000000	-5.14742486
581.000000	-7.60718907
582.000000	-123.22954605
583.000000	-5.01375342
584.000000	102.06073034
585.000000	-60.11297683
586.000000	-15.45740493
587.000000	-29.65992553
588.000000	-23.97452004
589.000000	-33.64232307
590.000000	127.65920249
591.000000	51.14437307
592.000000	25.89095703
593.000000	38.93085061
594.000000	-54.82271035
595.000000	-7.07449825
596.000000	-1.57196946
597.000000	-39.80091124
598.000000	-39.12326714
599.000000	24.56889816
600.000000	101.92161562
601.000000	-60.26621300
602.000000	52.64423247
603.000000	-40.68540099
604.000000	-88.96886502
605.000000	4.28847958
606.000000	-41.75734277
607.000000	15.06321661
608.000000	-143.38725378
609.000000	-19.56135334
610.000000	-5.43553456
611.000000	-27.14153267
612.000000	-31.56522767
613.000000	7.69321232
614.000000	-17.94636277
615.000000	-5.80175783
616.000000	39.65081007
617.000000	-26.56152180
618.000000	-42.93897370
619.000000	-13.17841429
620.000000	3.10674582
621.000000	-113.30847497
622.000000	-22.91566091
623.000000	-45.15230684
624.000000	-62.62700996
625.000000	59.60939234
626.000000	0.38903890
627.000000	58.84152631
628.000000	-80.99394551
629.000000	27.25538928
630.000000	76.22651094
631.000000	-3.42533157
632.000000	117.47327736
633.000000	-21.39772057
634.000000	-59.19131782
635.000000	-40.11848896
636.000000	-141.78724901
637.000000	18.61916310
638.000000	26.80942734
639.000000	-19.69852360
640.000000	-96.69243349
641.999000	-41.53730039
642.999000	-105.04989439
643.999000	-43.91836165
644.999000	22.42568366
645.999000	14.41580425
646.999000	-19.11050803
647.999000	13.29490175
648.999000	39.55415252
649.999000	77.24211850
650.999000	37.77424641
651.999000	35.73082116
652.999000	56.44201836
653.999000	49.75963953
654.999000	1.62750388
655.999000	50.03440766
656.999000	18.95718112
657.999000	-14.56705323
658.999000	-110.27071415
659.999000	-29.56222349
660.999000	-8.31868965
661.999000	12.73116073
662.999000	12.37884140
663.999000	-2.80256652
664.999000	57.43234530
665.999000	-51.15973947
666.999000	-42.99690929
667.999000	-56.15537758
668.999000	-51.73829446
669.999000	-61.25295884
670.999000	-45.23168458
671.999000	11.54687290
672.999000	56.72290231
673.999000	-8.73753048
674.999000	-70.04188426
675.999000	-86.84175056
676.999000	-15.55972958
677.999000	1.27125152
678.999000	2.12259627
679.999000	36.31656179
680.999000	-38.09751149
681.999000	-60.37416572
682.999000	23.79595497
683.999000	-47.06188556
684.999000	36.67593900
685.999000	110.53463962
686.999000	92.73920574
687.999000	20.53567318
688.999000	-13.81884736
689.999000	13.52144689
690.999000	46.86999034
691.999000	-21.70472655
692.999000	115.07349017
693.999000	20.26087267
694.999000	99.16374542
695.999000	-133.79748587
696.999000	-68.65835074
697.999000	9.35806545
698.999000	33.15023592
699.999000	-52.40550483
700.999000	36.95202091
701.999000	-21.87927674
702.999000	33.80016246
703.999000	103.57556061
704.999000	9.98818398
705.999000	5.91962370
706.999000	-82.25809120
707.999000	84.14125636
708.999000	11.25312447
709.999000	-33.45481797
710.999000	-3.41101776
711.999000	26.65700388
712.999000	-6.97390591
713.999000	54.17585969
714.999000	16.01507613
715.999000	-29.83175500
716.999000	71.09436428
717.999000	2.91300953
718.999000	26.44625971
719.999000	130.79253686
720.999000	77.47630500
