# F(k,t) correlation function
# Reference time: 1607.001 ps
# lag_time_ps	F(k,t)
0.000000	487.23821540
2.000000	-12.00029997
4.000000	39.95070003
6.000000	-76.79381018
8.000000	-38.54036620
10.000000	-64.35855871
12.000000	-12.64811399
14.000000	40.33334512
16.000000	24.03818802
18.000000	-44.81119137
20.000000	-70.98965633
22.000000	34.44142174
24.000000	-75.53092854
26.000000	67.74667422
28.000000	-51.02838211
30.000000	18.17193629
32.000000	-2.70527134
34.000000	-50.63367840
36.000000	-36.83958922
38.000000	16.15777605
40.000000	-36.69854395
42.000000	-19.96649887
44.000000	-28.05586919
46.000000	18.19307011
48.000000	12.72851925
50.000000	-64.18925754
52.000000	-29.85581067
54.000000	89.34427649
56.000000	-18.01626954
58.000000	42.14390889
60.000000	20.04405702
62.000000	-39.40507891
64.000000	-9.17223046
66.000000	-70.40962829
68.000000	93.59290864
70.000000	59.96558877
72.000000	-89.96387193
74.000000	100.20810507
76.000000	-34.59745599
78.000000	-58.23057507
80.000000	-87.60245982
82.000000	14.56134610
84.000000	58.57663380
86.000000	85.27510457
88.000000	31.37249551
90.000000	76.21839402
92.000000	66.25317160
94.000000	7.22591683
96.000000	-1.67242217
98.000000	-3.85082125
100.000000	-35.93804598
102.000000	95.38487977
104.000000	31.75181388
106.000000	113.63442684
108.000000	-14.95882406
110.000000	-107.44860743
112.000000	15.97684764
114.000000	-81.19860964
116.000000	5.22613638
118.000000	-41.39042955
120.000000	30.07434894
122.000000	3.55900368
124.000000	13.87323227
126.000000	91.97424865
128.000000	-55.46718461
130.000000	-75.80616185
132.000000	-153.18300479
134.000000	-61.57326767
136.000000	12.73205269
138.000000	6.15543262
140.000000	-16.74505007
142.000000	-20.06461994
144.000000	38.24225391
146.000000	61.12490913
148.000000	-25.68961839
150.000000	-67.65997536
152.000000	-34.57974665
154.000000	-77.84795326
156.000000	-2.03097397
158.000000	-18.38243223
160.000000	-36.26270360
162.000000	-107.76098124
164.000000	-15.51474983
166.000000	1.68059171
168.000000	55.39975417
170.000000	27.43137748
172.000000	25.85589195
174.000000	-42.65116698
176.000000	-35.12308433
178.000000	83.35788210
180.000000	7.30891431
182.000000	-36.06338087
184.000000	38.52631204
186.000000	-28.32755627
188.000000	-23.66021545
190.000000	-51.93963822
192.000000	54.20686874
194.000000	-27.46220300
196.000000	43.25391090
198.000000	22.60655950
200.000000	-23.60282444
202.000000	-97.72650353
204.000000	6.55614463
206.000000	-149.37788462
208.000000	5.31432634
210.000000	-22.58683038
212.000000	-70.24563667
214.000000	37.32910686
216.000000	-26.53678279
218.000000	-1.24898370
220.000000	68.05195378
222.000000	7.67582333
224.000000	-72.94195993
226.000000	5.71597892
228.000000	-7.76214472
230.000000	-3.16105267
232.000000	-18.04446712
234.000000	10.67997793
236.000000	78.92143627
238.000000	23.27185769
240.000000	48.74351298
242.000000	-72.35921057
243.000000	10.25633332
244.000000	-24.23916052
245.000000	-17.51748770
246.000000	44.19305052
247.000000	-46.87944175
248.000000	38.57048150
249.000000	19.04728149
250.000000	-89.08993414
251.000000	31.37251280
252.000000	23.84420731
253.000000	89.38517407
254.000000	57.70106650
255.000000	-51.50471939
256.000000	-15.74821562
257.000000	-37.03423214
258.000000	61.64050861
259.000000	17.18655092
260.000000	14.82295758
261.000000	-59.46832952
262.000000	-103.32240182
263.000000	88.81176249
264.000000	-6.82984589
265.000000	-13.26565233
266.000000	80.16913791
267.000000	61.51837961
268.000000	-135.96512921
269.000000	-13.47480773
270.000000	-100.28065760
271.000000	-45.17269040
272.000000	-4.62015765
273.000000	-51.07189298
274.000000	-17.15804938
275.000000	-31.66329443
276.000000	21.39546613
277.000000	83.49852592
278.000000	116.60094809
279.000000	20.59252985
280.000000	-38.25587050
281.000000	-37.98090174
282.000000	15.69053432
283.000000	119.17359162
284.000000	70.10501500
285.000000	-92.91708558
286.000000	21.87274205
287.000000	-15.63479716
288.000000	62.98153524
289.000000	8.00133739
290.000000	48.84101614
291.000000	-61.20487879
292.000000	-20.07535564
293.000000	-68.72607257
294.000000	-8.95626467
295.000000	71.58383061
296.000000	52.21491986
297.000000	-24.94091019
298.000000	-19.85120150
299.000000	20.89311596
300.000000	-139.95541165
301.000000	61.65332224
302.000000	-37.21103522
303.000000	28.29363682
304.000000	33.79893144
305.000000	-39.16204973
306.000000	-7.05702211
307.000000	-14.29044330
308.000000	-30.42374649
309.000000	-40.35828650
310.000000	11.90079848
311.000000	29.74210752
312.000000	-42.57487848
313.000000	16.97184750
314.000000	-41.68057775
315.000000	-22.41133110
316.000000	47.46316224
317.000000	92.93581845
318.000000	-40.83993918
319.000000	6.78043970
320.000000	-29.55018663
321.000000	-32.34245167
322.000000	-3.42261373
323.000000	-40.18480328
324.000000	46.91774162
325.000000	-20.55658891
326.000000	22.80492906
327.000000	-30.80920566
328.000000	93.25443032
329.000000	19.62016566
330.000000	17.71652426
331.000000	43.43660069
332.000000	30.81110151
333.000000	-13.33784605
334.000000	-8.64058629
335.000000	-8.22402135
336.000000	79.22047112
337.000000	30.89643967
338.000000	-39.53611001
339.000000	-26.75509226
340.000000	55.37831400
341.000000	12.31222991
342.000000	-57.65768379
343.000000	4.13436167
344.000000	3.28930149
345.000000	10.63940851
346.000000	-72.58803478
347.000000	-52.37483436
348.000000	49.54708202
349.000000	-61.21962931
350.000000	62.19888824
351.000000	-75.45665623
352.000000	-13.23918501
353.000000	42.96633834
354.000000	-49.93494630
355.000000	33.86081730
356.000000	38.04528810
357.000000	-63.48513242
358.000000	-43.29333880
359.000000	-12.69504690
360.000000	-22.40510669
361.000000	-52.79427990
362.000000	27.18065100
363.000000	-19.42996762
364.000000	-3.15923921
365.000000	31.21026743
366.000000	12.90208799
367.000000	-16.57626378
368.000000	101.82999730
369.000000	-18.27122808
370.000000	-39.49324656
371.000000	-46.47118128
372.000000	35.54589445
373.000000	124.42426669
374.000000	57.02366257
375.000000	-69.69583470
376.000000	-73.47455425
377.000000	51.12001627
378.000000	-4.09154451
379.000000	48.33305398
380.000000	23.12937270
381.000000	-18.26465842
382.000000	32.26693762
383.000000	-2.63302835
384.000000	-28.75155535
385.000000	0.88390352
386.000000	58.85952468
387.000000	43.02483813
388.000000	62.67796241
389.000000	91.51369488
390.000000	37.95410295
391.000000	28.07897080
392.000000	45.26667872
393.000000	25.28410463
394.000000	61.94563342
395.000000	-97.34047898
396.000000	-23.64379057
397.000000	-54.53774712
398.000000	18.07077481
399.000000	14.97743916
400.000000	-26.77905766
401.000000	-18.35379076
402.000000	-49.76443170
403.000000	4.78823327
404.000000	-80.70502136
405.000000	-15.46701691
406.000000	26.86454867
407.000000	-7.75062267
408.000000	-65.21746409
409.000000	-56.02606024
410.000000	55.10474520
411.000000	-14.01018670
412.000000	-36.07270523
413.000000	-37.26052508
414.000000	17.20299276
415.000000	19.31498305
416.000000	15.39755007
417.000000	-7.47931492
418.000000	-2.06957543
419.000000	53.02201322
420.000000	24.23836421
421.000000	113.40766915
422.000000	60.35444052
423.000000	-100.86664335
424.000000	-24.55897296
425.000000	-22.29784291
426.000000	-28.12467861
427.000000	30.24289873
428.000000	65.60218727
429.000000	118.80687105
430.000000	-54.90742169
431.000000	-10.03913524
432.000000	30.69900566
433.000000	16.92251997
434.000000	45.86704204
435.000000	13.25571167
436.000000	34.39528575
437.000000	-8.93931835
438.000000	19.14352978
439.000000	40.81896637
440.999000	44.06817867
441.999000	12.72071820
442.999000	90.45218047
443.999000	14.19253013
444.999000	18.05084543
445.999000	-67.26720171
446.999000	9.78118628
447.999000	68.77109526
448.999000	-51.19522361
449.999000	-68.31634203
450.999000	-68.45466585
451.999000	53.32067126
452.999000	-0.99747198
453.999000	81.84722069
454.999000	-24.36695992
455.999000	23.43953614
456.999000	-100.03923008
457.999000	33.35317301
458.999000	34.42774634
459.999000	6.00029966
460.999000	-32.02847971
461.999000	2.22062336
462.999000	-32.46001858
463.999000	46.12853831
464.999000	10.59161320
465.999000	-22.65630829
466.999000	-13.61114714
467.999000	-27.47573210
468.999000	40.93477139
469.999000	-52.26607142
470.999000	54.26833182
471.999000	-94.18289779
472.999000	87.16851126
473.999000	-22.30227290
474.999000	21.01501876
475.999000	9.47053039
476.999000	-31.09264679
477.999000	-12.99566498
478.999000	49.06945447
479.999000	-56.74666010
480.999000	-32.18893112
481.999000	-77.04943444
482.999000	70.71150493
483.999000	46.96321107
484.999000	19.28210651
485.999000	80.34821498
486.999000	84.06137057
487.999000	52.36770845
488.999000	-59.54245993
489.999000	82.58806985
490.999000	38.45309806
491.999000	-44.05939836
492.999000	-4.42661162
493.999000	56.21128486
494.999000	13.96389979
495.999000	11.78663619
496.999000	-10.26905258
497.999000	43.15489297
498.999000	15.15074502
499.999000	-47.53576912
500.999000	4.60663838
501.999000	-19.15789387
502.999000	64.72146641
503.999000	4.87583135
504.999000	-16.53131161
505.999000	-27.68640800
506.999000	77.69930537
507.999000	-11.57488104
508.999000	22.84039792
509.999000	-115.44177207
510.999000	1.11312930
511.999000	22.57555872
512.999000	-23.52042262
513.999000	-133.18192055
514.999000	-23.17550040
515.999000	94.57407033
516.999000	16.97501281
517.999000	-11.32414616
518.999000	-18.05150851
519.999000	13.55410290
520.999000	7.30650223
521.999000	42.09062633
522.999000	-60.52434246
523.999000	9.66442264
524.999000	25.45349209
525.999000	20.05103329
526.999000	25.28000587
527.999000	15.82517038
528.999000	34.37654501
529.999000	-100.05791255
530.999000	-27.92259998
531.999000	48.84052922
532.999000	-37.44627109
533.999000	3.66057842
534.999000	-13.83986920
535.999000	-120.99993195
536.999000	17.85849898
537.999000	-60.80383173
538.999000	3.44972317
539.999000	-32.12743325
540.999000	58.29234117
541.999000	-96.68886625
542.999000	-17.01340352
543.999000	-44.65044513
544.999000	-55.14973747
545.999000	25.65741976
546.999000	-4.93550322
547.999000	12.47232547
548.999000	-86.15786842
549.999000	75.04340539
550.999000	-93.00408513
551.999000	-8.69980989
552.999000	40.74212677
553.999000	7.76323598
554.999000	22.67608357
555.999000	-1.37511043
556.999000	-34.58236356
557.999000	-5.55873521
558.999000	-36.72469573
559.999000	65.97598930
560.999000	-13.36419185
561.999000	104.48238618
562.999000	38.99886845
563.999000	-33.45005384
564.999000	54.18010251
565.999000	-25.91249829
566.999000	-6.89695328
567.999000	-32.82954417
568.999000	1.15384240
569.999000	23.82317795
570.999000	104.84367827
571.999000	11.42867654
572.999000	69.48087579
573.999000	-8.06740007
574.999000	-47.73588526
575.999000	-6.37580605
576.999000	37.17924901
577.999000	-3.11721588
578.999000	-91.79442502
579.999000	27.31731843
580.999000	-9.73098006
581.999000	-141.24435743
582.999000	7.78392212
583.999000	75.07920889
584.999000	122.76586002
585.999000	37.68492368
586.999000	-24.49579652
587.999000	83.27555792
588.999000	61.33233752
589.999000	-53.22925994
590.999000	-42.79405667
591.999000	3.02335966
592.999000	-96.16896499
593.999000	-25.92799089
594.999000	-56.88274117
595.999000	13.60209086
596.999000	56.07322806
597.999000	-72.49572826
598.999000	-2.53003422
599.999000	16.97722225
600.999000	-85.21603601
601.999000	41.26975951
602.999000	39.07906540
603.999000	2.68921030
604.999000	-42.43947864
605.999000	2.94432688
606.999000	-110.15470484
607.999000	4.41027242
608.999000	-0.85972099
609.999000	-2.47489008
610.999000	13.44155727
611.999000	86.86705102
612.999000	28.31116886
613.999000	-41.67799336
614.999000	36.12624553
615.999000	-33.22385083
616.999000	195.18838093
617.999000	-18.28858141
618.999000	-8.78807079
619.999000	-37.95545951
620.999000	-86.99813293
621.999000	21.12290552
622.999000	-21.33716479
623.999000	-10.83789709
624.999000	62.07809835
625.999000	36.10180460
626.999000	-9.76138323
627.999000	-55.81701234
628.999000	83.73506035
629.999000	-19.32700449
630.999000	102.78990055
631.999000	42.56554511
632.999000	20.50556007
633.999000	-78.68742215
634.999000	21.12952016
635.999000	6.62570883
636.999000	-0.91140139
637.999000	43.08083094
638.999000	79.97985294
639.999000	-24.75631917
640.999000	-3.78112078
641.999000	36.21778083
642.999000	-63.99171605
643.999000	53.62553131
644.999000	-2.74068305
645.999000	-83.91991246
646.999000	6.65256118
647.999000	-53.06564744
648.999000	18.26135177
649.999000	-23.80701645
650.999000	43.31739416
651.999000	16.17523105
652.999000	28.83980444
653.999000	26.50317580
654.999000	-46.46832667
655.999000	-100.27437610
656.999000	34.37471923
657.999000	46.00434994
658.999000	-32.64502511
659.999000	118.18357093
660.999000	-15.90428879
661.999000	-27.06098228
662.999000	43.45685154
663.999000	-89.55803960
664.999000	-32.84314260
665.999000	91.65617364
666.999000	-42.17572665
667.999000	-84.78506910
668.999000	6.37202223
669.999000	-12.36496694
670.999000	-44.90915787
671.999000	-124.08213162
672.999000	30.21521246
673.999000	36.39452650
674.999000	7.29935491
675.999000	-14.41512649
676.999000	25.43759368
677.999000	98.60300596
678.999000	-13.82211185
679.999000	0.63660847
680.999000	-37.30310801
681.999000	-10.89733378
682.999000	1.14638093
683.999000	-81.71821933
684.999000	3.73080315
685.999000	-58.00492473
686.999000	105.06447568
687.999000	117.08383893
688.999000	23.93474910
689.999000	-31.70168992
690.999000	20.43387195
691.999000	-89.04139274
692.999000	28.80446620
