# F(k,t) correlation function
# Reference time: 803.001 ps
# lag_time_ps	F(k,t)
0.000000	497.87975338
2.000000	45.47016869
4.000000	159.06732470
6.000000	117.76517078
8.000000	-28.13406306
10.000000	-10.87187074
12.000000	140.90608585
14.000000	-22.99459513
16.000000	-11.38064366
18.000000	-46.99859258
20.000000	100.57992121
22.000000	-17.37111989
24.000000	-27.87594722
26.000000	18.00703360
28.000000	29.84548145
30.000000	-34.83491185
32.000000	-16.35399248
34.000000	-92.28976508
36.000000	3.40087473
38.000000	-70.48769720
40.000000	35.33802295
42.000000	-16.20751697
44.000000	-56.93257546
46.000000	8.26967930
48.000000	39.24708960
50.000000	66.58541703
52.000000	35.73204092
54.000000	14.47859094
56.000000	-122.11153189
58.000000	11.64530572
60.000000	22.84036693
62.000000	-16.88642825
64.000000	-75.16436665
66.000000	-16.38597268
68.000000	4.91862195
70.000000	-7.12808615
72.000000	13.46626059
74.000000	42.34046580
76.000000	-28.09740348
78.000000	34.22716185
80.000000	-47.72175296
82.000000	5.80458398
84.000000	25.65645515
86.000000	6.74700418
88.000000	-66.16107467
90.000000	14.39002681
92.000000	61.43242837
94.000000	86.40352378
96.000000	-49.79083361
98.000000	-24.60316609
100.000000	2.16122082
102.000000	-49.02968613
104.000000	-10.22869796
106.000000	18.26801142
108.000000	-81.38270183
110.000000	37.63778854
112.000000	-11.95613550
114.000000	-69.67702759
116.000000	-51.30777178
118.000000	-55.66775982
120.000000	-63.27879270
122.000000	-34.34770091
124.000000	-5.12735615
126.000000	-77.13799885
128.000000	53.86481629
130.000000	0.68218598
132.000000	-92.88316464
134.000000	-51.76542404
136.000000	37.51292953
138.000000	-24.33721728
140.000000	-19.51573240
142.000000	-83.44122091
144.000000	-14.38966380
146.000000	82.39471487
148.000000	-31.04719702
150.000000	73.81919599
152.000000	-93.55363414
154.000000	-21.09097676
156.000000	-18.49769168
158.000000	12.95765650
160.000000	0.46486999
162.000000	17.11783678
164.000000	46.23228092
166.000000	-15.16234051
168.000000	0.97739804
170.000000	-48.98115671
172.000000	17.47936149
174.000000	-114.39425194
176.000000	-1.71454624
178.000000	61.75201621
180.000000	93.91098290
182.000000	85.69342710
184.000000	1.07401785
186.000000	59.21971295
188.000000	-70.54652534
190.000000	50.92520604
192.000000	27.47490529
194.000000	-42.14489179
196.000000	-86.29358722
198.000000	12.08917993
200.000000	35.44524877
202.000000	-18.78453269
204.000000	-27.89068894
206.000000	-34.89336731
208.000000	15.77657771
210.000000	-54.43292722
212.000000	22.17283627
214.000000	1.16634412
216.000000	137.03772739
218.000000	-15.96411179
220.000000	55.75822746
222.000000	-30.50340438
224.000000	65.13290975
226.000000	-10.12458032
228.000000	-86.38246763
230.000000	-51.06861693
232.000000	-19.80624693
234.000000	56.02073685
236.000000	-79.79840274
238.000000	15.10366209
240.000000	-57.79316837
242.000000	-46.03008403
244.000000	-81.31962780
246.000000	-25.61733851
248.000000	-16.83095758
250.000000	3.68062266
252.000000	-11.19597070
254.000000	-59.81964649
256.000000	32.74884831
258.000000	-22.32898709
260.000000	-17.56637593
262.000000	-35.91774784
264.000000	11.55095762
266.000000	-54.22824294
268.000000	-57.33628925
270.000000	-125.91178872
272.000000	-8.61910182
274.000000	-31.78821756
276.000000	-7.50041927
278.000000	-74.40258719
280.000000	30.15772187
282.000000	-13.62781627
284.000000	-39.07347561
286.000000	69.34348797
288.000000	-81.97891542
290.000000	11.28354990
292.000000	25.23321342
294.000000	-18.27747469
296.000000	-28.28171016
298.000000	58.71230672
300.000000	-2.12392682
302.000000	-1.49960960
304.000000	-46.90638884
306.000000	-35.56944947
308.000000	104.32929975
310.000000	-17.92424944
312.000000	72.67262897
314.000000	0.40108229
316.000000	65.02812332
318.000000	-35.18948397
320.000000	-30.02743195
322.000000	21.70999259
324.000000	-0.03908393
326.000000	-66.46897941
328.000000	18.60222610
330.000000	-21.44067076
332.000000	4.04577024
334.000000	22.47629937
336.000000	-48.68124932
338.000000	83.22281782
340.000000	44.17059568
342.000000	19.02960144
344.000000	-24.60582818
346.000000	62.53443947
348.000000	-77.27551389
350.000000	-65.62721566
352.000000	-10.73507028
354.000000	-15.32720439
356.000000	36.27716868
358.000000	74.28125508
360.000000	-54.41334641
362.000000	142.37240988
364.000000	-117.61317781
366.000000	15.42729345
368.000000	-174.34633026
370.000000	-9.64111198
372.000000	60.54911452
374.000000	-20.64879855
376.000000	51.78072554
378.000000	6.12461896
380.000000	-46.73802000
382.000000	-44.70850674
384.000000	99.51603352
386.000000	-30.78918268
388.000000	71.56793055
390.000000	-160.96036123
392.000000	5.75544064
394.000000	-6.29040214
396.000000	25.75548876
398.000000	-58.08411778
400.000000	41.32239989
402.000000	15.82303637
404.000000	45.32999213
406.000000	33.72665993
408.000000	-52.85919438
410.000000	-26.76422801
412.000000	3.57267987
414.000000	56.43639083
416.000000	11.40561474
418.000000	-25.15153498
420.000000	18.98768418
422.000000	-0.77691299
424.000000	63.52252437
426.000000	-21.88804417
428.000000	55.20445760
430.000000	-4.04201106
432.000000	60.28787373
434.000000	-42.42358714
436.000000	-7.95726996
438.000000	-24.01281007
440.000000	-39.36976890
442.000000	-54.98958627
444.000000	129.41178946
446.000000	41.70723339
448.000000	62.30130624
450.000000	-85.34027269
452.000000	9.49351088
454.000000	2.71164165
456.000000	-23.52240340
458.000000	-11.29023194
460.000000	21.51500532
462.000000	42.27636681
464.000000	19.78573641
466.000000	-53.04988961
468.000000	8.66721579
470.000000	-29.98286764
472.000000	-57.64015024
474.000000	-65.06678630
476.000000	89.46120531
478.000000	-34.33307808
480.000000	-13.31551445
482.000000	49.34227749
484.000000	61.80509064
486.000000	59.35028381
488.000000	13.18769361
490.000000	-36.00996997
492.000000	-3.28088385
494.000000	-135.24955888
496.000000	-3.59683582
498.000000	22.97763816
500.000000	-61.74825596
502.000000	-71.73259837
504.000000	81.18630814
506.000000	41.65037547
508.000000	3.08279606
510.000000	-11.67672404
512.000000	96.72346250
514.000000	36.54305368
516.000000	-9.14668004
518.000000	64.85323854
520.000000	-59.20759455
522.000000	-39.00981679
524.000000	-69.31912955
526.000000	8.12954798
528.000000	-53.56361499
530.000000	29.25059046
532.000000	122.10750126
534.000000	-34.13821766
536.000000	82.28452666
538.000000	-15.53139042
540.000000	-56.52816911
542.000000	-35.16503541
544.000000	-11.43377446
546.000000	63.22163917
548.000000	44.39465504
550.000000	52.06216652
552.000000	-93.88928330
554.000000	-4.60716936
556.000000	-58.82737435
558.000000	13.07519764
560.000000	-20.28135889
562.000000	12.03840265
564.000000	37.86460775
566.000000	-6.77278657
568.000000	-20.90741949
570.000000	12.90677229
572.000000	-77.72264615
574.000000	18.71400202
576.000000	38.37022073
578.000000	-77.67767733
580.000000	86.82747526
582.000000	53.06127054
584.000000	38.22197085
586.000000	13.67832021
588.000000	11.37910976
590.000000	-30.01927082
592.000000	-13.86736409
594.000000	33.28270411
596.000000	61.31621244
598.000000	5.25148984
600.000000	46.38674348
602.000000	-16.11371981
604.000000	54.56568869
606.000000	-50.43951804
608.000000	39.98063022
610.000000	-50.30984735
612.000000	-20.04793971
614.000000	-28.46348262
616.000000	-44.07970506
618.000000	42.33323999
620.000000	-69.34676983
622.000000	-6.87832391
624.000000	-28.22550519
626.000000	-22.76472937
628.000000	-50.93833506
630.000000	29.24689142
632.000000	-99.01003279
634.000000	28.21520748
636.000000	68.12507922
638.000000	-48.26127714
640.000000	41.02878225
642.000000	17.52213481
644.000000	18.29898144
646.000000	78.58457893
648.000000	-51.24689253
650.000000	94.92593055
652.000000	78.37383450
654.000000	-0.05917293
656.000000	-87.04893574
658.000000	5.98565334
660.000000	45.60924215
662.000000	106.81481554
664.000000	-24.68196425
666.000000	45.86023594
668.000000	45.33582296
670.000000	17.04277920
672.000000	-21.79257855
674.000000	30.98524062
676.000000	21.28238769
678.000000	-27.30695256
680.000000	16.37933828
682.000000	55.97924951
684.000000	80.35702530
686.000000	71.11028907
688.000000	-22.64768862
690.000000	-55.45396606
692.000000	-72.10555916
694.000000	11.38011181
696.000000	-20.52262185
698.000000	-73.24087416
700.000000	92.98842477
702.000000	185.25510173
704.000000	-6.66346644
706.000000	69.62201628
708.000000	-58.89579971
710.000000	10.23131474
712.000000	-74.40601189
714.000000	-12.44868672
716.000000	-38.07024041
718.000000	-34.57902015
720.000000	34.40922016
722.000000	11.86762915
724.000000	71.16541737
726.000000	-5.48606284
728.000000	75.13251929
730.000000	-38.36828538
732.000000	-56.65015450
734.000000	64.63642420
736.000000	20.88742468
738.000000	-57.44650782
740.000000	85.49592641
742.000000	63.19242209
744.000000	52.90486716
746.000000	-55.92333698
748.000000	-72.00908098
750.000000	-5.87455164
752.000000	67.55442794
754.000000	22.63392227
756.000000	43.42174221
758.000000	16.03258857
760.000000	-1.52532727
762.000000	-24.09098398
764.000000	-143.76335995
766.000000	8.99727612
768.000000	-7.14421435
770.000000	2.24148127
772.000000	-30.76387711
774.000000	-100.03727436
776.000000	-27.59116375
778.000000	-43.48584024
780.000000	29.50081086
782.000000	-79.36676976
784.000000	25.32048348
786.000000	-1.91349178
788.000000	66.61517269
790.000000	72.26899091
792.000000	84.45856898
794.000000	-52.58088186
796.000000	53.08613352
798.000000	7.56110011
800.000000	45.72895311
802.000000	-11.32013675
804.000000	12.54495316
806.000000	-3.82711389
808.000000	-79.38344495
810.000000	-25.12633775
812.000000	4.39343405
814.000000	-58.13346746
816.000000	45.53150121
818.000000	-24.84347629
820.000000	-21.31377987
822.000000	-21.69276853
824.000000	72.77384543
826.000000	-116.28062093
828.000000	-66.66747620
830.000000	29.36949759
832.000000	-56.71497992
834.000000	41.35644959
836.000000	9.61599782
838.000000	17.06429900
840.000000	76.83054582
842.000000	-29.96978466
844.000000	15.77626082
846.000000	-27.33553648
848.000000	43.33798035
850.000000	-34.13447063
852.000000	25.65433010
854.000000	62.33945918
856.000000	-25.72122087
858.000000	-105.77963174
860.000000	69.36764368
862.000000	-34.36057500
864.000000	59.21879378
866.000000	22.60947328
868.000000	-89.18957719
870.000000	-9.37750624
872.000000	-22.78029104
874.000000	-28.53754913
876.000000	57.51594396
878.000000	-36.55561633
880.000000	48.78932143
882.000000	-64.81182619
884.000000	-10.47456700
886.000000	30.64380161
888.000000	35.21866766
890.000000	5.61560592
892.000000	-40.38404870
894.000000	-35.78099344
896.000000	-43.03536406
898.000000	29.97089773
900.000000	-37.33287360
902.000000	-110.40261368
904.000000	97.27521118
906.000000	149.65264999
908.000000	11.30306901
910.000000	9.15687314
912.000000	69.64439086
914.000000	-29.43266838
916.000000	-71.61287166
918.000000	-19.73618315
920.000000	13.03441239
922.000000	-17.12675138
924.000000	32.89603860
926.000000	23.05464565
928.000000	-16.89862748
930.000000	-13.31996026
932.000000	26.59605949
934.000000	51.53679783
936.000000	123.61406744
938.000000	1.96608629
940.000000	-4.14846887
942.000000	6.28704308
944.000000	-7.27266790
946.000000	-0.05975209
948.000000	15.60391417
950.000000	51.88098048
952.000000	-127.53452393
954.000000	107.70386524
956.000000	24.63920321
958.000000	73.39991929
960.000000	22.33998830
962.000000	-33.89660147
964.000000	-46.05062610
966.000000	-42.60260862
968.000000	-35.32333098
970.000000	-32.86409383
972.000000	-56.37891820
974.000000	4.93691147
976.000000	78.66464641
978.000000	-17.65264366
980.000000	-39.13312218
982.000000	27.19860153
984.000000	71.70519105
986.000000	42.36347072
988.000000	-5.63628227
990.000000	4.93662448
992.000000	-49.94203822
994.000000	-10.90065070
996.000000	-7.91018171
998.000000	-6.10017856
1000.000000	130.93946648
1002.000000	12.10190955
1004.000000	60.38134321
1006.000000	-47.30092414
1008.000000	3.95941009
1010.000000	4.19846147
1012.000000	17.39591154
1014.000000	-31.75652751
1016.000000	49.41641070
1018.000000	19.36141156
1020.000000	-13.77301928
1022.000000	90.10974530
1024.000000	-46.59075962
1026.000000	48.44280392
1028.000000	42.98768937
1030.000000	7.35344435
1032.000000	-103.86248020
1034.000000	17.69568847
1036.000000	-8.49164101
1038.000000	-56.87611901
1040.000000	16.92433597
1042.000000	-77.76845040
1044.000000	55.27060035
1046.000000	-24.49585910
1047.000000	-69.27295250
1048.000000	-29.81712739
1049.000000	33.39957462
1050.000000	-44.50955771
1051.000000	66.77836936
1052.000000	15.71844558
1053.000000	8.73330597
1054.000000	45.38972279
1055.000000	-7.11024845
1056.000000	-0.21655766
1057.000000	-35.66367788
1058.000000	19.30490430
1059.000000	-32.59584290
1060.000000	1.42405524
1061.000000	-63.13796292
1062.000000	-14.78459293
1063.000000	68.53185159
1064.000000	-12.32274454
1065.000000	-38.97652812
1066.000000	-12.27547593
1067.000000	20.64988061
1068.000000	-35.73966163
1069.000000	-57.32665012
1070.000000	-28.29138574
1071.000000	39.35796122
1072.000000	-33.47112204
1073.000000	45.81980446
1074.000000	95.87691211
1075.000000	141.06194374
1076.000000	22.05183909
1077.000000	-40.21553865
1078.000000	-77.83947211
1079.000000	-36.13277104
1080.000000	49.92666888
1081.000000	-51.21686356
1082.000000	-99.19223220
1083.000000	33.24871889
1084.000000	-6.23306398
1085.000000	-14.25159369
1086.000000	43.71338968
1087.000000	19.38829331
1088.000000	-24.59478281
1089.000000	22.10089688
1090.000000	79.31533246
1091.000000	51.82443396
1092.000000	-22.31720208
1093.000000	9.44472169
1094.000000	-13.59860761
1095.000000	70.89809494
1096.000000	12.28430664
1097.000000	-48.64848075
1098.000000	-97.29707706
1099.000000	-48.75006427
1100.000000	131.70154529
1101.000000	29.94331957
1102.000000	-55.08685843
1103.000000	58.94435480
1104.000000	8.61231101
1105.000000	30.20186943
1106.000000	-10.17175399
1107.000000	57.06982139
1108.000000	-71.85448545
1109.000000	27.56009608
1110.000000	-32.36558204
1111.000000	72.62027475
1112.000000	-34.76327468
1113.000000	-106.60509509
1114.000000	8.69339396
1115.000000	37.56028969
1116.000000	-76.83585424
1117.000000	16.57539802
1118.000000	69.89696046
1119.000000	-42.77564810
1120.000000	-44.32255241
1121.000000	1.31322918
1122.000000	-34.45773477
1123.000000	124.06787275
1124.000000	53.61799310
1125.000000	11.40501049
1126.000000	-90.09275314
1127.000000	39.20492247
1128.000000	-20.58673662
1129.000000	27.71702398
1130.000000	-25.17234184
1131.000000	-39.59845869
1132.000000	-40.74977524
1133.000000	54.92829919
1134.000000	33.89697572
1135.000000	22.65890608
1136.000000	39.17186388
1137.000000	-30.87528970
1138.000000	-13.20916808
1139.000000	0.53626753
1140.000000	0.33896946
1141.000000	-5.43605707
1142.000000	127.28027434
1143.000000	33.30036056
1144.000000	69.71883607
1145.000000	-68.36655285
1146.000000	80.70959557
1147.000000	47.72647741
1148.000000	-29.35054286
1149.000000	2.55491237
1150.000000	-52.91475888
1151.000000	-43.97156343
1152.000000	24.45748739
1153.000000	-25.77196125
1154.000000	-31.16882358
1155.000000	-80.29925362
1156.000000	43.36467442
1157.000000	55.36845173
1158.000000	15.03359300
1159.000000	-23.12604666
1160.000000	118.89925042
1161.000000	-79.19584066
1162.000000	51.39241732
1163.000000	-23.26204663
1164.000000	88.54482117
1165.000000	-16.26866901
1166.000000	120.62912780
1167.000000	-102.32642372
1168.000000	-19.80044778
1169.000000	-35.55539972
1170.000000	-67.83909229
1171.000000	3.20634649
1172.000000	38.16513621
1173.000000	112.76738354
1174.000000	18.56505261
1175.000000	27.17030250
1176.000000	49.90733956
1177.000000	80.80334746
1178.000000	9.96983903
1179.000000	-112.68187983
1180.000000	-36.04150203
1181.000000	-47.94344200
1182.000000	47.91422870
1183.000000	-25.52256002
1184.000000	61.01382931
1185.000000	4.38203038
1186.000000	-75.60902669
1187.000000	27.66662174
1188.000000	7.80935385
1189.000000	51.34197218
1190.000000	-47.59529174
1191.000000	17.05219539
1192.000000	3.02529738
1193.000000	40.68200747
1194.000000	-89.07653851
1195.000000	50.74755159
1196.000000	25.76467359
1197.000000	-39.04143314
1198.000000	-2.89987472
1199.000000	132.16229841
1200.000000	20.51618594
1201.000000	-13.23003928
1202.000000	27.70266916
1203.000000	-42.97090100
1204.000000	17.95849317
1205.000000	-44.75153586
1206.000000	16.63832614
1207.000000	-2.54693443
1208.000000	31.93088474
1209.000000	20.73776845
1210.000000	68.75722470
1211.000000	-24.39300116
1212.000000	50.03243185
1213.000000	-1.11295808
1214.000000	-38.47005083
1215.000000	-65.08400588
1216.000000	4.17874748
1217.000000	13.66453826
1218.000000	46.80822694
1219.000000	-25.41734266
1220.000000	-20.22327146
1221.000000	47.90217240
1222.000000	18.41898249
1223.000000	-108.74941071
1224.000000	3.97249409
1225.000000	13.12413910
1226.000000	-42.55739989
1227.000000	0.83820967
1228.000000	66.61066464
1229.000000	-11.83878131
1230.000000	-10.02709961
1231.000000	5.94776550
1232.000000	76.46547115
1233.000000	-10.62251320
1234.000000	35.52029405
1235.000000	85.23631009
1236.000000	-45.09187665
1237.000000	15.38609540
1238.000000	-19.46458142
1239.000000	-112.27690065
1240.000000	19.06826857
1241.000000	-8.36401955
1242.000000	44.41789506
1243.000000	-18.91014126
1244.999000	28.32691282
1245.999000	-30.11514443
1246.999000	-15.91401903
1247.999000	-29.99361967
1248.999000	-124.93870748
1249.999000	53.59428503
1250.999000	-52.96986688
1251.999000	0.25016054
1252.999000	116.16083949
1253.999000	-49.70164999
1254.999000	-5.02427312
1255.999000	44.60764530
1256.999000	-33.57665731
1257.999000	-16.43232125
1258.999000	-12.12260716
1259.999000	-56.25342782
1260.999000	33.55005189
1261.999000	-43.50509058
1262.999000	2.54976395
1263.999000	-151.13663670
1264.999000	-3.09743841
1265.999000	-20.10405191
1266.999000	-10.71957689
1267.999000	-76.27790846
1268.999000	-49.97132800
1269.999000	-32.35921682
1270.999000	-113.69006029
1271.999000	21.89347949
1272.999000	31.37253221
1273.999000	-47.14637358
1274.999000	71.52322813
1275.999000	26.56771906
1276.999000	-19.24825970
1277.999000	7.50675519
1278.999000	-17.03393782
1279.999000	56.83373333
1280.999000	99.81896153
1281.999000	-25.73683223
1282.999000	-78.19221342
1283.999000	20.36551602
1284.999000	-53.34670690
1285.999000	18.04749346
1286.999000	51.61990742
1287.999000	-19.93651171
1288.999000	30.87899528
1289.999000	12.52850109
1290.999000	18.77677483
1291.999000	80.96796443
1292.999000	-49.83588034
1293.999000	44.04249596
1294.999000	12.71635741
1295.999000	-2.86567166
1296.999000	-36.18113588
1297.999000	-20.81448438
1298.999000	57.57655721
1299.999000	58.74553073
1300.999000	-3.19462064
1301.999000	56.46616744
1302.999000	-35.28378681
1303.999000	-33.52646134
1304.999000	-10.24751954
1305.999000	75.38811777
1306.999000	57.25300125
1307.999000	-58.88895558
1308.999000	63.38608190
1309.999000	41.05445498
1310.999000	73.23177486
1311.999000	11.57026593
1312.999000	-26.34672108
1313.999000	3.44667927
1314.999000	-50.39334242
1315.999000	41.70949858
1316.999000	38.75418875
1317.999000	-92.18626923
1318.999000	5.97664667
1319.999000	26.39134037
1320.999000	14.03972128
1321.999000	-56.05961804
1322.999000	-12.89972046
1323.999000	-54.42520194
1324.999000	-4.76325368
1325.999000	29.72810572
1326.999000	18.26669684
1327.999000	-53.21873611
1328.999000	86.10973833
1329.999000	-7.98766270
1330.999000	51.79124201
1331.999000	40.85842905
1332.999000	-38.65843985
1333.999000	-0.68798005
1334.999000	-8.12480080
1335.999000	-78.29848502
1336.999000	55.21699391
1337.999000	-28.40473712
1338.999000	63.21026905
1339.999000	-57.55858729
1340.999000	-15.05562664
1341.999000	-2.78387602
1342.999000	46.72367457
1343.999000	-106.15305771
1344.999000	-30.06435569
1345.999000	-68.91750818
1346.999000	22.78400316
1347.999000	-15.25118945
1348.999000	-40.79940076
1349.999000	5.98934348
1350.999000	-13.46531141
1351.999000	-12.56016211
1352.999000	-47.16729414
1353.999000	-24.04431475
1354.999000	31.36124274
1355.999000	-61.92331795
1356.999000	-15.90567428
1357.999000	-14.96777781
1358.999000	-11.82220468
1359.999000	-32.82146812
1360.999000	55.21902637
1361.999000	-48.01641038
1362.999000	27.16893141
1363.999000	-44.84240409
1364.999000	-25.42982352
1365.999000	20.19201383
1366.999000	1.18694859
1367.999000	-49.76953737
1368.999000	131.41683390
1369.999000	-98.96206157
1370.999000	103.97523050
1371.999000	82.40271455
1372.999000	8.36486634
1373.999000	14.55704913
1374.999000	-11.27250620
1375.999000	-52.29127838
1376.999000	26.45056908
1377.999000	-12.67309571
1378.999000	-17.37788143
1379.999000	64.61335977
1380.999000	145.31398494
1381.999000	-53.72705613
1382.999000	-27.81936508
1383.999000	-8.91438084
1384.999000	-84.74456931
1385.999000	-10.61380835
1386.999000	-19.53695511
1387.999000	-11.56247526
1388.999000	-61.80299304
1389.999000	-32.75188170
1390.999000	79.07640101
1391.999000	-13.08249773
1392.999000	-26.43294222
1393.999000	-43.73899722
1394.999000	43.48506114
1395.999000	50.99050182
1396.999000	-69.82204159
1397.999000	5.58092435
1398.999000	36.82064423
1399.999000	-11.35220001
1400.999000	-23.55158083
1401.999000	-48.27120231
1402.999000	-52.39468056
1403.999000	-6.13721350
1404.999000	20.01520535
1405.999000	20.07734622
1406.999000	70.87597263
1407.999000	104.72909679
1408.999000	28.87717898
1409.999000	-14.87088560
1410.999000	105.37625580
1411.999000	-0.22861442
1412.999000	38.45430722
1413.999000	-13.52703319
1414.999000	-41.16987287
1415.999000	-80.61314382
1416.999000	-26.13033332
1417.999000	10.92900088
1418.999000	46.52528374
1419.999000	-38.34339521
1420.999000	4.38831827
1421.999000	-73.88499159
1422.999000	-53.53133040
1423.999000	-51.71105523
1424.999000	-10.82298956
1425.999000	31.12123033
1426.999000	-98.45046514
1427.999000	41.36284825
1428.999000	-0.21949675
1429.999000	-65.37126250
1430.999000	-59.21498269
1431.999000	69.19056352
1432.999000	61.97651792
1433.999000	26.20966513
1434.999000	58.97521729
1435.999000	-5.82444164
1436.999000	27.11268368
1437.999000	-33.95012667
1438.999000	-39.45980784
1439.999000	-77.67159733
1440.999000	63.75767241
1441.999000	87.95281893
1442.999000	-57.43055844
1443.999000	29.73523266
1444.999000	-16.28670184
1445.999000	-58.70264397
1446.999000	39.20539183
1447.999000	-17.96170567
1448.999000	28.03455910
1449.999000	-1.40553607
1450.999000	-19.02837938
1451.999000	19.86005505
1452.999000	-13.02208421
1453.999000	2.34338976
1454.999000	101.64366146
1455.999000	-7.22593545
1456.999000	63.55895808
1457.999000	12.21361677
1458.999000	63.34466923
1459.999000	17.63964073
1460.999000	-0.87451412
1461.999000	133.27543797
1462.999000	4.23172831
1463.999000	33.52423950
1464.999000	35.76772401
1465.999000	-8.40767647
1466.999000	-46.17152086
1467.999000	7.50550369
1468.999000	-82.11947739
1469.999000	61.76705874
1470.999000	-20.82562193
1471.999000	53.04373229
1472.999000	18.54255871
1473.999000	100.76461621
1474.999000	1.15130295
1475.999000	35.16949960
1476.999000	62.72015811
1477.999000	15.39275228
1478.999000	0.20227536
1479.999000	-33.22151224
1480.999000	-39.52160042
1481.999000	-5.14425637
1482.999000	2.83933452
1483.999000	-43.72058884
1484.999000	32.01896417
1485.999000	-20.04556857
1486.999000	-5.96590556
1487.999000	5.29172226
1488.999000	9.54779834
1489.999000	-14.64976854
1490.999000	-30.59966195
1491.999000	20.07776424
1492.999000	40.61222779
1493.999000	15.11930929
1494.999000	27.93258201
1495.999000	-40.21918255
1496.999000	-70.39402778
