# F(k,t) correlation function
# Reference time: 1406.001 ps
# lag_time_ps	F(k,t)
0.000000	478.89570044
1.000000	-159.24913778
3.000000	-34.71112134
5.000000	-82.06797012
7.000000	50.89854245
9.000000	46.80484650
11.000000	-83.49642230
13.000000	-1.53050225
15.000000	10.55762845
17.000000	37.38723482
19.000000	-3.86571782
21.000000	17.90381716
23.000000	46.22743046
25.000000	-113.43205121
27.000000	-22.15469520
29.000000	56.66699656
31.000000	-18.30877553
33.000000	-49.63423113
35.000000	73.10440153
37.000000	-77.66307759
39.000000	13.60714400
41.000000	-84.82807385
43.000000	112.49060106
45.000000	-31.14522407
47.000000	31.63041246
49.000000	8.48918756
51.000000	3.24120250
53.000000	80.21649883
55.000000	-73.11941828
57.000000	-9.64944439
59.000000	-19.78369449
61.000000	-19.83643734
63.000000	-65.69324229
65.000000	-78.44015103
67.000000	67.77559168
69.000000	-28.95066492
71.000000	50.25423949
73.000000	-26.89493213
75.000000	-58.15827380
77.000000	1.54778213
79.000000	-26.80803331
81.000000	35.31993309
83.000000	-3.22525765
85.000000	-18.03032267
87.000000	-83.60362701
89.000000	32.33047706
91.000000	-4.57761627
93.000000	-56.01420236
95.000000	119.92191852
97.000000	-4.64135209
99.000000	0.07057932
101.000000	64.95733604
103.000000	27.29863322
105.000000	-35.68740764
107.000000	50.05965101
109.000000	10.80644810
111.000000	11.15561817
113.000000	-5.12513167
115.000000	-59.89056525
117.000000	14.85412585
119.000000	-40.39191841
121.000000	8.23068216
123.000000	-26.70946277
125.000000	-0.09669901
127.000000	102.21895393
129.000000	-28.50548449
131.000000	7.73160487
133.000000	-61.92088305
135.000000	158.05599103
137.000000	-45.57004684
139.000000	-63.12283519
141.000000	39.12325221
143.000000	-10.75922531
145.000000	14.17331244
147.000000	-15.95270830
149.000000	-20.20750712
151.000000	-27.45753740
153.000000	-9.49890211
155.000000	-16.15562296
157.000000	-43.33857114
159.000000	100.63896774
161.000000	53.91611980
163.000000	-11.91683680
165.000000	-40.92092474
167.000000	-119.31275685
169.000000	-4.14174600
171.000000	-69.11322016
173.000000	16.94241285
175.000000	-30.07102588
177.000000	-3.37553306
179.000000	-26.90786614
181.000000	80.49813377
183.000000	-26.25847399
185.000000	89.11847019
187.000000	22.31460318
189.000000	-4.57286138
191.000000	59.82684292
193.000000	4.82599733
195.000000	-51.95090262
197.000000	21.31531989
199.000000	-31.26192575
201.000000	2.04507745
203.000000	-15.98475632
205.000000	-23.17775027
207.000000	13.37226786
209.000000	7.55072428
211.000000	76.68768093
213.000000	8.73221940
215.000000	-10.32483695
217.000000	12.74285024
219.000000	39.03985563
221.000000	54.92715747
223.000000	-27.16706928
225.000000	15.82895284
227.000000	6.27738482
229.000000	-35.43303348
231.000000	40.63136855
233.000000	-81.00658815
235.000000	59.32430920
237.000000	-59.21126471
239.000000	-38.81146697
241.000000	-11.47404094
243.000000	-49.57392223
245.000000	-10.76589418
247.000000	-4.69264117
249.000000	2.44984025
251.000000	-26.24127378
253.000000	-10.08883488
255.000000	-60.40008926
257.000000	-8.50597627
259.000000	-46.98648992
261.000000	6.05981206
263.000000	-15.69594052
265.000000	52.38123226
267.000000	0.44274285
269.000000	-32.31671966
271.000000	-39.24775586
273.000000	35.24757994
275.000000	2.67758746
277.000000	58.82140047
279.000000	16.39338723
281.000000	56.69874426
283.000000	15.25269181
285.000000	-60.58207075
287.000000	-6.84978725
289.000000	22.93377580
291.000000	-39.00351791
293.000000	44.55202002
295.000000	41.77806155
297.000000	29.68799051
299.000000	-38.37087483
301.000000	47.21099579
303.000000	-40.36662500
305.000000	5.41691156
307.000000	45.03331623
309.000000	-73.05041112
311.000000	-68.18063447
313.000000	-25.02873424
315.000000	-5.33487233
317.000000	-54.48372361
319.000000	-62.31913575
321.000000	25.17231345
323.000000	145.72733517
325.000000	2.40287413
327.000000	83.02460624
329.000000	-20.74269569
331.000000	-8.50073526
333.000000	80.00081005
335.000000	-94.71125170
337.000000	-21.60529782
339.000000	67.69928038
341.000000	-28.91497266
343.000000	-17.95405164
345.000000	22.22485769
347.000000	25.82144088
349.000000	79.83108165
351.000000	-23.57115864
353.000000	-134.43076978
355.000000	94.56421200
357.000000	-11.52265202
359.000000	11.79260390
361.000000	-57.54254252
363.000000	-21.42320505
365.000000	24.75119222
367.000000	86.93373449
369.000000	2.97257402
371.000000	23.26230968
373.000000	100.05302201
375.000000	37.46473987
377.000000	45.28576871
379.000000	-124.89395678
381.000000	-43.11226180
383.000000	49.95008229
385.000000	39.29909246
387.000000	-10.08073622
389.000000	57.44042958
391.000000	31.17343696
393.000000	-96.11699617
395.000000	19.68105241
397.000000	137.39676922
399.000000	59.62591001
401.000000	-48.29707478
403.000000	-16.28005631
405.000000	9.19154661
407.000000	85.92176139
409.000000	69.40924673
411.000000	-18.79273476
413.000000	20.32238695
415.000000	-23.34872825
417.000000	22.32236086
419.000000	39.47783123
421.000000	-23.02707214
423.000000	38.76370677
425.000000	30.16345228
427.000000	67.11448757
429.000000	-1.61883243
431.000000	-16.29181571
433.000000	-46.86238073
435.000000	16.58771792
437.000000	19.25342231
439.000000	-53.49740833
441.000000	-4.84029175
443.000000	50.92141240
444.000000	68.89332663
445.000000	-105.32509030
446.000000	21.10031242
447.000000	29.75447687
448.000000	62.03129077
449.000000	5.40579057
450.000000	-84.96091065
451.000000	36.17680699
452.000000	-1.54904381
453.000000	15.54917398
454.000000	146.51468222
455.000000	22.27681172
456.000000	-13.35702228
457.000000	63.85388517
458.000000	19.67816154
459.000000	-8.97275570
460.000000	-1.65634300
461.000000	-15.43206202
462.000000	-10.21889730
463.000000	-65.50037232
464.000000	-3.88000365
465.000000	21.77792956
466.000000	36.93390074
467.000000	-22.59101816
468.000000	25.40307906
469.000000	24.45195766
470.000000	48.67707456
471.000000	-25.61829920
472.000000	-68.85654657
473.000000	32.22619470
474.000000	-65.31898369
475.000000	-47.40268420
476.000000	-12.83618176
477.000000	-44.68799744
478.000000	8.60741300
479.000000	48.62906368
480.000000	-40.87123449
481.000000	32.25651147
482.000000	-42.71993451
483.000000	15.96797898
484.000000	64.31689271
485.000000	-9.04587275
486.000000	-6.02154043
487.000000	8.74987191
488.000000	49.62409669
489.000000	40.29131362
490.000000	68.56083196
491.000000	-101.11004612
492.000000	-53.18134611
493.000000	36.61181309
494.000000	-28.25969736
495.000000	-88.59644140
496.000000	16.67577585
497.000000	-73.38102786
498.000000	8.86309161
499.000000	-35.43564593
500.000000	148.57400489
501.000000	-26.12557381
502.000000	26.20995315
503.000000	-8.84386205
504.000000	-27.59918868
505.000000	13.96697885
506.000000	-56.66627859
507.000000	79.31403136
508.000000	-11.13589737
509.000000	-87.52554769
510.000000	26.60857110
511.000000	-23.09587177
512.000000	15.49552737
513.000000	83.92749169
514.000000	-141.70471607
515.000000	-11.06086467
516.000000	-39.68405607
517.000000	66.07062658
518.000000	-49.61984390
519.000000	48.00417473
520.000000	8.38697957
521.000000	-36.77037423
522.000000	-40.70810431
523.000000	-77.29574138
524.000000	-11.73134402
525.000000	-102.86337077
526.000000	-15.02313444
527.000000	84.12284834
528.000000	-8.17736942
529.000000	-12.97444897
530.000000	37.85878312
531.000000	76.18899581
532.000000	38.82934242
533.000000	-113.12474019
534.000000	14.70950434
535.000000	-16.81769804
536.000000	110.76983178
537.000000	-18.12042990
538.000000	79.79925665
539.000000	63.16900322
540.000000	61.56105091
541.000000	106.84800189
542.000000	-17.79243010
543.000000	-43.93778071
544.000000	40.16305373
545.000000	-94.54071044
546.000000	42.41694267
547.000000	-0.06279374
548.000000	62.51236955
549.000000	-47.70226270
550.000000	36.51054732
551.000000	12.07439181
552.000000	-61.42995548
553.000000	-41.83729089
554.000000	-4.94233167
555.000000	76.39338637
556.000000	-9.24981954
557.000000	-18.15492727
558.000000	-100.39291618
559.000000	9.42099064
560.000000	48.07911039
561.000000	-23.26095176
562.000000	67.36879366
563.000000	-103.80225656
564.000000	17.45430587
565.000000	39.77135449
566.000000	66.15077220
567.000000	16.21051246
568.000000	-7.09877959
569.000000	-13.49957847
570.000000	4.09017824
571.000000	-18.18628786
572.000000	55.85362756
573.000000	-54.65004317
574.000000	14.85522609
575.000000	-8.88832860
576.000000	-98.96492229
577.000000	-28.59838446
578.000000	68.96882273
579.000000	3.46535036
580.000000	-35.49375600
581.000000	-81.92786690
582.000000	-58.05590130
583.000000	18.04291149
584.000000	-42.23090594
585.000000	-3.28014305
586.000000	32.14373993
587.000000	-52.02543577
588.000000	46.81148286
589.000000	-85.87226807
590.000000	51.61416927
591.000000	60.79534726
592.000000	-6.07230414
593.000000	-28.64461266
594.000000	-8.92335393
595.000000	58.24298382
596.000000	-40.61444341
597.000000	-21.18011704
598.000000	14.96535932
599.000000	-16.22606726
600.000000	-41.51868815
601.000000	67.07839168
602.000000	-86.56539181
603.000000	59.93263767
604.000000	-56.25246645
605.000000	-49.63640218
606.000000	31.58869978
607.000000	31.02226829
608.000000	-21.20542182
609.000000	60.81009047
610.000000	-7.37258882
611.000000	-20.31464997
612.000000	31.70879032
613.000000	-25.60682121
614.000000	-15.30308318
615.000000	-23.98659807
616.000000	5.27470236
617.000000	7.09373592
618.000000	-97.05360166
619.000000	-41.09148452
620.000000	76.35059715
621.000000	75.98167601
622.000000	-8.30520393
623.000000	30.35021897
624.000000	65.98951722
625.000000	1.41718615
626.000000	-39.86250107
627.000000	-20.85888273
628.000000	-2.85095385
629.000000	1.20966867
630.000000	-52.45002422
631.000000	-109.01531255
632.000000	91.38756957
633.000000	9.55102182
634.000000	-54.98137718
635.000000	-3.07581786
636.000000	-32.17789205
637.000000	32.82101319
638.000000	-46.43670962
639.000000	17.38219059
640.000000	16.52232546
641.999000	-42.18990151
642.999000	40.56644753
643.999000	-3.90320837
644.999000	49.34916023
645.999000	17.32995811
646.999000	-23.56954012
647.999000	42.71164331
648.999000	17.23621332
649.999000	-25.64331557
650.999000	-32.20962316
651.999000	11.15081298
652.999000	-12.35606078
653.999000	-37.27212153
654.999000	-34.46212931
655.999000	-9.39086082
656.999000	62.79040971
657.999000	33.39540182
658.999000	-29.72946222
659.999000	-6.31848009
660.999000	29.58900724
661.999000	-38.09945242
662.999000	-57.90444614
663.999000	-36.61567616
664.999000	25.97228796
665.999000	2.10973913
666.999000	35.17295226
667.999000	-27.52254134
668.999000	15.90472170
669.999000	75.70572829
670.999000	-2.63286397
671.999000	68.77482352
672.999000	-51.72801433
673.999000	-9.66038719
674.999000	54.47316311
675.999000	65.50511269
676.999000	13.18970744
677.999000	-58.55676776
678.999000	-105.42828086
679.999000	27.07178459
680.999000	-16.32905288
681.999000	25.76123695
682.999000	-5.21348210
683.999000	-64.09275836
684.999000	-48.25247669
685.999000	13.23451365
686.999000	-67.96556275
687.999000	34.98717684
688.999000	28.17069624
689.999000	-40.93780729
690.999000	38.14400844
691.999000	-115.19299686
692.999000	-9.39019163
693.999000	4.99853365
694.999000	-7.75284680
695.999000	-3.23261237
696.999000	-45.35707648
697.999000	27.18252132
698.999000	-56.47540324
699.999000	-91.27053440
700.999000	-11.93208815
701.999000	1.80735231
702.999000	-33.46301178
703.999000	8.91644302
704.999000	-43.95557943
705.999000	26.40526022
706.999000	27.49419362
707.999000	-38.17208266
708.999000	-43.59977813
709.999000	-62.19869982
710.999000	-34.81082235
711.999000	-8.46203706
712.999000	-102.28907062
713.999000	-30.93859499
714.999000	17.33196607
715.999000	-7.40569481
716.999000	-26.48183740
717.999000	15.75647611
718.999000	31.07597656
719.999000	10.44847046
720.999000	-59.27810666
721.999000	11.63394397
722.999000	-2.46450593
723.999000	96.77556883
724.999000	38.55673751
725.999000	-94.67703989
726.999000	-38.22267322
727.999000	85.65944964
728.999000	-60.28417476
729.999000	-33.58228355
730.999000	18.95011676
731.999000	33.48686365
732.999000	41.36555867
733.999000	14.18048059
734.999000	-10.94369496
735.999000	-79.51370047
736.999000	19.97887734
737.999000	-115.10542785
738.999000	-50.94462790
739.999000	-4.09852491
740.999000	55.10454957
741.999000	11.67821061
742.999000	82.21080194
743.999000	52.82271630
744.999000	-81.82735528
745.999000	-70.99491055
746.999000	27.84968634
747.999000	0.28567106
748.999000	45.81823545
749.999000	30.53819508
750.999000	-41.78884937
751.999000	38.16747903
752.999000	45.08382214
753.999000	-16.76963364
754.999000	-31.24827547
755.999000	-25.34360423
756.999000	-59.49420953
757.999000	43.95809743
758.999000	40.49516829
759.999000	-10.53634593
760.999000	37.27990534
761.999000	-28.04185824
762.999000	10.24974656
763.999000	26.47926208
764.999000	-10.61440301
765.999000	-58.72365202
766.999000	14.83318696
767.999000	24.33529386
768.999000	46.73825515
769.999000	47.80681653
770.999000	-79.85423104
771.999000	49.80875653
772.999000	-38.51569149
773.999000	91.91849015
774.999000	-46.55068764
775.999000	48.66746559
776.999000	12.23772702
777.999000	-45.96334675
778.999000	-1.28843390
779.999000	72.15190257
780.999000	43.09808163
781.999000	57.08335258
782.999000	30.59016237
783.999000	24.97657722
784.999000	35.39466253
785.999000	-16.59362601
786.999000	72.84221788
787.999000	-30.91505681
788.999000	-63.67997911
789.999000	-16.66031919
790.999000	19.41871541
791.999000	-37.61726751
792.999000	11.84578348
793.999000	-30.69427417
794.999000	-44.53757353
795.999000	14.68249274
796.999000	-72.03766033
797.999000	-14.21820199
798.999000	-23.38353529
799.999000	17.52630224
800.999000	4.18304084
801.999000	-19.53970343
802.999000	53.62107514
803.999000	-4.67998608
804.999000	-60.13177657
805.999000	12.46906727
806.999000	12.79470196
807.999000	3.49709157
808.999000	-23.82549656
809.999000	93.68831854
810.999000	47.63521709
811.999000	20.70894632
812.999000	1.23000661
813.999000	-0.21161597
814.999000	43.78939202
815.999000	141.90158882
816.999000	96.66704941
817.999000	48.88762997
818.999000	44.10998255
819.999000	24.63876581
820.999000	66.64276636
821.999000	-2.09284688
822.999000	6.00506975
823.999000	69.20174272
824.999000	-46.11908179
825.999000	-96.19924848
826.999000	-0.60649779
827.999000	16.11305974
828.999000	57.55191183
829.999000	-16.43052842
830.999000	-24.07898117
831.999000	111.90422218
832.999000	-24.09513403
833.999000	7.93750190
834.999000	18.93934370
835.999000	-45.65300461
836.999000	-59.49219005
837.999000	75.92628235
838.999000	-47.49292797
839.999000	-76.43748296
840.999000	-89.78565237
841.999000	9.93429391
842.999000	21.57621259
843.999000	-21.36128710
844.999000	-35.81891263
845.999000	-30.70757640
846.999000	39.38314743
847.999000	65.00713562
848.999000	-44.09002377
849.999000	-19.95905651
850.999000	86.54430858
851.999000	80.01662797
852.999000	-15.48966847
853.999000	72.06699731
854.999000	-65.36567542
855.999000	-30.95335305
856.999000	4.60666118
857.999000	1.58220417
858.999000	77.01944982
859.999000	-28.34430105
860.999000	-2.21860652
861.999000	-53.26993998
862.999000	31.66690651
863.999000	-36.88452772
864.999000	-67.06940005
865.999000	38.20645048
866.999000	-39.29244597
867.999000	26.61869337
868.999000	-26.97979815
869.999000	98.60051742
870.999000	10.96022241
871.999000	-10.41388356
872.999000	-29.33731198
873.999000	21.92314972
874.999000	-55.04528125
875.999000	-47.22042666
876.999000	33.06041178
877.999000	14.13671208
878.999000	-19.05832059
879.999000	-0.11292436
880.999000	-28.39662715
881.999000	27.70006584
882.999000	19.13883230
883.999000	7.84718369
884.999000	59.60739101
885.999000	-31.13875560
886.999000	109.39988074
887.999000	-58.36141805
888.999000	-8.44766445
889.999000	9.91082923
890.999000	-17.28006237
891.999000	15.54774667
892.999000	30.07077395
893.999000	-19.93060275
