# F(k,t) correlation function
# Reference time: 401.001 ps
# lag_time_ps	F(k,t)
0.000000	479.60900580
2.000000	9.38819913
4.000000	43.63737712
6.000000	46.30977859
8.000000	-68.47993815
10.000000	10.52664467
12.000000	89.99692963
14.000000	7.33348100
16.000000	4.55426332
18.000000	47.43920856
20.000000	-19.60796405
22.000000	70.07380081
24.000000	-87.23273626
26.000000	-11.90298498
28.000000	6.96078123
30.000000	43.34300949
32.000000	-9.58309629
34.000000	-36.87845242
36.000000	-21.21412954
38.000000	31.39028788
40.000000	103.73985341
42.000000	16.13481035
44.000000	-48.06837735
46.000000	-45.63426916
48.000000	-142.50870444
50.000000	21.44032119
52.000000	49.17802602
54.000000	-71.75481412
56.000000	26.75832338
58.000000	-41.01822309
60.000000	43.91603131
62.000000	-15.10182489
64.000000	63.86504669
66.000000	46.94049364
68.000000	92.71221534
70.000000	9.01151600
72.000000	68.92026375
74.000000	-5.72648537
76.000000	-33.60582519
78.000000	-20.49520872
80.000000	37.27333005
82.000000	-39.75713328
84.000000	-30.81944692
86.000000	-24.90647511
88.000000	8.97703191
90.000000	41.75778655
92.000000	24.26680345
94.000000	8.31324983
96.000000	-6.44892579
98.000000	-39.79730436
100.000000	14.51055480
102.000000	82.51436933
104.000000	30.67656592
106.000000	27.34357542
108.000000	39.15067716
110.000000	49.23831251
112.000000	64.63313516
114.000000	32.14096827
116.000000	-63.48420981
118.000000	-2.86843638
120.000000	-14.85191741
122.000000	-27.86604947
124.000000	5.55910539
126.000000	71.87476615
128.000000	-86.65096707
130.000000	1.83901557
132.000000	-18.53936771
134.000000	-6.50067655
136.000000	-14.17327983
138.000000	14.78504825
140.000000	-75.29319932
142.000000	100.64169167
144.000000	-0.38978854
146.000000	-37.34036107
148.000000	15.18773591
150.000000	27.19273656
152.000000	17.73459406
154.000000	-54.24114587
156.000000	97.36247218
158.000000	-6.67561226
160.000000	26.44536724
162.000000	-1.63806673
164.000000	-16.35549567
166.000000	-69.73687419
168.000000	33.24850544
170.000000	15.10767192
172.000000	40.06527645
174.000000	32.74081291
176.000000	56.67170455
178.000000	10.20605088
180.000000	20.16307808
182.000000	15.54293597
184.000000	-36.80001038
186.000000	-18.30010266
188.000000	50.70087611
190.000000	89.24026718
192.000000	40.18646454
194.000000	33.79527737
196.000000	-68.25193827
198.000000	50.30253643
200.000000	84.39553888
202.000000	-71.09603506
204.000000	-43.45320000
206.000000	-41.53399614
208.000000	55.78800391
210.000000	6.21749717
212.000000	13.14396229
214.000000	-32.03973114
216.000000	8.85237681
218.000000	34.94813321
220.000000	-81.44961717
222.000000	-59.63664049
224.000000	23.29719748
226.000000	12.31658489
228.000000	-80.07724294
230.000000	32.61426173
232.000000	61.49865299
234.000000	21.56456251
236.000000	-105.30937761
238.000000	-76.47982893
240.000000	6.52867009
242.000000	73.65157873
244.000000	-49.58167114
246.000000	-69.53433229
248.000000	-49.92002583
250.000000	-46.34478568
252.000000	-23.66656440
254.000000	44.11873532
256.000000	-46.42098502
258.000000	25.85466072
260.000000	-37.12982606
262.000000	16.32277785
264.000000	15.92170706
266.000000	1.08004730
268.000000	-47.25229723
270.000000	62.16719820
272.000000	72.84095224
274.000000	-23.47419881
276.000000	57.52217206
278.000000	33.44469178
280.000000	4.41858475
282.000000	-64.87778988
284.000000	-51.75157087
286.000000	-7.79755241
288.000000	-34.58940915
290.000000	107.44194854
292.000000	45.38426585
294.000000	-123.43641012
296.000000	-75.94293493
298.000000	15.74727735
300.000000	59.64230712
302.000000	97.33729409
304.000000	-13.95886942
306.000000	36.84334617
308.000000	-20.58701876
310.000000	-51.57175725
312.000000	93.63195449
314.000000	-5.22809927
316.000000	34.48624356
318.000000	-40.74335232
320.000000	-3.66499033
322.000000	24.11465518
324.000000	51.88488038
326.000000	-76.93129126
328.000000	-22.07185865
330.000000	106.37361596
332.000000	-53.02149751
334.000000	156.61962699
336.000000	-30.44656446
338.000000	47.52143930
340.000000	21.04446307
342.000000	-11.91226823
344.000000	89.00755253
346.000000	43.47957763
348.000000	30.63305502
350.000000	44.28906417
352.000000	-96.70784206
354.000000	-47.24215013
356.000000	26.84719467
358.000000	83.32917533
360.000000	71.38200615
362.000000	-23.64851143
364.000000	19.39620403
366.000000	10.50152429
368.000000	-78.84004108
370.000000	-47.78311096
372.000000	21.99258473
374.000000	-27.56268496
376.000000	83.59305395
378.000000	-1.49636338
380.000000	7.51657473
382.000000	59.91955050
384.000000	86.79275311
386.000000	-29.55943681
388.000000	-40.27651843
390.000000	97.58931844
392.000000	-10.62120546
394.000000	-105.15085369
396.000000	39.44572441
398.000000	1.16554205
400.000000	6.58659995
402.000000	1.98190336
404.000000	28.42792282
406.000000	-15.22608230
408.000000	114.86027197
410.000000	41.96435502
412.000000	7.62214968
414.000000	43.29566779
416.000000	7.49802318
418.000000	3.83859323
420.000000	43.73190536
422.000000	43.14633306
424.000000	-3.12922116
426.000000	-64.21329485
428.000000	23.55107872
430.000000	-34.39232573
432.000000	19.42972309
434.000000	32.92547047
436.000000	49.26337521
438.000000	12.53371571
440.000000	-113.68576428
442.000000	22.14104609
444.000000	-42.14696727
446.000000	-81.45408249
448.000000	3.45991318
450.000000	57.31205723
452.000000	-83.55339888
454.000000	39.47379480
456.000000	-95.69828082
458.000000	-17.86482584
460.000000	18.23077457
462.000000	-85.91947286
464.000000	0.23023781
466.000000	28.62543464
468.000000	-128.21263200
470.000000	34.16498864
472.000000	3.80662485
474.000000	-51.97084854
476.000000	-63.58106624
478.000000	-25.63365223
480.000000	0.57411726
482.000000	28.73379779
484.000000	-65.88887147
486.000000	-18.47847718
488.000000	19.19044732
490.000000	-16.85279554
492.000000	12.40096181
494.000000	37.71504700
496.000000	8.08858338
498.000000	53.39845541
500.000000	-11.45198447
502.000000	-74.22935187
504.000000	83.37835563
506.000000	-9.93084342
508.000000	-27.20413366
510.000000	25.46318864
512.000000	-35.43512656
514.000000	-30.26113654
516.000000	30.54644932
518.000000	-44.48701162
520.000000	-56.42094417
522.000000	23.88578460
524.000000	17.86310700
526.000000	-28.17772673
528.000000	6.65176422
530.000000	-1.31794778
532.000000	-10.21261389
534.000000	40.25493230
536.000000	17.34175478
538.000000	-5.05023449
540.000000	127.29340189
542.000000	-52.13336649
544.000000	20.89526940
546.000000	-47.24254452
548.000000	-61.98033662
550.000000	-66.48270012
552.000000	-38.45880127
554.000000	-6.06543519
556.000000	41.96503220
558.000000	26.76066777
560.000000	23.55742744
562.000000	-49.82716865
564.000000	14.40100414
566.000000	79.68041156
568.000000	62.23885267
570.000000	-29.77403538
572.000000	-41.61882351
574.000000	54.16179116
576.000000	13.78544085
578.000000	7.66064144
580.000000	34.32673165
582.000000	-52.09996022
584.000000	88.04303369
586.000000	-86.58353995
588.000000	58.52045275
590.000000	2.89378897
592.000000	69.19396534
594.000000	73.35463585
596.000000	53.85172274
598.000000	23.93562971
600.000000	-19.81451067
602.000000	-61.05239862
604.000000	-35.80960134
606.000000	9.73218644
608.000000	-57.04938628
610.000000	-1.87637518
612.000000	-27.27479580
614.000000	-61.30114045
616.000000	-9.18590887
618.000000	3.05932217
620.000000	-3.47224749
622.000000	79.80616451
624.000000	4.49984004
626.000000	-8.79737370
628.000000	-67.17959501
630.000000	27.69743562
632.000000	15.27767192
634.000000	-42.29204028
636.000000	-47.59371049
638.000000	20.11788843
640.000000	30.36650326
642.000000	-90.50583572
644.000000	-68.16987037
646.000000	40.85260363
648.000000	39.68253678
650.000000	-54.42534246
652.000000	22.27451531
654.000000	-6.22975540
656.000000	29.37152554
658.000000	35.55314522
660.000000	-67.16157012
662.000000	6.04296944
664.000000	11.36900923
666.000000	-58.27457000
668.000000	1.78326260
670.000000	45.47096584
672.000000	33.69097150
674.000000	-34.99508924
676.000000	-31.99348000
678.000000	-8.42865012
680.000000	-67.55864051
682.000000	-36.86497698
684.000000	-70.06797533
686.000000	-11.00363644
688.000000	-76.52175316
690.000000	-81.73241592
692.000000	24.63124499
694.000000	2.54601379
696.000000	-25.55224279
698.000000	-30.28366579
700.000000	46.45310608
702.000000	77.48000807
704.000000	-70.46443442
706.000000	51.10860343
708.000000	-28.99800264
710.000000	-60.25066039
712.000000	-25.78918441
714.000000	-12.96371591
716.000000	-47.91545839
718.000000	-57.52793588
720.000000	90.79121950
722.000000	51.74855096
724.000000	-35.13431807
726.000000	-27.67919731
728.000000	-51.85123542
730.000000	-105.17770231
732.000000	-35.23144042
734.000000	-2.81972218
736.000000	-44.22787887
738.000000	-102.21973484
740.000000	-78.56343209
742.000000	128.12173979
744.000000	-46.78115500
746.000000	50.94398733
748.000000	21.79646510
750.000000	-1.21096199
752.000000	-28.49958289
754.000000	-37.78431731
756.000000	-4.43640625
758.000000	12.00998744
760.000000	23.81713061
762.000000	-94.44638570
764.000000	128.04493621
766.000000	-10.59991717
768.000000	-34.11952963
770.000000	41.51376375
772.000000	27.28502419
774.000000	53.83127516
776.000000	-9.28871097
778.000000	-1.02531208
780.000000	-5.69831265
782.000000	-56.02847252
784.000000	10.69328077
786.000000	-42.37883755
788.000000	33.00281740
790.000000	-40.17686276
792.000000	-37.73360921
794.000000	30.95547301
796.000000	44.69749578
798.000000	24.77191088
800.000000	-22.43263717
802.000000	-87.66959228
804.000000	33.12625177
806.000000	39.73806705
808.000000	-27.93199076
810.000000	-16.54773232
812.000000	36.73437622
814.000000	-16.07355668
816.000000	-2.13272048
818.000000	-2.97408348
820.000000	8.65331598
822.000000	-29.40904064
824.000000	-83.23770180
826.000000	-45.45103099
828.000000	9.54109192
830.000000	-46.29923199
832.000000	15.23635080
834.000000	50.36690055
836.000000	-24.08500118
838.000000	-37.20340436
840.000000	-25.26760764
842.000000	-48.90939134
844.000000	87.76376307
846.000000	-6.74130386
848.000000	-1.77929774
850.000000	-46.92778887
852.000000	-15.37022105
854.000000	11.47760054
856.000000	79.58593260
858.000000	46.99879912
860.000000	67.81763525
862.000000	70.08471122
864.000000	22.05360497
866.000000	-0.98690722
868.000000	17.77345244
870.000000	-43.84344319
872.000000	49.24580697
874.000000	-23.09073856
876.000000	-68.25510785
878.000000	-61.85457336
880.000000	31.32262835
882.000000	-30.73828643
884.000000	-56.46025138
886.000000	-15.80512851
888.000000	23.12681234
890.000000	-49.09743643
892.000000	34.54774971
894.000000	-12.16167705
896.000000	5.26215208
898.000000	-9.16820319
900.000000	44.32110779
902.000000	106.72589308
904.000000	95.34373492
906.000000	-17.57345284
908.000000	-24.57382297
910.000000	-50.11621792
912.000000	35.48524517
914.000000	-26.84851558
916.000000	92.43901561
918.000000	27.95313168
920.000000	64.05591925
922.000000	23.91824463
924.000000	-103.01814186
926.000000	25.94341376
928.000000	68.84870055
930.000000	50.78090142
932.000000	4.18764250
934.000000	-14.31256735
936.000000	29.01837137
938.000000	26.39196013
940.000000	-40.65872791
942.000000	25.91167454
944.000000	-94.55964992
946.000000	41.79951581
948.000000	1.94255615
950.000000	17.38848718
952.000000	-74.85028310
954.000000	-33.02185228
956.000000	95.55405330
958.000000	-76.25033000
960.000000	28.88953544
962.000000	-35.92715612
964.000000	61.49934969
966.000000	102.22377397
968.000000	-39.54100864
970.000000	59.13740088
972.000000	41.17775778
974.000000	-45.42432452
976.000000	32.42551843
978.000000	122.38434507
980.000000	30.46901310
982.000000	65.52788889
984.000000	50.44751887
986.000000	6.39582810
988.000000	62.44684807
990.000000	-8.68220604
992.000000	66.45411950
994.000000	-39.07453031
996.000000	77.67584826
998.000000	-0.42937725
1000.000000	87.78267587
1002.000000	-16.27861704
1004.000000	-55.64853694
1006.000000	-102.44903618
1008.000000	-2.57480301
1010.000000	-95.60145017
1012.000000	-51.71629042
1014.000000	2.07740365
1016.000000	26.15762198
1018.000000	-33.18018802
1020.000000	-32.19238714
1022.000000	-3.31895733
1024.000000	-69.75596628
1026.000000	-0.62895763
1028.000000	-25.11096315
1030.000000	24.92885322
1032.000000	25.62862332
1034.000000	-21.69636363
1036.000000	18.57226266
1038.000000	-25.53619598
1040.000000	-3.98653412
1042.000000	5.00965974
1044.000000	20.92340818
1046.000000	59.53489321
1048.000000	50.06436988
1050.000000	27.00166471
1052.000000	41.50088266
1054.000000	71.63280045
1056.000000	93.12798280
1058.000000	-48.00672550
1060.000000	114.45914303
1062.000000	-28.52086115
1064.000000	-129.48693675
1066.000000	-10.23080502
1068.000000	29.85743946
1070.000000	29.53009628
1072.000000	-127.98889657
1074.000000	-32.26619204
1076.000000	-1.25440948
1078.000000	-27.53024949
1080.000000	33.57877323
1082.000000	-46.62435733
1084.000000	76.30044814
1086.000000	0.79297307
1088.000000	0.23264249
1090.000000	-31.22056922
1092.000000	1.42029549
1094.000000	-2.07168631
1096.000000	-34.46472494
1098.000000	99.20620095
1100.000000	-7.82595403
1102.000000	23.28915601
1104.000000	-29.55369714
1106.000000	-4.66958423
1108.000000	-64.84653775
1110.000000	-70.95986047
1112.000000	-4.10057611
1114.000000	-14.73697212
1116.000000	-47.59825161
1118.000000	-70.36575622
1120.000000	33.49727075
1122.000000	-26.05803328
1124.000000	60.16811161
1126.000000	-92.85231681
1128.000000	-7.51042872
1130.000000	-47.34057278
1132.000000	-60.64927486
1134.000000	-64.81650081
1136.000000	46.23873611
1138.000000	65.14033557
1140.000000	-78.58824021
1142.000000	-55.07878606
1144.000000	-81.93493572
1146.000000	-81.61455508
1148.000000	5.53623502
1150.000000	-7.58083623
1152.000000	-45.45059672
1154.000000	49.54514773
1156.000000	-83.23327209
1158.000000	26.60801335
1160.000000	-32.70975454
1162.000000	66.74486827
1164.000000	51.38217976
1166.000000	73.26802465
1168.000000	-3.80724296
1170.000000	-99.32117006
1172.000000	-18.58181675
1174.000000	34.52237295
1176.000000	-13.81924311
1178.000000	-1.75364488
1180.000000	5.08159009
1182.000000	-127.93222971
1184.000000	6.47510904
1186.000000	-83.00096019
1188.000000	-80.44433513
1190.000000	21.73980904
1192.000000	55.80107142
1194.000000	-17.63651206
1196.000000	72.93026503
1198.000000	23.39997148
1200.000000	-37.39716156
1202.000000	-25.07228633
1204.000000	-43.28253450
1206.000000	-41.34709368
1208.000000	12.63020971
1210.000000	-29.39440984
1212.000000	53.59662972
1214.000000	61.98685891
1216.000000	81.38130387
1218.000000	31.48837935
1220.000000	-81.42013182
1222.000000	-2.29436888
1224.000000	-16.32819087
1226.000000	-63.31314728
1228.000000	-33.54343936
1230.000000	23.26356688
1232.000000	-2.84108745
1234.000000	-9.25390340
1236.000000	46.52522617
1238.000000	52.10187313
1240.000000	0.60850843
1242.000000	90.01945614
1244.000000	-63.68994700
1246.000000	25.14125581
1248.000000	-47.38549588
1250.000000	56.83573488
1252.000000	11.88148983
1254.000000	-92.35597727
1256.000000	16.88629332
1258.000000	-54.21202730
1260.000000	6.78307591
1262.000000	5.64022123
1264.000000	100.07130074
1266.000000	12.10788785
1268.000000	33.51109159
1270.000000	-0.88481948
1272.000000	63.37007402
1274.000000	3.03841967
1276.000000	-53.15930967
1278.000000	50.10786795
1280.000000	22.52082015
1282.000000	-118.60896990
1284.000000	67.69207962
1286.000000	-0.22022730
1288.000000	-44.35995614
1290.000000	53.27372940
1292.000000	1.13179370
1294.000000	61.61613193
1296.000000	-14.99500060
1298.000000	-36.31052493
1300.000000	-29.69354526
1302.000000	-22.30129586
1304.000000	17.53784019
1306.000000	-0.70525555
1308.000000	36.51126067
1310.000000	-75.25857111
1312.000000	77.12220765
1314.000000	0.14062710
1316.000000	-104.47857806
1318.000000	23.84535710
1320.000000	43.16739144
1322.000000	-85.15584668
1324.000000	-84.77156550
1326.000000	-11.17357702
1328.000000	15.22048200
1330.000000	-30.36383856
1332.000000	-92.88163134
1334.000000	0.30520356
1336.000000	-66.72777868
1338.000000	-69.34203732
1340.000000	-6.38312981
1342.000000	-80.52641166
1344.000000	60.20138313
1346.000000	83.81234758
1348.000000	6.80053515
1350.000000	-17.64752338
1352.000000	-46.77110763
1354.000000	54.80647347
1356.000000	-21.76017800
1358.000000	37.21738893
1360.000000	4.95204104
1362.000000	4.98081322
1364.000000	25.35694985
1366.000000	36.08734854
1368.000000	-82.45556536
1370.000000	3.63006266
1372.000000	-46.77643471
1374.000000	26.44852835
1376.000000	-14.42217740
1378.000000	-40.54001039
1380.000000	33.58408523
1382.000000	-45.33278308
1384.000000	106.29864819
1386.000000	-46.58853742
1388.000000	-43.14794967
1390.000000	21.25522716
1392.000000	39.14701623
1394.000000	12.17975954
1396.000000	17.24707309
1398.000000	9.93238989
1400.000000	86.88057370
1402.000000	17.72685869
1404.000000	-37.09385369
1406.000000	39.68141589
1408.000000	43.89413487
1410.000000	7.36701496
1412.000000	-29.94078499
1414.000000	2.86993320
1416.000000	-99.92975108
1418.000000	29.47717935
1420.000000	-22.54897812
1422.000000	24.44821551
1424.000000	26.45222202
1426.000000	-55.28867592
1428.000000	-48.37467912
1430.000000	43.61201484
1432.000000	-41.03770235
1434.000000	1.47262525
1436.000000	6.89841189
1438.000000	-6.20277299
1440.000000	41.17187312
1442.000000	-10.61316746
1444.000000	-123.19249867
1446.000000	-42.66391153
1448.000000	7.05941201
1449.000000	-120.72513740
1450.000000	44.81276808
1451.000000	48.35470434
1452.000000	13.92059904
1453.000000	-12.60260801
1454.000000	-46.18627074
1455.000000	-18.76780507
1456.000000	67.03446594
1457.000000	2.67030657
1458.000000	-40.10327972
1459.000000	-76.82613791
1460.000000	46.04446847
1461.000000	-70.30659552
1462.000000	-19.02400311
1463.000000	-0.17908194
1464.000000	65.41828283
1465.000000	47.79754448
1466.000000	59.05021295
1467.000000	-73.80751748
1468.000000	5.69612312
1469.000000	-10.81975618
1470.000000	-56.46916952
1471.000000	28.99563009
1472.000000	52.74637540
1473.000000	94.32855849
1474.000000	66.98861802
1475.000000	-3.93400242
1476.000000	-9.55508113
1477.000000	60.30113873
1478.000000	53.23363649
1479.000000	32.12470184
1480.000000	-9.48512976
1481.000000	7.71884829
1482.000000	2.58872162
1483.000000	-102.23878936
1484.000000	21.59644155
1485.000000	39.25136638
1486.000000	39.94616494
1487.000000	2.37377166
1488.000000	56.97589614
1489.000000	67.60541372
1490.000000	-17.49757491
1491.000000	-81.33557574
1492.000000	6.71303946
1493.000000	-27.95606065
1494.000000	-21.84308113
1495.000000	-1.53121399
1496.000000	-50.87727100
1497.000000	22.65456100
1498.000000	54.24424043
1499.000000	25.98771238
1500.000000	-17.39447871
1501.000000	-13.89694209
1502.000000	14.45196474
1503.000000	66.21102116
1504.000000	8.27886989
1505.000000	-60.60224585
1506.000000	2.02707243
1507.000000	-33.15718189
1508.000000	-16.19562855
1509.000000	55.01177148
1510.000000	0.54327000
1511.000000	47.63037262
1512.000000	54.36386618
1513.000000	10.73811524
1514.000000	15.10119440
1515.000000	-17.38750311
1516.000000	7.29914019
1517.000000	32.05849961
1518.000000	42.66210421
1519.000000	63.55324779
1520.000000	-77.56800205
1521.000000	7.03041193
1522.000000	43.94262770
1523.000000	-36.87789492
1524.000000	-19.55530924
1525.000000	18.78883344
1526.000000	-19.87144009
1527.000000	-38.79020873
1528.000000	-18.03123126
1529.000000	16.20810339
1530.000000	-21.76543537
1531.000000	-88.08199556
1532.000000	29.59567327
1533.000000	-88.75836277
1534.000000	34.76840580
1535.000000	34.81042496
1536.000000	37.18400311
1537.000000	24.53644949
1538.000000	29.37065851
1539.000000	-90.88343145
1540.000000	-97.94650556
1541.000000	-52.37643349
1542.000000	1.25656964
1543.000000	33.98298449
1544.000000	114.23425747
1545.000000	44.59815163
1546.000000	16.65922395
1547.000000	-26.10859936
1548.000000	-10.62138297
1549.000000	3.86036480
1550.000000	-45.01188460
1551.000000	91.81806234
1552.000000	30.17766309
1553.000000	20.60090554
1554.000000	5.67944107
1555.000000	-42.79463943
1556.000000	86.57239739
1557.000000	-51.45943841
1558.000000	-18.83454917
1559.000000	-48.29687312
1560.000000	-42.38668574
1561.000000	0.37452755
1562.000000	-18.33874839
1563.000000	4.59141508
1564.000000	43.93333096
1565.000000	-95.39464324
1566.000000	16.79384260
1567.000000	-18.07801872
1568.000000	16.10649790
1569.000000	-46.18037610
1570.000000	-4.88209340
1571.000000	-41.15191729
1572.000000	12.80412267
1573.000000	87.94387344
1574.000000	2.28169339
1575.000000	-47.27210007
1576.000000	-37.28498918
1577.000000	-40.75461076
1578.000000	-25.84651189
1579.000000	-8.15319385
1580.000000	-123.29852982
1581.000000	80.55497569
1582.000000	-80.57679117
1583.000000	0.44939768
1584.000000	-28.50996248
1585.000000	14.69543395
1586.000000	-32.19694830
1587.000000	6.46897051
1588.000000	4.17153092
1589.000000	-35.00200889
1590.000000	-1.75086699
1591.000000	-30.42536501
1592.000000	81.70426654
1593.000000	-37.79383783
1594.000000	9.05734732
1595.000000	44.87431369
1596.000000	18.87155660
1597.000000	-6.85552594
1598.000000	76.99939238
1599.000000	-41.28610109
1600.000000	60.52709176
1601.000000	95.12384714
1602.000000	-41.86257195
1603.000000	34.74203177
1604.000000	-25.42274166
1605.000000	6.79063973
1606.000000	22.60570314
1607.000000	84.67044036
1608.000000	17.32303327
1609.000000	29.12570706
1610.000000	3.83945699
1611.000000	-27.72860734
1612.000000	-17.08430881
1613.000000	43.93131743
1614.000000	26.02748767
1615.000000	44.59815438
1616.000000	11.60323507
1617.000000	-51.13892424
1618.000000	117.45236584
1619.000000	-7.24119929
1620.000000	-7.99086895
1621.000000	13.92835471
1622.000000	-69.42016260
1623.000000	-5.43851500
1624.000000	-36.61924087
1625.000000	24.11191101
1626.000000	43.49359564
1627.000000	2.42083808
1628.000000	104.08623394
1629.000000	21.47781153
1630.000000	-76.48299123
1631.000000	56.51414859
1632.000000	101.93205702
1633.000000	35.30224336
1634.000000	103.11093893
1635.000000	-67.44620546
1636.000000	25.38481712
1637.000000	-20.52698958
1638.000000	-46.21109667
1639.000000	-64.53697471
1640.000000	-21.71000555
1641.000000	53.30263388
1642.000000	-18.91210942
1643.000000	-31.90161383
1644.000000	96.63100691
1645.000000	56.84931971
1646.999000	16.27419107
1647.999000	44.68416025
1648.999000	30.19353706
1649.999000	41.60460846
1650.999000	-96.38694255
1651.999000	104.49742360
1652.999000	64.32516117
1653.999000	-19.15219401
1654.999000	-92.86423161
1655.999000	-62.76166639
1656.999000	-62.11702388
1657.999000	-102.99539652
1658.999000	-37.50496820
1659.999000	27.19540901
1660.999000	15.06418459
1661.999000	67.06212608
1662.999000	1.58275573
1663.999000	-32.96731292
1664.999000	-52.60833002
1665.999000	31.16213412
1666.999000	27.47841832
1667.999000	91.12354607
1668.999000	-67.14323766
1669.999000	-37.94206877
1670.999000	92.66350574
1671.999000	84.89698251
1672.999000	21.83245918
1673.999000	-14.15582514
1674.999000	-40.13950362
1675.999000	-120.18649779
1676.999000	65.59042308
1677.999000	55.20690672
1678.999000	43.49814513
1679.999000	121.68847692
1680.999000	23.61363314
1681.999000	-62.01052580
1682.999000	29.05235476
1683.999000	20.50977518
1684.999000	11.06811956
1685.999000	17.52852596
1686.999000	-98.73867011
1687.999000	58.13334368
1688.999000	-47.51131091
1689.999000	27.15807363
1690.999000	55.59846153
1691.999000	87.19510164
1692.999000	29.23351548
1693.999000	-45.72365630
1694.999000	0.81916472
1695.999000	4.35411359
1696.999000	-4.62724122
1697.999000	-43.02843056
1698.999000	46.69224994
1699.999000	-20.88322747
1700.999000	-52.50756313
1701.999000	-4.15311261
1702.999000	-6.66861305
1703.999000	44.53212143
1704.999000	7.12489832
1705.999000	-18.84706005
1706.999000	87.31515553
1707.999000	35.15233913
1708.999000	10.08753132
1709.999000	-2.84134290
1710.999000	2.59814554
1711.999000	23.05530286
1712.999000	-130.92344065
1713.999000	-46.42188739
1714.999000	-20.81100196
1715.999000	34.23173249
1716.999000	-50.97127788
1717.999000	56.99117380
1718.999000	-140.58587391
1719.999000	-114.09039198
1720.999000	-6.10557643
1721.999000	25.40101447
1722.999000	19.82327280
1723.999000	56.14015161
1724.999000	50.04500988
1725.999000	59.88132930
1726.999000	15.86446501
1727.999000	-33.31433190
1728.999000	-144.06094322
1729.999000	-57.27215416
1730.999000	19.38563949
1731.999000	27.87351254
1732.999000	-17.28352789
1733.999000	31.23082399
1734.999000	18.24309855
1735.999000	13.58351840
1736.999000	34.69437840
1737.999000	13.47778321
1738.999000	54.64670664
1739.999000	39.67658634
1740.999000	5.29216336
1741.999000	-99.86290399
1742.999000	-62.01684449
1743.999000	-8.96991595
1744.999000	12.49541258
1745.999000	67.94993251
1746.999000	-3.29238012
1747.999000	-67.62339733
1748.999000	9.43443586
1749.999000	-16.92255293
1750.999000	-17.73962744
1751.999000	11.93339892
1752.999000	-21.79138031
1753.999000	-9.07683317
1754.999000	-28.08274615
1755.999000	-3.67988334
1756.999000	-35.81721016
1757.999000	-30.71708070
1758.999000	24.89174701
1759.999000	-23.01612445
1760.999000	-26.93667371
1761.999000	81.15192880
1762.999000	-3.06401640
1763.999000	-52.16159229
1764.999000	-28.34860529
1765.999000	40.16297437
1766.999000	97.21863842
1767.999000	16.01850400
1768.999000	27.77133354
1769.999000	-19.58440239
1770.999000	81.48194173
1771.999000	-51.83371716
1772.999000	22.66943403
1773.999000	35.22573077
1774.999000	75.34418362
1775.999000	74.17014349
1776.999000	-72.53707616
1777.999000	-34.61556965
1778.999000	-31.45907282
1779.999000	-58.60317126
1780.999000	15.05826642
1781.999000	-100.91410476
1782.999000	40.88127785
1783.999000	26.48350881
1784.999000	-47.80808162
1785.999000	-15.38932981
1786.999000	-69.02122743
1787.999000	40.71655449
1788.999000	-31.70278829
1789.999000	-29.42836090
1790.999000	-18.38504372
1791.999000	9.80240350
1792.999000	-7.51844750
1793.999000	-91.14397170
1794.999000	4.12115845
1795.999000	22.90743960
1796.999000	5.18720499
1797.999000	27.88045218
1798.999000	23.48802686
1799.999000	83.79930057
1800.999000	-22.67181133
1801.999000	19.80034848
1802.999000	8.68172190
1803.999000	74.58960056
1804.999000	63.36545488
1805.999000	-50.72885814
1806.999000	55.10195581
1807.999000	33.31760348
1808.999000	12.94380634
1809.999000	-126.65741532
1810.999000	88.65644549
1811.999000	-63.93241219
1812.999000	-15.49237117
1813.999000	-68.35179410
1814.999000	-26.81887812
1815.999000	-17.97337822
1816.999000	-145.95826137
1817.999000	24.61503689
1818.999000	-5.78954231
1819.999000	60.09488246
1820.999000	6.90515373
1821.999000	-25.60715080
1822.999000	2.06297623
1823.999000	-91.35213807
1824.999000	-83.42958777
1825.999000	-26.05750815
1826.999000	9.78787487
1827.999000	-15.76727452
1828.999000	-46.67885486
1829.999000	-24.83840387
1830.999000	-49.44405688
1831.999000	-14.18311963
1832.999000	-14.46035620
1833.999000	-25.21686801
1834.999000	-83.86845829
1835.999000	-15.08816751
1836.999000	77.50790345
1837.999000	84.58945473
1838.999000	-15.31142503
1839.999000	2.41280442
1840.999000	-46.34832407
1841.999000	-19.78536100
1842.999000	28.95827757
1843.999000	-5.51600573
1844.999000	38.05806242
1845.999000	-17.11620249
1846.999000	-56.88373295
1847.999000	57.03349924
1848.999000	-35.93000027
1849.999000	72.14398888
1850.999000	12.81042599
1851.999000	-21.14201242
1852.999000	57.30113456
1853.999000	-139.58079993
1854.999000	-27.67336305
1855.999000	7.88931793
1856.999000	-68.22397749
1857.999000	32.56953086
1858.999000	44.57704955
1859.999000	-13.94549838
1860.999000	-2.57327823
1861.999000	-31.66553923
1862.999000	4.22077818
1863.999000	23.25920992
1864.999000	-2.09356213
1865.999000	-4.22448786
1866.999000	-36.29041656
1867.999000	2.18576369
1868.999000	5.26803107
1869.999000	6.43874486
1870.999000	-45.20300565
1871.999000	-49.72966464
1872.999000	-106.83242319
1873.999000	-4.80118725
1874.999000	-39.12656055
1875.999000	-12.05055798
1876.999000	117.14122034
1877.999000	32.89501076
1878.999000	111.90924211
1879.999000	86.21304307
1880.999000	-80.63541512
1881.999000	29.15450464
1882.999000	-108.95200778
1883.999000	-36.64783705
1884.999000	49.71328857
1885.999000	22.14765170
1886.999000	-73.50500525
1887.999000	-47.34775970
1888.999000	141.33912389
1889.999000	-57.00770680
1890.999000	-54.06433887
1891.999000	23.15489532
1892.999000	-22.21745472
1893.999000	87.83828844
1894.999000	-62.44394591
1895.999000	-24.15982679
1896.999000	-43.48776714
1897.999000	-46.40872123
1898.999000	-11.52337626
