# F(k,t) correlation function
# Reference time: 1205.001 ps
# lag_time_ps	F(k,t)
0.000000	434.17025749
2.000000	71.88199084
4.000000	-29.56025361
6.000000	39.43723507
8.000000	52.18868901
10.000000	-88.16346193
12.000000	12.87489380
14.000000	32.94905419
16.000000	62.60029768
18.000000	11.49083151
20.000000	31.10524953
22.000000	-28.42532794
24.000000	1.06142220
26.000000	-37.16365710
28.000000	-16.66724307
30.000000	-86.47181572
32.000000	83.84434566
34.000000	8.91856582
36.000000	8.28213480
38.000000	1.43472527
40.000000	-30.98412632
42.000000	18.39820456
44.000000	35.01275412
46.000000	9.82999844
48.000000	-3.71648362
50.000000	75.88287129
52.000000	29.89690750
54.000000	26.18156281
56.000000	-23.91506710
58.000000	8.60276808
60.000000	28.28732559
62.000000	-38.06192399
64.000000	-36.03741241
66.000000	14.55400046
68.000000	-23.00569690
70.000000	35.23476987
72.000000	-41.96405791
74.000000	-79.71124737
76.000000	-42.97869286
78.000000	-23.94265157
80.000000	-1.83211201
82.000000	-13.57454746
84.000000	22.19151240
86.000000	118.62942881
88.000000	-8.04948441
90.000000	-53.25663322
92.000000	31.29462402
94.000000	105.02277154
96.000000	-13.85016976
98.000000	77.79113162
100.000000	30.13579629
102.000000	-19.34712377
104.000000	-17.76684472
106.000000	49.00491893
108.000000	-18.77574787
110.000000	-8.79991142
112.000000	-25.91745217
114.000000	-39.72710879
116.000000	14.66987484
118.000000	5.96645777
120.000000	103.61709853
122.000000	102.80169973
124.000000	-27.62028039
126.000000	-5.12713900
128.000000	-8.41164711
130.000000	89.73335145
132.000000	-58.26587516
134.000000	-105.40081530
136.000000	-35.79430469
138.000000	7.72248883
140.000000	-18.68682934
142.000000	27.91979426
144.000000	-2.62995538
146.000000	33.89136965
148.000000	-18.99086120
150.000000	30.73050406
152.000000	89.29878574
154.000000	-41.57963312
156.000000	42.68919729
158.000000	21.04745138
160.000000	35.70997999
162.000000	-30.37627832
164.000000	3.56175249
166.000000	-6.59663150
168.000000	77.28878584
170.000000	27.60563382
172.000000	37.50856293
174.000000	-27.20730069
176.000000	-5.94372121
178.000000	-31.36161218
180.000000	73.90161683
182.000000	-45.22023071
184.000000	-31.53699510
186.000000	16.52747682
188.000000	60.69542547
190.000000	-31.50898921
192.000000	114.52793788
194.000000	-63.75439677
196.000000	-45.72511829
198.000000	8.49371256
200.000000	-44.56531412
202.000000	19.90224967
204.000000	-55.40645025
206.000000	-60.33372018
208.000000	19.14041108
210.000000	-87.61169386
212.000000	32.77791160
214.000000	-30.28364807
216.000000	100.38506395
218.000000	-27.36585181
220.000000	68.78471538
222.000000	83.54466483
224.000000	31.71394554
226.000000	-14.91038165
228.000000	-46.71362802
230.000000	0.86780512
232.000000	-28.52525638
234.000000	-104.72396369
236.000000	-22.31709591
238.000000	-41.21564222
240.000000	-40.63157121
242.000000	-2.26608390
244.000000	-58.60090096
246.000000	-36.37187250
248.000000	85.35073601
250.000000	9.21468528
252.000000	-36.58168553
254.000000	-39.56852064
256.000000	83.68524625
258.000000	-27.33956167
260.000000	-28.13519214
262.000000	-41.43557578
264.000000	-63.32962160
266.000000	61.51143564
268.000000	5.03617155
270.000000	-12.52214734
272.000000	34.84883026
274.000000	-41.15206037
276.000000	-2.95285261
278.000000	-23.16689849
280.000000	49.31131878
282.000000	-43.12056625
284.000000	-27.63383537
286.000000	-30.99019583
288.000000	28.88125533
290.000000	27.36502024
292.000000	-10.93255758
294.000000	46.21676746
296.000000	10.11729519
298.000000	-2.22892675
300.000000	23.81687915
302.000000	-32.61109130
304.000000	5.05436888
306.000000	17.37194980
308.000000	3.14305932
310.000000	-28.27631274
312.000000	23.70725886
314.000000	-19.12793722
316.000000	93.42757055
318.000000	-46.95557606
320.000000	58.08812278
322.000000	-22.12574185
324.000000	-101.30823407
326.000000	4.42373218
328.000000	-14.73139612
330.000000	-63.40867921
332.000000	-46.24774112
334.000000	64.68673338
336.000000	-0.33851919
338.000000	19.09540035
340.000000	-39.02728617
342.000000	71.87752837
344.000000	-16.08674004
346.000000	79.61998952
348.000000	48.99640409
350.000000	35.77277488
352.000000	24.01633088
354.000000	62.69052777
356.000000	13.67758095
358.000000	20.69612889
360.000000	-62.49384444
362.000000	34.89720016
364.000000	-6.52969494
366.000000	49.81660074
368.000000	-42.15166600
370.000000	-6.82031396
372.000000	-56.41934450
374.000000	-15.94219455
376.000000	-61.77766468
378.000000	10.15930595
380.000000	-36.26087675
382.000000	-20.04658982
384.000000	-37.23490965
386.000000	53.67781946
388.000000	-57.20509497
390.000000	-58.84038296
392.000000	-36.91304312
394.000000	0.74788446
396.000000	-63.62880403
398.000000	-19.93307259
400.000000	-5.05671078
402.000000	81.94405114
404.000000	-27.94561153
406.000000	25.19608844
408.000000	-11.57240941
410.000000	-36.99940337
412.000000	60.63205603
414.000000	-28.91754102
416.000000	-60.54227605
418.000000	11.30189171
420.000000	80.14523026
422.000000	90.10808650
424.000000	-52.24670361
426.000000	63.93579144
428.000000	-42.11248103
430.000000	-10.61347156
432.000000	-97.92035494
434.000000	-3.73894770
436.000000	-37.01596272
438.000000	-56.15932118
440.000000	17.40961514
442.000000	6.59273545
444.000000	-57.89158011
446.000000	65.12687868
448.000000	-37.84805072
450.000000	53.21244994
452.000000	-56.42240653
454.000000	-69.25734223
456.000000	30.49799133
458.000000	5.25257999
460.000000	31.00090364
462.000000	79.74221605
464.000000	31.34431329
466.000000	71.68523984
468.000000	2.39812764
470.000000	21.10739253
472.000000	-19.63349930
474.000000	-2.49043697
476.000000	47.76494580
478.000000	21.89868494
480.000000	119.83134482
482.000000	-28.98979588
484.000000	-6.94671215
486.000000	95.53266036
488.000000	4.77461496
490.000000	-22.91602208
492.000000	-44.32204026
494.000000	17.78543404
496.000000	-42.61907673
498.000000	-42.52111148
500.000000	-47.85152791
502.000000	49.12163452
504.000000	46.21402777
506.000000	-14.36135986
508.000000	-61.81063980
510.000000	42.66812912
512.000000	-5.43016175
514.000000	7.25050203
516.000000	84.83849467
518.000000	64.24025257
520.000000	-46.92086142
522.000000	-17.32709002
524.000000	-21.35336826
526.000000	32.84737230
528.000000	68.48946061
530.000000	76.77954657
532.000000	20.26149238
534.000000	-43.39154851
536.000000	24.85823388
538.000000	33.96291004
540.000000	49.69342440
542.000000	-61.34098318
544.000000	-3.36238522
546.000000	-29.54915304
548.000000	24.12819199
550.000000	-111.86246501
552.000000	29.98874121
554.000000	21.74822739
556.000000	29.08621542
558.000000	42.46298241
560.000000	-96.18802898
562.000000	-111.50503122
564.000000	15.90468124
566.000000	66.80336529
568.000000	68.67177293
570.000000	-19.75351736
572.000000	-3.16373542
574.000000	10.39958422
576.000000	-4.93496213
578.000000	-55.91012420
580.000000	-9.88111206
582.000000	36.41458136
584.000000	-31.93252136
586.000000	-97.98321655
588.000000	-11.14504638
590.000000	-31.50760162
592.000000	-24.97077708
594.000000	-39.57583064
596.000000	7.84309663
598.000000	-39.69582987
600.000000	-7.87869629
602.000000	3.82712991
604.000000	43.34192671
606.000000	-42.76057938
608.000000	-81.70237928
610.000000	-35.30510683
612.000000	-47.58460235
614.000000	-29.01018959
616.000000	-14.46441301
618.000000	-39.03818957
620.000000	-58.43890579
622.000000	-9.35833082
624.000000	16.40912877
626.000000	50.92478521
628.000000	54.57446014
630.000000	-8.25315644
632.000000	8.38327868
634.000000	8.79069026
636.000000	-42.90045842
638.000000	48.16398799
640.000000	10.84597714
642.000000	21.64381514
644.000000	3.03625643
645.000000	39.18115137
646.000000	13.26180959
647.000000	-38.74277146
648.000000	-8.39353837
649.000000	-7.10245595
650.000000	-96.13439689
651.000000	30.65657511
652.000000	52.10287341
653.000000	-34.17506680
654.000000	-31.51101166
655.000000	7.69486002
656.000000	-1.48596438
657.000000	24.23051870
658.000000	3.30339501
659.000000	-51.16869744
660.000000	21.82705053
661.000000	-8.47063820
662.000000	-14.45904037
663.000000	81.43467122
664.000000	-36.68436052
665.000000	-53.85400956
666.000000	-46.09116496
667.000000	10.22109663
668.000000	-34.58312401
669.000000	-19.09030821
670.000000	18.81216738
671.000000	-37.53145757
672.000000	72.01029042
673.000000	-27.32147978
674.000000	-1.34182457
675.000000	-39.65488118
676.000000	54.71109437
677.000000	1.08692546
678.000000	51.33168693
679.000000	39.74168520
680.000000	-46.04338680
681.000000	-56.04520702
682.000000	-50.10570086
683.000000	32.17685780
684.000000	-65.29880452
685.000000	-12.90924262
686.000000	72.33988902
687.000000	71.83373769
688.000000	19.66710175
689.000000	-44.47395330
690.000000	-1.82435894
691.000000	-54.17804908
692.000000	-32.70538285
693.000000	-7.30237077
694.000000	19.67252216
695.000000	-59.95300373
696.000000	-3.78096055
697.000000	14.62680989
698.000000	108.57580101
699.000000	-13.41597364
700.000000	51.66412034
701.000000	55.88444668
702.000000	11.39099383
703.000000	26.06470933
704.000000	-91.13489841
705.000000	-19.11951824
706.000000	41.02738848
707.000000	-29.84461331
708.000000	17.52870885
709.000000	27.14762452
710.000000	41.03004712
711.000000	-13.59275369
712.000000	-23.16391774
713.000000	12.03064016
714.000000	-0.65685439
715.000000	-60.42237847
716.000000	59.37274969
717.000000	-56.26234868
718.000000	52.05764887
719.000000	-4.40300871
720.000000	28.51555331
721.000000	-4.80082386
722.000000	106.59720063
723.000000	-32.12167539
724.000000	-37.55208228
725.000000	-3.17755614
726.000000	-16.24079576
727.000000	47.88191904
728.000000	43.89902010
729.000000	-42.21918235
730.000000	14.48467189
731.000000	-31.96573940
732.000000	-73.33647102
733.000000	16.86407860
734.000000	-17.06434086
735.000000	50.39132274
736.000000	-45.66472687
737.000000	-32.64085629
738.000000	-38.03086902
739.000000	-12.65005318
740.000000	-13.56445591
741.000000	86.84811983
742.000000	21.84661154
743.000000	-68.84534680
744.000000	48.40135041
745.000000	-8.26035054
746.000000	39.81238405
747.000000	-49.69085491
748.000000	-33.77043253
749.000000	-25.07106775
750.000000	61.43296036
751.000000	21.52657376
752.000000	30.56348967
753.000000	33.39480525
754.000000	24.21176872
755.000000	-18.01960936
756.000000	-26.07709160
757.000000	-55.68230745
758.000000	-3.21714340
759.000000	-0.79422671
760.000000	-26.97948877
761.000000	-1.75287255
762.000000	19.01274985
763.000000	1.44150582
764.000000	-41.48528066
765.000000	-3.28173327
766.000000	47.27679705
767.000000	10.59562308
768.000000	-71.15727194
769.000000	52.38249179
