# F(k,t) correlation function
# Reference time: 0.000 ps
# lag_time_ps	F(k,t)
0.000000	635.98069642
1.000000	-72.64081479
2.000000	-12.38689150
3.000000	20.55044991
4.000000	-23.93709435
5.000000	30.50338887
6.000000	-48.14524901
7.000000	20.70801047
8.000000	6.43130034
9.000000	50.24382244
10.000000	-104.41639548
11.000000	-25.76141060
12.000000	-82.05310456
13.000000	67.74857545
14.000000	-23.57325975
15.000000	-36.57696211
16.000000	75.76470084
17.000000	-23.75475210
18.000000	35.28748291
19.000000	-34.53715816
20.000000	-16.96616457
21.000000	40.55819725
22.000000	-23.89748710
23.000000	15.46418559
24.000000	-77.58019060
25.000000	-11.19936356
26.000000	-0.35234250
27.000000	3.55020388
28.000000	-3.40856037
29.000000	-116.54195737
30.000000	-18.29247525
31.000000	-11.81768220
32.000000	-73.68372885
33.000000	12.25179466
34.000000	-25.22687785
35.000000	89.00127166
36.000000	47.36807376
37.000000	-138.40744506
38.000000	68.31602425
39.000000	-32.36012926
40.000000	53.16365202
41.000000	-17.24554958
42.000000	33.68170216
43.000000	12.87058624
44.000000	-5.56732096
45.000000	-16.34534757
46.000000	23.92108235
47.000000	24.07133679
48.000000	7.41932021
49.000000	-147.70055221
50.000000	62.96675176
51.000000	-106.11963438
52.000000	-27.88825415
53.000000	21.01214684
54.000000	51.32418274
55.000000	102.40554207
56.000000	-16.74026578
58.000000	-1.91831862
60.000000	-56.76699371
62.000000	-17.06767698
64.000000	-4.24627735
66.000000	52.55356659
68.000000	-97.97431874
70.000000	8.61438564
72.000000	79.97910867
74.000000	-28.56755396
76.000000	24.83767317
78.000000	-127.39458255
80.000000	6.96487826
82.000000	-34.04210296
84.000000	-108.98869949
86.000000	48.92556675
88.000000	-38.17651994
90.000000	-51.03091462
92.000000	19.50798039
94.000000	72.15228214
96.000000	22.12522474
98.000000	47.90912109
100.000000	-10.36621577
102.000000	-28.21424163
104.000000	-123.00419834
106.000000	-8.82959139
108.000000	101.91361371
110.000000	112.29964864
112.000000	-21.33744621
114.000000	-89.21331178
116.000000	-1.55390693
118.000000	-15.93759439
120.000000	56.43959670
122.000000	4.07708363
124.000000	10.13405917
126.000000	44.73447272
128.000000	-31.93401097
130.000000	18.09895627
132.000000	-48.93521745
134.000000	-104.17699601
135.001000	-11.52079454
137.001000	-3.82543384
139.001000	-34.11172844
141.001000	18.20121342
143.001000	-54.64790549
145.001000	-101.42269502
147.001000	37.12385890
149.001000	0.04561333
151.001000	26.79344828
153.001000	24.44060634
155.001000	-28.33825923
157.001000	75.16590494
159.001000	-97.74217386
161.001000	-11.54414572
163.001000	52.32932225
165.001000	-14.76616416
167.001000	49.36467052
169.001000	-161.67895028
171.001000	56.00999543
173.001000	64.73895617
175.001000	-53.42808257
177.001000	40.80494328
179.001000	-100.93608930
181.001000	-14.75459424
183.001000	-42.07200516
185.001000	58.44611898
187.001000	76.07869296
189.001000	-83.96073699
191.001000	-62.00324503
193.001000	-50.45694539
195.001000	-0.57151550
197.001000	-57.37236103
199.001000	69.32432882
201.001000	-31.18360090
203.001000	-83.46450746
205.001000	-123.82856214
207.001000	-69.92606739
209.001000	-62.72994067
211.001000	26.32885253
213.001000	8.52025182
215.001000	53.78121267
217.001000	-30.44064116
219.001000	-19.71243141
221.001000	36.51797159
223.001000	-185.06332759
225.001000	-25.54470085
227.001000	44.39817638
229.001000	-54.68712579
231.001000	33.19844007
233.001000	-122.21411616
235.001000	-27.38656966
237.001000	69.32406038
239.001000	109.34093284
241.001000	-20.08368124
243.001000	-14.06865673
245.001000	3.05556604
247.001000	-4.94115551
249.001000	-24.07273136
251.001000	43.44587861
253.001000	-13.78164661
255.001000	-1.76831710
257.001000	3.87647958
259.001000	39.00453533
261.001000	-149.37137461
263.001000	72.71949178
265.001000	67.88442757
267.001000	-7.92252712
269.001000	-78.29135106
271.001000	26.82724300
273.001000	-78.90671863
275.001000	66.02256850
277.001000	-71.16688934
279.001000	12.99125232
281.001000	-64.91569782
283.001000	-63.73490766
285.001000	-35.85467755
287.001000	109.71287202
289.001000	-78.38919604
291.001000	-94.29849217
293.001000	56.37908239
295.001000	-131.02327300
297.001000	-17.49475323
299.001000	13.33816978
301.001000	-39.96216031
303.001000	105.31723465
305.001000	-21.97124922
307.001000	44.19143097
309.001000	-27.59564426
311.001000	-22.52142607
313.001000	44.43672588
315.001000	-80.72386949
317.001000	17.93005696
319.001000	-53.71182143
321.001000	127.13068803
323.001000	49.08130004
325.001000	-21.21390987
327.001000	-61.66477423
329.001000	34.10512562
331.001000	49.33618091
333.001000	50.41825362
335.001000	82.67156833
337.001000	-7.02129257
339.001000	22.75724163
341.001000	2.28641244
343.001000	72.88084941
345.001000	-22.31800755
347.001000	95.67160696
349.001000	45.24964528
351.001000	-26.82965385
353.001000	-75.15118488
355.001000	-48.59271548
357.001000	-74.78828138
359.001000	-115.06968115
361.001000	31.91111434
363.001000	5.82899539
365.001000	74.61951516
367.001000	28.34779271
369.001000	27.11884520
371.001000	-35.77983342
373.001000	-28.51962321
375.001000	-55.94853758
377.001000	-126.70439935
379.001000	47.98420447
381.001000	-43.35578784
383.001000	-63.75819585
385.001000	-24.66960470
387.001000	25.46319624
389.001000	41.91223813
391.001000	12.63705481
393.001000	108.19203518
395.001000	20.77939128
397.001000	38.80797220
399.001000	-111.70159795
401.001000	25.02485479
403.001000	49.78226318
405.001000	83.94590029
407.001000	-59.60611961
409.001000	15.76672131
411.001000	51.18385222
413.001000	91.23989119
415.001000	62.09578274
417.001000	-11.88972823
419.001000	83.10532753
421.001000	-6.75730079
423.001000	-36.15379059
425.001000	-14.03421924
427.001000	-78.59852227
429.001000	-144.88288853
431.001000	47.92223708
433.001000	51.15937474
435.001000	83.81246544
437.001000	69.58992443
439.001000	49.26416833
441.001000	-74.69794116
443.001000	-14.82503439
445.001000	-49.53199606
447.001000	41.63983656
449.001000	-32.67114031
451.001000	86.37309680
453.001000	-111.57624284
455.001000	-27.78771339
457.001000	-110.52427701
459.001000	76.03385575
461.001000	-8.01027843
463.001000	-50.81719755
465.001000	34.47163241
467.001000	113.85785012
469.001000	-24.04910708
471.001000	53.39503165
473.001000	7.13495279
475.001000	-104.60392972
477.001000	-86.74561076
479.001000	-16.16598943
481.001000	-62.13006006
483.001000	57.96444617
485.001000	44.97208347
487.001000	-47.00483811
489.001000	-11.72147607
491.001000	34.24054978
493.001000	103.89375510
495.001000	79.83052599
497.001000	-27.70164426
499.001000	82.29013304
501.001000	-54.35205429
503.001000	32.88531365
505.001000	-96.75339817
507.001000	-51.67588585
509.001000	41.72149202
511.001000	39.08508642
513.001000	-19.53768359
515.001000	13.94855507
517.001000	15.07813643
519.001000	-19.77495222
521.001000	-54.02403060
523.001000	-16.43640790
525.001000	56.56318214
527.001000	-37.39757667
529.001000	-48.98716500
531.001000	-117.80357731
533.001000	74.70067947
535.001000	59.57609666
537.001000	-5.31863785
539.001000	38.72404184
541.001000	73.76427988
543.001000	-0.09208863
545.001000	73.96377567
547.001000	-18.72240778
549.001000	-7.22937836
551.001000	-64.87495064
553.001000	18.94731785
555.001000	-127.16902220
557.001000	66.60771083
559.001000	19.91841419
561.001000	44.85330708
563.001000	-133.43472441
565.001000	21.62785398
567.001000	12.20743627
569.001000	-2.17119276
571.001000	33.55190871
573.001000	-27.40375416
575.001000	164.51714817
577.001000	-45.75926659
579.001000	64.53855474
581.001000	21.20843346
583.001000	-59.57810333
585.001000	-52.28497197
587.001000	44.85434350
589.001000	28.46024160
591.001000	13.45490812
593.001000	-43.16031841
595.001000	13.93942586
597.001000	47.90436424
599.001000	-71.54337096
601.001000	33.68071897
603.001000	29.87900958
605.001000	49.30403162
607.001000	-30.19533495
609.001000	-40.95316075
611.001000	9.89418444
613.001000	26.53847031
615.001000	-52.79456258
617.001000	86.32809706
619.001000	-55.71052582
621.001000	10.35312946
623.001000	-6.29036050
625.001000	-104.04411455
627.001000	80.88021715
629.001000	-62.83156782
631.001000	-54.27860668
633.001000	51.78346436
635.001000	-42.73914345
637.001000	12.34853829
639.001000	71.30133079
641.001000	-19.63431260
643.001000	45.32135700
645.001000	-32.57424984
647.001000	-51.80317281
649.001000	-69.66262961
651.001000	-81.20273203
653.001000	2.94770765
655.001000	-24.77029187
657.001000	3.72510520
659.001000	-26.53973333
661.001000	44.21838775
663.001000	-10.75167813
665.001000	110.50032216
667.001000	-30.84278956
669.001000	9.06531610
671.001000	-24.91286623
673.001000	83.89496466
675.001000	50.39720164
677.001000	4.23455979
679.001000	-75.68653978
681.001000	11.38920834
683.001000	46.18097153
685.001000	-26.58285765
687.001000	-22.78595224
689.001000	40.60885551
691.001000	67.86030446
693.001000	14.73611573
695.001000	28.69453794
697.001000	22.34951759
699.001000	-2.30477379
701.001000	73.21007819
703.001000	-11.82445959
705.001000	-55.10835105
707.001000	0.76146357
709.001000	-83.15723790
711.001000	-81.17017186
713.001000	38.74329953
715.001000	-10.35599779
717.001000	3.80046355
719.001000	53.41649475
721.001000	40.86878394
723.001000	37.00890857
725.001000	-32.94267509
727.001000	124.67925555
729.001000	1.46058204
731.001000	-6.18823127
733.001000	35.34488493
735.001000	88.67796739
737.001000	47.30725594
739.001000	-13.18960411
741.001000	27.88363012
743.001000	-7.69435613
745.001000	-43.67370750
747.001000	26.11932461
749.001000	14.04745076
751.001000	-143.47128664
753.001000	-82.09783662
755.001000	17.32907310
757.001000	31.94015065
759.001000	40.16490509
761.001000	65.46506611
763.001000	22.92345399
765.001000	-22.46100555
767.001000	-11.44731538
769.001000	-10.78586483
771.001000	2.14102640
773.001000	54.35718224
775.001000	-54.86103214
777.001000	2.51545592
779.001000	79.33090818
781.001000	-24.30703065
783.001000	48.68379592
785.001000	78.51323918
787.001000	67.36421125
789.001000	-55.82661570
791.001000	49.96723080
793.001000	46.34945796
795.001000	84.75981242
797.001000	75.16964267
799.001000	-71.95768676
801.001000	23.18709755
803.001000	38.64016203
805.001000	53.78412830
807.001000	-48.78008397
809.001000	96.91366554
811.001000	-17.88203165
813.001000	-13.55239985
815.001000	-2.58748104
817.001000	-35.92539935
819.001000	25.99649785
821.001000	-3.28948859
823.001000	-46.98866790
825.001000	-49.77447331
827.001000	-22.33853524
829.001000	0.34958696
831.001000	-2.37028226
833.001000	-143.05290576
835.001000	156.84362842
837.001000	113.24111416
839.001000	-85.73604605
841.001000	-11.14332725
843.001000	-27.99737918
845.001000	-63.96883266
847.001000	-132.41616208
849.001000	22.46063947
851.001000	29.89990822
853.001000	14.60514019
855.001000	-21.70794323
857.001000	4.02370278
859.001000	39.82467935
861.001000	-56.06825831
863.001000	-4.01949630
865.001000	-85.97010658
867.001000	21.21603149
869.001000	3.81658724
871.001000	-39.32803660
873.001000	-21.39624094
875.001000	-108.77504822
877.001000	44.53170662
879.001000	-45.23269171
881.001000	-1.49769045
883.001000	-50.69471432
885.001000	-47.38166867
887.001000	-7.26336004
889.001000	93.20305531
891.001000	36.69754359
893.001000	82.56029566
895.001000	-1.52084429
897.001000	-66.03498917
899.001000	86.20565303
901.001000	58.32854530
903.001000	57.70418563
905.001000	49.74345768
907.001000	15.53757245
909.001000	-0.38438600
911.001000	89.89920706
913.001000	16.03962930
915.001000	55.91958380
917.001000	13.04430456
919.001000	-42.85821402
921.001000	-49.48625048
923.001000	28.77145864
925.001000	24.40859841
927.001000	-16.62749280
929.001000	-20.45352423
931.001000	113.02474866
933.001000	-37.48857003
935.001000	-38.37195492
937.001000	15.56955939
939.001000	-17.34345516
941.001000	-31.37518270
943.001000	-85.21343891
945.001000	-44.57629753
947.001000	54.20062842
949.001000	27.17031511
951.001000	-111.09259168
953.001000	-54.59720385
955.001000	164.59883694
957.001000	5.12685575
959.001000	46.24940279
961.001000	-0.37641485
963.001000	-16.66350641
965.001000	77.92813009
967.001000	-22.16368426
969.001000	-25.97891967
971.001000	-25.77708286
973.001000	47.44153777
975.001000	-24.31599497
977.001000	-18.52197826
979.001000	-44.63936785
981.001000	97.44212857
983.001000	-68.42103265
985.001000	27.22260055
987.001000	129.61868463
989.001000	-4.03238243
991.001000	14.79215605
993.001000	118.12551730
995.001000	16.12523205
997.001000	39.84700619
999.001000	-62.98647268
1001.001000	-8.54691515
1003.001000	109.97330932
1005.001000	16.77064927
1007.001000	51.38584870
1009.001000	107.61618679
1011.001000	9.82633524
1013.001000	-22.81098397
1015.001000	-54.61408603
1017.001000	70.21452628
1019.001000	-60.03278766
1021.001000	-12.07519310
1023.001000	54.32851844
1025.001000	42.62919804
1027.001000	-17.88381819
1029.001000	-12.38968378
1031.001000	68.36375336
1033.001000	-136.30845146
1035.001000	91.87955565
1037.001000	-10.06945792
1039.001000	-22.54160679
1041.001000	2.57970402
1043.001000	76.43538494
1045.001000	-23.00186145
1047.001000	-106.74138694
1049.001000	-23.58466171
1051.001000	-6.57671886
1053.001000	51.21611153
1055.001000	-85.73723107
1057.001000	-46.40180331
1059.001000	-19.53814402
1061.001000	-74.98747903
1063.001000	66.93911871
1065.001000	-84.62902256
1067.001000	-168.37797524
1069.001000	6.48734282
1071.001000	7.80027731
1073.001000	34.78508012
1075.001000	-8.53768433
1077.001000	136.73981704
1079.001000	35.98260338
1081.001000	79.30369864
1083.001000	18.72430892
1085.001000	37.94623044
1087.001000	-31.81465568
1089.001000	-65.53230936
1091.001000	96.08314104
1093.001000	-52.21506969
1095.001000	-53.07657859
1097.001000	-51.47770494
1099.001000	-19.18840320
1101.001000	14.22444491
1103.001000	29.93568891
1105.001000	-31.03714862
1107.001000	25.06934377
1109.001000	51.06175853
1111.001000	28.05517114
1113.001000	45.78719071
1115.001000	-5.24546090
1117.001000	-3.78790911
1119.001000	-39.29456692
1121.001000	70.35029890
1123.001000	-19.60025102
1125.001000	-51.58465989
1127.001000	-2.69322092
1129.001000	138.36537218
1131.001000	53.52224644
1133.001000	-117.45396549
1135.001000	-29.96368841
1137.001000	89.55354976
1139.001000	44.56512928
1141.001000	-12.25479272
1143.001000	-75.27747891
1145.001000	18.64127787
1147.001000	-20.22698683
1149.001000	7.71477192
1151.001000	120.12170004
1153.001000	-47.40911687
1155.001000	56.53911986
1157.001000	117.90474884
1159.001000	53.91600918
1161.001000	-48.10174001
1163.001000	13.05260760
1165.001000	-10.04962264
1167.001000	70.08632790
1169.001000	-35.76512430
1171.001000	9.37046177
1173.001000	15.72690522
1175.001000	-6.75358901
1177.001000	98.10627399
1179.001000	-27.03355420
1181.001000	49.67876785
1183.001000	23.66641158
1185.001000	26.58590846
1187.001000	24.33975177
1189.001000	-58.98491100
1191.001000	55.88798890
1193.001000	-11.69812790
1195.001000	49.20378109
1197.001000	33.15893138
1199.001000	45.45721298
1201.001000	65.39834764
1203.001000	-29.74136201
1205.001000	32.12611303
1207.001000	-26.95093860
1209.001000	81.15765720
1211.001000	61.97880703
1213.001000	67.53408228
1215.001000	-37.73916901
1217.001000	-35.48310478
1219.001000	49.51225628
1221.001000	19.85875997
1223.001000	-111.86477338
1225.001000	-62.05298415
1227.001000	20.39110152
1229.001000	-19.11985045
1231.001000	8.20212668
1233.001000	2.98138980
1235.001000	39.72820598
1237.001000	-18.74031898
1239.001000	-69.36506881
1241.001000	-74.19264578
1243.001000	38.62432715
1245.001000	15.70100795
1247.001000	-23.62402010
1249.001000	-87.40543296
1251.001000	-94.34014230
1253.001000	52.09150371
1255.001000	35.65571749
1257.001000	12.44438754
1259.001000	-61.10591739
1261.001000	31.63921041
1263.001000	-91.98779478
1265.001000	-1.77823757
1267.001000	105.92834662
1269.001000	-60.03133680
1271.001000	87.12889089
1273.001000	-60.37151962
1275.001000	-4.74295659
1277.001000	40.22956197
1279.001000	25.83471581
1281.001000	32.15524357
1283.001000	-33.64828409
1285.001000	27.19287902
1287.001000	-10.54066957
1289.001000	8.47708341
1291.001000	-56.70276450
1293.001000	-41.80242002
1295.001000	96.42939504
1297.001000	5.85886016
1299.001000	-19.45014937
1301.001000	68.64343836
1303.001000	-50.42424739
1305.001000	77.25094427
1307.001000	25.48461628
1309.001000	-57.83818798
1311.001000	-17.50695608
1313.001000	-35.05584991
1315.001000	25.82021271
1317.001000	17.95629876
1319.001000	-63.46057550
1321.001000	149.53484345
1323.001000	-17.40030058
1325.001000	53.59212528
1327.001000	-27.10902554
1329.001000	36.37060619
1331.001000	-93.36030660
1333.001000	-26.94718551
1335.001000	4.39697413
1337.001000	-69.46041523
1339.001000	28.30863572
1341.001000	72.50197338
1343.001000	36.55756192
1345.001000	-117.86153616
1347.001000	-19.90329773
1349.001000	-95.73582438
1351.001000	88.17956841
1353.001000	-140.23469755
1355.001000	-74.04129021
1357.001000	-35.87903244
1359.001000	13.85473857
1361.001000	-68.37146954
1363.001000	-0.60156427
1365.001000	-69.28827069
1367.001000	-13.84027171
1369.001000	20.60265032
1371.001000	-26.31106457
1373.001000	-85.18763111
1375.001000	122.44903288
1377.001000	-75.16083459
1379.001000	-62.77674072
1381.001000	10.60758212
1383.001000	-33.47626200
1385.001000	76.97104231
1387.001000	19.33603129
1389.001000	-12.99250047
1391.001000	27.46263713
1393.001000	-55.74543428
1395.001000	21.78835306
1397.001000	6.92360107
1399.001000	-39.70381510
1401.001000	-14.68375949
1403.001000	99.43326035
1405.001000	15.98316733
1407.001000	40.58256422
1409.001000	139.71826263
1411.001000	61.52676712
1413.001000	5.28489886
1415.001000	-70.42148073
1417.001000	-127.36276955
1419.001000	95.36562485
1421.001000	90.18479816
1423.001000	-135.53241971
1425.001000	38.73322861
1427.001000	-1.77644792
1429.001000	-36.05983786
1431.001000	-43.10085479
1433.001000	14.22912826
1435.001000	-80.12016023
1437.001000	22.80881415
1439.001000	92.56662989
1441.001000	95.99436908
1443.001000	32.83571963
1445.001000	20.75533138
1447.001000	-36.27545819
1449.001000	-15.07374623
1451.001000	-54.30372411
1453.001000	-31.65562804
1455.001000	-158.40407608
1457.001000	14.43943119
1459.001000	52.80429400
1461.001000	-26.06893170
1463.001000	7.59436777
1465.001000	57.56508927
1467.001000	27.27645889
1469.001000	-5.36083916
1471.001000	-6.66316985
1473.001000	11.66347858
1475.001000	70.40485661
1477.001000	-40.43194534
1479.001000	-82.02692314
1481.001000	-95.23621719
1483.001000	35.09255310
1485.001000	-75.66852209
1487.001000	78.88601696
1489.001000	-72.89835520
1491.001000	42.04516447
1493.001000	9.28290667
1495.001000	-8.36826786
1497.001000	45.38545399
1499.001000	-11.70265064
1501.001000	96.20924493
1503.001000	31.22368716
1505.001000	103.13540936
1507.001000	-21.16312136
1509.001000	69.63556092
1511.001000	-30.99079771
1513.001000	133.04333492
1515.001000	-33.74986371
1517.001000	-4.25081120
1519.001000	96.02346575
1521.001000	36.74584145
1523.001000	68.00247995
1525.001000	-79.27732973
1527.001000	-135.15929555
1529.001000	-106.65815629
1531.001000	-58.84992103
1533.001000	-28.54249185
1535.001000	43.58595040
1537.001000	-33.43564356
1539.001000	68.08811945
1541.001000	-87.93860404
1543.001000	57.40371744
1545.001000	71.56117023
1547.001000	-4.35122234
1549.001000	-61.35550497
1551.001000	-166.58969538
1553.001000	12.74002360
1555.001000	-77.62851665
1557.001000	41.27144760
1559.001000	-98.69357965
1561.001000	-85.21926707
1563.001000	-102.30046593
1565.001000	3.89734095
1567.001000	46.91981774
1569.001000	-56.67506297
1571.001000	-36.59185156
1573.001000	-48.88510170
1575.001000	-54.09435379
1577.001000	7.93552901
1579.001000	-26.79975988
1581.001000	31.04532063
1583.001000	-19.59826075
1585.001000	70.68004158
1587.001000	-105.90386032
1589.001000	-70.52181849
1591.001000	-21.72540392
1593.001000	-11.20850261
1595.001000	-25.66096455
1597.001000	8.78120976
1599.001000	-27.03530703
1601.001000	10.73216123
1603.001000	-76.36904429
1605.001000	20.96016946
1607.001000	102.81600402
1609.001000	44.25116333
1611.001000	86.10699957
1613.001000	-67.66284826
1615.001000	-84.02682780
1617.001000	74.51523104
1619.001000	-50.33078160
1621.001000	-55.24884645
1623.001000	-30.90377490
1625.001000	-44.16185022
1627.001000	-55.36562522
1629.001000	-2.29783165
1631.001000	-21.96590698
1633.001000	88.54741229
1635.001000	-52.64296184
1637.001000	23.78700625
1639.001000	-120.61686486
1641.001000	-4.46471194
1643.001000	-85.99687485
1645.001000	78.10742158
1647.001000	61.17110506
1649.001000	33.68289603
1651.001000	67.90380998
1653.001000	27.03028386
1655.001000	-1.46453628
1657.001000	126.16762681
1659.001000	-86.94195059
1661.001000	-106.20361029
1663.001000	24.38927775
1665.001000	38.15125723
1667.001000	51.54587924
1669.001000	-54.60131415
1671.001000	-53.82102659
1673.001000	31.03931936
1675.001000	-49.39226693
1677.001000	10.04525460
1679.001000	-55.38613706
1681.001000	72.49619733
1683.001000	-31.32233751
1685.001000	82.65121770
1687.001000	9.87954304
1689.001000	67.27365826
1691.001000	-9.71870778
1693.001000	-1.01868117
1695.001000	51.45607640
1697.001000	-52.51871798
1699.001000	-62.92770839
1701.001000	35.43363090
1703.001000	-12.84813708
1705.001000	-19.66639906
1707.001000	43.09162095
1709.001000	15.96440438
1711.001000	9.31184116
1713.001000	16.94770261
1715.001000	38.24743175
1717.001000	-66.24408075
1719.001000	-16.79038870
1721.001000	-56.57508451
1723.001000	-40.92195051
1725.001000	166.60737105
1727.001000	-57.34676341
1729.001000	-77.35147951
1731.001000	-127.12932999
1733.001000	68.13858299
1735.001000	120.20828149
1737.001000	18.71991790
1739.001000	-29.57208837
1741.001000	6.14691041
1743.001000	46.04796512
1745.001000	70.97561242
1747.001000	78.58589059
1749.001000	38.29069343
1751.001000	-17.44668510
1753.001000	28.89089880
1755.001000	37.81779885
1757.001000	96.43372382
1759.001000	-65.63854972
1761.001000	-45.67567893
1763.001000	45.15716277
1765.001000	-94.05184486
1767.001000	24.28790501
1769.001000	35.09930247
1771.001000	-2.95660664
1773.001000	86.87870168
1775.001000	-25.72007347
1777.001000	8.65506905
1779.001000	-0.64475054
1781.001000	-16.17518390
1783.001000	29.75720982
1785.001000	58.98002105
1787.001000	-104.92055214
1789.001000	1.59711674
1791.001000	59.96836503
1793.001000	-0.46503640
1795.001000	34.07123035
1797.001000	15.88570942
1799.001000	49.20562359
1801.001000	48.98667154
1803.001000	-139.51853123
1805.001000	12.53670400
1807.001000	-8.31536233
1809.001000	73.04835672
1811.001000	153.70165307
1813.001000	-63.88335125
1815.001000	17.03591893
1817.001000	-30.48962739
1819.001000	123.49854643
1821.001000	-36.82016640
1823.001000	-13.78415581
1825.001000	94.90415389
1827.001000	105.22656912
1829.001000	-56.06733320
1831.001000	4.65976801
1833.001000	-30.97286441
1835.001000	-21.84275821
1837.001000	-52.10265478
1839.001000	-94.92590077
1841.001000	-119.69468037
1843.001000	21.77449503
1845.001000	-32.71392836
1847.001000	-57.13780105
1849.001000	56.09914506
1850.001000	-30.68340957
1851.001000	64.15446241
1852.001000	-21.76285044
1853.001000	-49.11592631
1854.001000	10.13101200
1855.001000	-5.43840909
1856.001000	7.37407901
1857.001000	27.83763916
1858.001000	-76.02648699
1859.001000	44.95093637
1860.001000	19.76187517
1861.001000	52.25447397
1862.001000	-46.59618064
1863.001000	7.01107287
1864.001000	-63.80313886
1865.001000	14.62617996
1866.001000	62.92999524
1867.001000	-49.22321000
1868.001000	34.47104076
1869.001000	48.34448204
1870.001000	19.95787202
1871.001000	100.16505475
1872.001000	15.69479726
1873.001000	-84.34566651
1874.001000	18.68257315
1875.001000	-52.11278447
1876.001000	29.06824163
1877.001000	12.74635481
1878.001000	-66.73435639
1879.001000	40.85135384
1880.001000	-35.01817588
1881.001000	-72.98715887
1882.001000	9.43394185
1883.001000	-34.91258143
1884.001000	-48.16335426
1885.001000	-99.15499248
1886.001000	-33.59475573
1887.001000	-6.69237472
1888.001000	-7.38392007
1889.001000	5.49237986
1890.001000	58.07799775
1891.001000	-1.53234218
1892.001000	20.05062061
1893.001000	-30.36435479
1894.001000	35.83859221
1895.001000	82.76850204
1896.001000	51.18986784
1897.001000	45.08077253
1898.001000	-24.05112644
1899.001000	-20.87483717
1900.001000	51.64220227
1901.001000	71.34453655
1902.001000	77.91495293
1903.001000	53.29631242
1904.001000	-36.06678458
1905.001000	-4.44275216
1906.001000	40.89921767
1907.001000	12.42700324
1908.001000	12.88379966
1909.001000	163.09226795
1910.001000	-52.49665937
1911.001000	96.41148843
1912.001000	-64.54377340
1913.001000	25.76356801
1914.001000	-69.88707454
1915.001000	-104.93131090
1916.001000	-34.77136500
1917.001000	40.23241933
1918.001000	84.30606765
1919.001000	-47.54803021
1920.001000	71.37678471
1921.001000	-67.06391555
1922.001000	-24.79754188
1923.001000	52.03727981
1924.001000	-38.96033844
1925.001000	71.17241337
1926.001000	69.05833370
1927.001000	46.72244875
1928.001000	-39.57450103
1929.001000	-33.41571415
1930.001000	-58.02638765
1931.001000	94.18745193
1932.001000	-64.00650782
1933.001000	-82.74341593
1934.001000	-19.69278706
1935.001000	-60.56052863
1936.001000	23.10362347
1937.001000	48.68043362
1938.001000	45.54401638
1939.001000	-61.93369234
1940.001000	40.93491270
1941.001000	-64.28637487
1942.001000	-48.24650294
1943.001000	84.05337018
1944.001000	52.06082977
1945.001000	116.87391330
1946.001000	-69.45206813
1947.001000	4.89881320
1948.001000	-69.26867824
1949.001000	64.82844004
1950.001000	-0.88532482
1951.001000	-38.65752586
1952.001000	78.79436040
1953.001000	-48.13407511
1954.001000	-86.07378557
1955.001000	-144.40927928
1956.001000	-95.76025856
1957.001000	28.40727356
1958.001000	128.68136988
1959.001000	-14.02177783
1960.001000	24.29894978
1961.001000	12.70311833
1962.001000	36.03461035
1963.001000	-64.35335182
1964.001000	-80.00650189
1965.001000	-67.62030464
1966.001000	-97.03588484
1967.001000	-59.43777209
1968.001000	62.12531062
1969.001000	-20.91326088
1970.001000	-0.65545065
1971.001000	85.82794633
1972.001000	-9.88907416
1973.001000	-36.92702351
1974.001000	93.63451868
1975.001000	20.84794873
1976.001000	-75.54369665
1977.001000	22.81450767
1978.001000	-10.01640116
1979.001000	51.97302028
1980.001000	2.15222403
1981.001000	12.65985832
1982.001000	-29.49824656
1983.001000	57.26398351
1984.001000	9.53360979
1985.001000	10.74382781
1986.001000	-35.42984371
1987.001000	-13.33805184
1988.001000	-6.81233531
1989.001000	-91.55801819
1990.001000	-104.70878193
1991.001000	-1.99836082
1992.001000	-25.12365781
1993.001000	29.05236272
1994.001000	-48.24387852
1995.001000	-40.70690113
1996.001000	-49.57661207
1997.001000	31.65010566
1998.001000	7.48412794
1999.001000	4.68689287
2000.001000	75.37847078
2001.001000	-16.70054022
2002.001000	-4.47947136
2003.001000	102.83723527
2004.001000	74.29682204
2005.001000	-24.57281875
2006.001000	-157.50028960
2007.001000	92.25660139
2008.001000	-76.83292104
2009.001000	82.98243655
2010.001000	109.26035578
2011.001000	54.09584957
2012.001000	44.83424161
2013.001000	-117.39198985
2014.001000	58.42537838
2015.001000	-52.88092607
2016.001000	72.40223528
2017.001000	-5.73450878
2018.001000	80.74479796
2019.001000	-19.89135658
2020.001000	-18.07648220
2021.001000	-150.21363402
2022.001000	-19.78148991
2023.001000	98.02779331
2024.001000	-34.32367412
2025.001000	39.90586518
2026.001000	49.14193182
2027.001000	106.07669428
2028.001000	48.51268354
2029.001000	70.20324059
2030.001000	61.59343028
2031.001000	51.29252130
2032.001000	85.16508872
2033.001000	124.79271629
2034.001000	-94.32286245
2035.001000	-37.81575499
2036.001000	-46.78647502
2037.001000	-22.21303067
2038.001000	20.44491762
2039.001000	-25.78296729
2040.001000	-78.11709516
2041.001000	-101.98194969
2042.001000	-26.04057895
2043.001000	42.99320510
2044.001000	-2.98997180
2045.001000	-17.46317898
2046.001000	72.25230625
2048.000000	8.42617624
2049.000000	88.00798845
2050.000000	-11.81460203
2051.000000	-55.79052486
2052.000000	-25.11296443
2053.000000	35.34669934
2054.000000	-35.41072672
2055.000000	102.49177832
2056.000000	13.18209691
2057.000000	3.08947061
2058.000000	10.63077598
2059.000000	-27.36500147
2060.000000	-93.48821453
2061.000000	-41.28853580
2062.000000	5.92792217
2063.000000	104.74529221
2064.000000	-25.37653926
2065.000000	30.39978652
2066.000000	103.87648794
2067.000000	113.78394680
2068.000000	133.76897378
2069.000000	-36.44775248
2070.000000	-31.48094884
2071.000000	74.77585288
2072.000000	96.35642746
2073.000000	28.01159013
2074.000000	-37.41314033
2075.000000	64.89059925
2076.000000	-38.07239608
2077.000000	-11.55792536
2078.000000	0.15426649
2079.000000	4.21368989
2080.000000	20.44517975
2081.000000	-53.76593764
2082.000000	13.25266228
2083.000000	5.61626063
2084.000000	48.76220448
2085.000000	37.40996062
2086.000000	116.54603582
2087.000000	-81.88099116
2088.000000	-10.46920027
2089.000000	-8.11161096
2090.000000	77.18751928
2091.000000	-41.64559225
2092.000000	-42.47409353
2093.000000	-38.03181402
2094.000000	-15.96918068
2095.000000	16.26821272
2096.000000	-27.04922775
2097.000000	81.79025228
2098.000000	-47.84087487
2099.000000	-109.31409937
2100.000000	-56.22870047
2101.000000	41.60900071
2102.000000	-63.96445283
2103.000000	146.96256588
2104.000000	-2.03213078
2105.000000	27.63746548
2106.000000	-87.62491179
2107.000000	-57.53626630
2108.000000	-67.49486815
2109.000000	-43.70236385
2110.000000	132.20283170
2111.000000	-55.87686903
2112.000000	13.46517754
2113.000000	-79.30005962
2114.000000	-23.39529394
2115.000000	-7.65060158
2116.000000	39.85483633
2117.000000	22.43543264
2118.000000	86.64137183
2119.000000	-71.25727331
2120.000000	-47.65813662
2121.000000	-47.84005863
2122.000000	71.76356475
2123.000000	-10.29335714
2124.000000	58.75337700
2125.000000	41.53485487
2126.000000	65.46958944
2127.000000	91.56437009
2128.000000	-49.23456843
2129.000000	54.70446968
2130.000000	2.12867692
2131.000000	89.06672048
2132.000000	-63.78044965
2133.000000	11.84398641
2134.000000	-73.24509741
2135.000000	85.57407679
2136.000000	-10.76222534
2137.000000	31.73102202
2138.000000	40.03095592
2139.000000	118.81699663
2140.000000	-140.36544939
2141.000000	46.88788892
2142.000000	35.85562120
2143.000000	64.93166063
2144.000000	-43.84890866
2145.000000	-2.15068012
2146.000000	14.38899818
2147.000000	30.24605197
2148.000000	-48.80574662
2149.000000	95.10094922
2150.000000	-33.55006060
2151.000000	135.29256233
2152.000000	-5.87542728
2153.000000	41.16954203
2154.000000	-7.70897001
2155.000000	22.43528284
2156.000000	-40.97571501
2157.000000	25.91077089
2158.000000	22.15357489
2159.000000	-31.46100349
2160.000000	30.37510527
2161.000000	-102.64901897
2162.000000	-33.32025994
2163.000000	-90.63634050
2164.000000	-77.92841122
2165.000000	7.98557536
2166.000000	-48.41043309
2167.000000	-11.53636288
2168.000000	50.90870007
2169.000000	70.58852157
2170.000000	-45.11365149
2171.000000	54.81604294
2172.000000	-68.31881647
2173.000000	85.98715962
2174.000000	-25.41809739
2175.000000	-46.92752592
2176.000000	-46.85758762
2177.000000	22.07445739
2178.000000	-159.72806732
2179.000000	7.79417524
2180.000000	-30.52456749
2181.000000	-24.14033068
2182.000000	10.77600424
2183.000000	78.70402017
2184.000000	-14.43997496
2185.000000	-110.90774796
2186.000000	-60.44843272
2187.000000	-12.25900003
2188.000000	-35.74922161
2189.000000	-105.26046125
2190.000000	-115.56817293
2191.000000	-111.50707482
2192.000000	-80.93186564
2193.000000	94.73900393
2194.000000	-21.73337633
2195.000000	45.31737281
2196.000000	15.57438797
2197.000000	33.16280355
2198.000000	68.60144514
2199.000000	-4.32841968
2200.000000	17.00694107
2201.000000	-37.15894212
2202.000000	-76.64393306
2203.000000	-10.42345903
2204.000000	59.11819099
2205.000000	100.39636408
2206.000000	-54.50866138
2207.000000	-8.99117094
2208.000000	-14.04267849
2209.000000	67.76952903
2210.000000	12.45969268
2211.000000	17.24138687
2212.000000	93.78288618
2213.000000	62.64530271
2214.000000	37.35856206
2215.000000	-1.12919275
2216.000000	68.81262423
2217.000000	24.49878731
2218.000000	-10.70160039
2219.000000	17.91493383
2220.000000	-63.60257623
2221.000000	17.86721241
2222.000000	-118.94676513
2223.000000	36.56382455
2224.000000	6.72440210
2225.000000	-7.16770358
2226.000000	-46.88128432
2227.000000	106.39452502
2228.000000	-30.01184965
2229.000000	64.14089856
2230.000000	-111.31565379
2231.000000	-13.55907048
2232.000000	-174.28622823
2233.000000	-55.33598019
2234.000000	-2.19193300
2235.000000	-46.40656816
2236.000000	-44.83061629
2237.000000	-0.71812573
2238.000000	-65.05170597
2239.000000	78.28890807
2240.000000	8.54774889
2241.000000	-56.31210733
2242.000000	-68.90306155
2243.000000	-46.93492135
2244.000000	-6.15026821
2245.000000	-25.24779804
2246.000000	-17.95263496
2247.000000	-71.68071903
2248.000000	-65.62821191
2249.000000	-100.20130088
2250.000000	16.29083081
2251.000000	-60.35247210
2252.000000	-106.57546695
2253.000000	-90.91868996
2254.000000	17.38120964
2255.000000	-56.39202557
2256.000000	-111.90798284
2257.000000	10.60034892
2258.000000	-53.49568698
2259.000000	47.39159519
2260.000000	-61.95987596
2261.000000	-56.16093274
2262.000000	74.21581897
2263.000000	50.25546684
2264.000000	23.93015075
2265.000000	73.81291408
2266.000000	14.92061554
2267.000000	2.52124861
2268.000000	30.74715446
2269.000000	-34.35221785
2270.000000	-114.54673010
2271.000000	84.10899167
2272.000000	28.08643376
2273.000000	7.36533537
2274.000000	-23.31097265
2275.000000	-58.74699466
2276.000000	-0.31797395
2277.000000	-5.92241975
2278.000000	54.98167762
2279.000000	-5.77101657
2280.000000	-133.19051544
2281.000000	-48.11651405
2282.000000	29.82832041
2283.000000	9.23593600
2284.000000	-22.42482098
2285.000000	-93.29398665
2286.000000	-11.61510545
2287.000000	-47.15769498
2288.000000	32.31389365
2289.000000	15.78861302
2290.000000	-23.95821162
2291.000000	-44.61340271
2292.000000	-27.54389482
2293.000000	-66.68483244
2294.000000	-66.65044947
2295.000000	-90.12490423
2296.000000	-55.98157101
2297.000000	-52.79337465
2298.000000	14.09040178
2299.000000	72.03100207
2300.000000	52.29476192
