# F(k,t) correlation function
# Reference time: 2008.001 ps
# lag_time_ps	F(k,t)
0.000000	577.65592400
1.000000	-19.63145763
2.000000	37.15369110
3.000000	-69.62178652
4.000000	-20.83477452
5.000000	-72.32206197
6.000000	-105.38374708
7.000000	-20.66571771
8.000000	-77.90890682
9.000000	-34.60499327
10.000000	-128.18244859
11.000000	-72.93686301
12.000000	46.05416098
13.000000	122.65138570
14.000000	-2.41410719
15.000000	-57.37420548
16.000000	9.58953209
17.000000	86.75083540
18.000000	54.91182149
19.000000	45.08061559
20.000000	-5.15144409
21.000000	-0.57368153
22.000000	1.46433765
23.000000	16.76992674
24.000000	-44.07303793
25.000000	-7.60977034
26.000000	-19.67338675
27.000000	83.38023938
28.000000	-66.41152780
29.000000	96.49754284
30.000000	-19.55938340
31.000000	-10.49575022
32.000000	45.83792840
33.000000	-58.75140217
34.000000	-14.88413552
35.000000	74.97991520
36.000000	72.99622523
37.000000	115.91766825
38.000000	64.36503115
39.999000	64.10527219
40.999000	-48.16469803
41.999000	1.31392496
42.999000	-51.77829239
43.999000	-16.22916372
44.999000	-69.19591017
45.999000	-133.86572193
46.999000	58.61216052
47.999000	-67.46450587
48.999000	30.50984697
49.999000	2.55837325
50.999000	-2.28101195
51.999000	117.56616879
52.999000	-42.23490483
53.999000	43.99070977
54.999000	-39.88571639
55.999000	16.24285705
56.999000	96.34335432
57.999000	7.79965952
58.999000	-115.00906399
59.999000	-20.47557811
60.999000	4.75515367
61.999000	45.99962217
62.999000	3.65737502
63.999000	-13.79698906
64.999000	-21.60592626
65.999000	26.47184807
66.999000	6.18819809
67.999000	44.13062664
68.999000	7.06453034
69.999000	-2.17913884
70.999000	39.06400611
71.999000	126.90995521
72.999000	16.39425058
73.999000	-7.62718196
74.999000	47.08474026
75.999000	-28.50642576
76.999000	-102.51488244
77.999000	-57.50263558
78.999000	133.24712959
79.999000	47.85997221
80.999000	39.29362811
81.999000	-47.19904363
82.999000	45.60973962
83.999000	-3.40209004
84.999000	-48.87040324
85.999000	59.45628498
86.999000	-72.75736329
87.999000	18.31428120
88.999000	-13.11392091
89.999000	-46.76091968
90.999000	-57.60949639
91.999000	-7.26209830
92.999000	-122.85078236
93.999000	35.28990901
94.999000	-77.34221758
95.999000	61.31525929
96.999000	6.85689144
97.999000	0.60541737
98.999000	-16.02234086
99.999000	-12.03226415
100.999000	-7.59940475
101.999000	20.61072915
102.999000	43.89867090
103.999000	47.34631264
104.999000	-41.39458345
105.999000	-107.92732537
106.999000	-63.15172752
107.999000	-61.02407159
108.999000	-18.52317531
109.999000	-13.48706624
110.999000	-82.41384765
111.999000	-65.73749186
112.999000	64.53750258
113.999000	-18.06651307
114.999000	72.24981170
115.999000	16.74826256
116.999000	-74.23583114
117.999000	21.06210616
118.999000	-5.08463832
119.999000	-59.66307933
120.999000	27.95535967
121.999000	-5.96276322
122.999000	-121.92543759
123.999000	86.47341211
124.999000	0.06535293
125.999000	8.29130750
126.999000	-70.12257373
127.999000	66.77386178
128.999000	45.26686149
129.999000	78.78494438
130.999000	40.37434863
131.999000	102.50322569
132.999000	0.88402848
133.999000	62.14078720
134.999000	-0.71859783
135.999000	29.16866843
136.999000	-20.17912320
137.999000	39.22219181
138.999000	-49.52006159
139.999000	114.28253464
140.999000	-18.40691617
141.999000	-106.04565419
142.999000	-88.37148200
143.999000	-107.95521319
144.999000	-23.12066980
145.999000	-42.73725987
146.999000	5.85800972
147.999000	105.77599463
148.999000	6.63329401
149.999000	-20.18818669
150.999000	-106.86687433
151.999000	-15.50288769
152.999000	87.67917572
153.999000	90.67101184
154.999000	41.39286479
155.999000	100.42694585
156.999000	-18.04767731
157.999000	48.91141792
158.999000	-80.13058010
159.999000	97.43016678
160.999000	37.47921982
161.999000	51.77831900
162.999000	-32.60429476
163.999000	-73.29045007
164.999000	9.12225460
165.999000	-50.72474043
166.999000	-13.17693363
167.999000	39.92360871
168.999000	65.74565861
169.999000	-46.02867324
170.999000	20.81041969
171.999000	42.48148971
172.999000	57.06708130
173.999000	20.50285447
174.999000	-3.19641861
175.999000	105.80280019
176.999000	122.44635540
177.999000	-61.43573179
178.999000	-17.33192386
179.999000	-58.85369531
180.999000	49.19455046
181.999000	28.29294191
182.999000	10.40774208
183.999000	74.64409757
184.999000	17.76579756
185.999000	52.04947566
186.999000	-14.15218884
187.999000	-17.88420905
188.999000	-75.58660066
189.999000	35.66435550
190.999000	46.80020665
191.999000	-50.77997774
192.999000	146.39103901
193.999000	-39.61627382
194.999000	30.29130406
195.999000	-12.02370718
196.999000	-32.47197885
197.999000	72.71738923
198.999000	-17.17555401
199.999000	-65.72007859
200.999000	0.38692803
201.999000	-83.45578441
202.999000	27.28344946
203.999000	58.72364082
204.999000	60.04060410
205.999000	7.31125944
206.999000	-36.57563108
207.999000	7.22482266
208.999000	-52.96345037
209.999000	-60.73284157
210.999000	120.15639004
211.999000	-101.78258279
212.999000	10.47462324
213.999000	52.30080300
214.999000	84.30998366
215.999000	97.49314784
216.999000	-45.87816655
217.999000	-40.81888772
218.999000	-54.55295610
219.999000	55.04869977
220.999000	89.27274009
221.999000	-38.29991410
222.999000	14.47423044
223.999000	14.55039667
224.999000	-9.20562422
225.999000	81.10322415
226.999000	67.92506284
227.999000	-136.70787625
228.999000	133.83024773
229.999000	73.63754137
230.999000	60.66601334
231.999000	-15.28803251
232.999000	114.46646755
233.999000	-23.93536976
234.999000	-133.90451539
235.999000	41.05135256
236.999000	15.08676323
237.999000	11.07683204
238.999000	-69.01225235
239.999000	-7.32518763
240.999000	21.23243131
241.999000	-38.70247842
242.999000	78.83488796
243.999000	33.06253089
244.999000	110.38253871
245.999000	26.45672884
246.999000	-51.94663388
247.999000	-47.58350372
248.999000	31.00263233
249.999000	94.00177105
250.999000	37.19697817
251.999000	-7.89652204
252.999000	-1.04441679
253.999000	-95.49580503
254.999000	-28.57464133
255.999000	97.81029233
256.999000	-60.73766871
257.999000	-119.36090715
258.999000	-23.85505016
259.999000	-1.14306112
260.999000	87.66597081
261.999000	56.17549581
262.999000	4.48977542
263.999000	-77.86178756
264.999000	-36.48505345
265.999000	-36.49654029
266.999000	-82.46997336
267.999000	-24.25944177
268.999000	49.28131148
269.999000	5.44021357
270.999000	-24.08993340
271.999000	39.56047926
272.999000	137.12443068
273.999000	-28.36294208
274.999000	-44.88195913
275.999000	13.65482360
276.999000	0.27940585
277.999000	-88.58149900
278.999000	36.79489945
279.999000	-17.15194275
280.999000	18.94264650
281.999000	92.31689726
282.999000	47.07791791
283.999000	-19.36602506
284.999000	114.45186088
285.999000	71.60876601
286.999000	-30.70934980
287.999000	11.12873707
288.999000	4.92271798
289.999000	52.13825494
290.999000	-44.80318155
291.999000	74.83908281
