# F(k,t) correlation function
# Reference time: 2209.000 ps
# lag_time_ps	F(k,t)
0.000000	470.61805523
1.000000	-10.62333322
2.000000	3.87288721
3.000000	5.03900136
4.000000	53.43955981
5.000000	-0.87089423
6.000000	-6.10516960
7.000000	56.42264074
8.000000	9.75912179
9.000000	-67.55296284
10.000000	7.75687126
11.000000	-54.96223487
12.000000	68.41331490
13.000000	86.37264794
14.000000	-79.38034630
15.000000	3.61420120
16.000000	44.76410433
17.000000	65.74687958
18.000000	-20.20027874
19.000000	29.88603135
20.000000	-48.48762901
21.000000	-43.16663110
22.000000	-38.00674064
23.000000	-66.24373000
24.000000	-80.13494622
25.000000	22.34013911
26.000000	-21.26026358
27.000000	-146.74019458
28.000000	1.70248850
29.000000	-55.19011079
30.000000	-40.45265974
31.000000	-106.40116203
32.000000	-42.88106218
33.000000	-15.39562084
34.000000	18.22901614
35.000000	49.97884825
36.000000	123.63866064
37.000000	-8.99803709
38.000000	47.08887624
39.000000	17.53073451
40.000000	-15.16572675
41.000000	6.35524907
42.000000	-33.62410950
43.000000	-114.63971795
44.000000	63.21409475
45.000000	-6.85701059
46.000000	-21.15096586
47.000000	-45.56270268
48.000000	51.06122144
49.000000	-45.09717168
50.000000	-25.25867634
51.000000	90.44903415
52.000000	22.64761469
53.000000	43.05625390
54.000000	-37.61234198
55.000000	26.17956450
56.000000	16.35501826
57.000000	124.37502172
58.000000	-41.97878859
59.000000	80.19470184
60.000000	-12.56224975
61.000000	40.88787606
62.000000	-58.75666473
63.000000	45.45753893
64.000000	-117.13947368
65.000000	34.59023853
66.000000	35.33722619
67.000000	57.36264276
68.000000	110.78426250
69.000000	-28.21471843
70.000000	-3.67200740
71.000000	62.99191401
72.000000	-34.74629363
73.000000	-81.20801235
74.000000	55.97462436
75.000000	-48.92527714
76.000000	-59.06783722
77.000000	65.10749434
78.000000	-30.89830428
79.000000	21.10127754
80.000000	18.52331808
81.000000	-68.86465784
82.000000	-8.25197489
83.000000	25.87463589
84.000000	-7.74142869
85.000000	-4.36011305
86.000000	43.25319130
87.000000	32.97048527
88.000000	36.74019338
89.000000	-10.31837834
90.000000	-51.86190550
91.000000	77.16490916
