# F(k,t) correlation function
# Reference time: 1406.001 ps
# lag_time_ps	F(k,t)
0.000000	415.73753136
1.000000	-12.62680274
3.000000	84.82014257
5.000000	2.61548836
7.000000	42.93062899
9.000000	25.13021818
11.000000	-15.72998572
13.000000	-56.27624065
15.000000	-24.88975127
17.000000	24.51182619
19.000000	-4.29641018
21.000000	-23.58754496
23.000000	1.76805672
25.000000	24.41839175
27.000000	25.57531511
29.000000	-45.54741167
31.000000	-49.13453310
33.000000	39.75021127
35.000000	1.80256770
37.000000	49.02349078
39.000000	7.57547582
41.000000	42.84094279
43.000000	-8.02652527
45.000000	41.00649763
47.000000	-11.88044997
49.000000	2.07881722
51.000000	-21.24441669
53.000000	-19.22104653
55.000000	-40.52668470
57.000000	-73.62766371
59.000000	54.01513948
61.000000	-68.20503900
63.000000	-26.62493254
65.000000	-60.93909834
67.000000	51.56112337
69.000000	29.14682160
71.000000	81.48318997
73.000000	34.12374796
75.000000	-0.50607433
77.000000	-32.80429995
79.000000	100.29131329
81.000000	104.47800666
83.000000	11.95352192
85.000000	-37.48252647
87.000000	-38.38360303
89.000000	17.02769682
91.000000	-52.65271526
93.000000	-45.92477610
95.000000	-38.53747917
97.000000	14.17778166
99.000000	41.55403179
101.000000	-60.04571430
103.000000	40.75641868
105.000000	-48.17710628
107.000000	64.59466118
109.000000	-37.21612829
111.000000	169.42292234
113.000000	-28.44355068
115.000000	43.64416872
117.000000	-19.96326754
119.000000	-50.13898105
121.000000	-5.38762710
123.000000	-4.26947387
125.000000	96.07805312
127.000000	-35.78819174
129.000000	16.74180715
131.000000	-35.84341509
133.000000	-22.87223756
135.000000	100.55398715
137.000000	-86.43163418
139.000000	-43.32319458
141.000000	36.34025914
143.000000	8.75181190
145.000000	51.48366547
147.000000	-67.50553310
149.000000	-40.82650257
151.000000	1.63616907
153.000000	14.29691966
155.000000	-8.96068035
157.000000	-104.02335651
159.000000	43.92021909
161.000000	81.00624860
163.000000	21.03940295
165.000000	71.57825547
167.000000	24.41671265
169.000000	131.59715009
171.000000	-33.15443403
173.000000	-10.06445095
175.000000	-7.71271420
177.000000	-28.80616916
179.000000	102.18984462
181.000000	-4.73186780
183.000000	-11.16069082
185.000000	7.16144841
187.000000	-9.24768120
189.000000	47.25257259
191.000000	-56.58731966
193.000000	-106.05767130
195.000000	25.53749337
197.000000	68.38483464
199.000000	-14.63706733
201.000000	10.61007635
203.000000	65.53665587
205.000000	32.67719586
207.000000	12.00505834
209.000000	18.34179428
211.000000	37.71007197
213.000000	-58.73129195
215.000000	-1.77023117
217.000000	-9.57990310
219.000000	136.31638884
221.000000	-64.28621883
223.000000	-44.36873283
225.000000	-10.37486212
227.000000	-8.73923324
229.000000	7.04622895
231.000000	-70.42574941
233.000000	25.51100875
235.000000	-17.78550318
237.000000	103.05411008
239.000000	4.48410234
241.000000	-11.60841223
243.000000	4.58710739
245.000000	0.69945385
247.000000	61.18937183
249.000000	-29.68680291
251.000000	13.12877194
253.000000	40.83213869
255.000000	-48.90424892
257.000000	-142.79049095
259.000000	11.31320008
261.000000	-24.57310620
263.000000	27.90383564
265.000000	-6.84152278
267.000000	-22.05252292
269.000000	84.46305048
271.000000	-22.05590032
273.000000	-8.62307474
275.000000	8.83714916
277.000000	99.40677498
279.000000	92.46451102
281.000000	20.93366392
283.000000	30.99878020
285.000000	54.48162342
287.000000	20.01826526
289.000000	2.17482327
291.000000	-13.88516250
293.000000	-27.46996460
295.000000	90.56465191
297.000000	97.73019929
299.000000	27.45259306
301.000000	-23.62806557
303.000000	-50.19001057
305.000000	-67.56605963
307.000000	0.22275985
309.000000	30.68124639
311.000000	49.35095298
313.000000	-44.24760946
315.000000	46.87802686
317.000000	13.67746890
319.000000	38.18539481
321.000000	-22.04783807
323.000000	59.53459114
325.000000	-8.46765463
327.000000	-51.52023083
329.000000	-7.59966556
331.000000	33.04423016
333.000000	9.17347808
335.000000	36.17324034
337.000000	-37.98226538
339.000000	4.27647092
341.000000	38.29851762
343.000000	-35.51923842
345.000000	-65.41854379
347.000000	-64.01052418
349.000000	32.47700634
351.000000	-94.64484981
353.000000	65.50302294
355.000000	31.18151385
357.000000	17.74515350
359.000000	-44.85333483
361.000000	-19.56924296
363.000000	57.94370272
365.000000	-55.43585808
367.000000	72.80156164
369.000000	24.92206432
371.000000	64.22405115
373.000000	34.66997771
375.000000	19.03658685
377.000000	-12.05151195
379.000000	1.27328082
381.000000	24.87323293
383.000000	-101.18043200
385.000000	-40.57212219
387.000000	-34.70530631
389.000000	-40.70127494
391.000000	88.15754144
393.000000	-45.66389607
395.000000	26.15390805
397.000000	15.42026207
399.000000	-104.43659159
401.000000	20.04704093
403.000000	18.40049459
405.000000	36.76901480
407.000000	-50.77834455
409.000000	-25.86575139
411.000000	-3.06515855
413.000000	-16.56366881
415.000000	19.44578119
417.000000	88.43750439
419.000000	1.17036537
421.000000	13.57168437
423.000000	-1.08820208
425.000000	44.66991159
427.000000	87.16424813
429.000000	-7.53733096
431.000000	-29.12042946
433.000000	-29.66979994
435.000000	43.87587130
437.000000	34.12412268
439.000000	56.94831937
441.000000	14.69817676
443.000000	-31.51437052
444.000000	24.24359616
445.000000	-69.88137146
446.000000	-58.46830863
447.000000	57.51301831
448.000000	26.28495793
449.000000	38.98159359
450.000000	-23.40105762
451.000000	-107.38682652
452.000000	-99.99207877
453.000000	-6.90166593
454.000000	31.95970869
455.000000	-49.09300477
456.000000	-35.79227356
457.000000	6.77951059
458.000000	-28.64908841
459.000000	47.15926348
460.000000	19.66458408
461.000000	20.82688281
462.000000	-167.50326382
463.000000	65.35910641
464.000000	41.83491139
465.000000	-17.21425894
466.000000	38.34773828
467.000000	24.44063249
468.000000	3.67807797
469.000000	-24.12747938
470.000000	-11.84344586
471.000000	-24.63286932
472.000000	21.16072235
473.000000	-9.01051680
474.000000	32.99824198
475.000000	12.54245990
476.000000	-44.65886746
477.000000	7.88107590
478.000000	-21.15303124
479.000000	-74.12674926
480.000000	-38.02280773
481.000000	-38.31683175
482.000000	-11.87071254
483.000000	81.00219947
484.000000	8.46425942
485.000000	-21.60489159
486.000000	78.50569064
487.000000	-39.62015303
488.000000	14.96649282
489.000000	-111.78959898
490.000000	63.28576315
491.000000	-29.04314523
492.000000	-18.40037490
493.000000	50.50060312
494.000000	-83.37486897
495.000000	49.61709825
496.000000	20.25531977
497.000000	5.36615969
498.000000	48.01243986
499.000000	-109.71954112
500.000000	-6.87901681
501.000000	30.72750114
502.000000	18.36617882
503.000000	-2.21751953
504.000000	13.45103854
505.000000	70.65964316
506.000000	-23.76958221
507.000000	97.74598218
508.000000	-28.76717525
509.000000	8.20367211
510.000000	28.58112486
511.000000	-58.44641215
512.000000	37.82159800
513.000000	-14.13860782
514.000000	-89.84648585
515.000000	54.46578633
516.000000	-36.18228970
517.000000	52.10938860
518.000000	-13.42914507
519.000000	21.28735359
520.000000	-159.60995095
521.000000	77.86194096
522.000000	-43.39416714
523.000000	-34.98422497
524.000000	16.46393639
525.000000	-56.52525238
526.000000	37.88758766
527.000000	-37.07384638
528.000000	-12.79543479
529.000000	35.25150531
530.000000	36.03094587
531.000000	86.21677138
532.000000	-28.23944927
533.000000	-6.34921643
534.000000	-19.92793549
535.000000	-68.29151989
536.000000	66.16648168
537.000000	45.14947808
538.000000	-17.79035755
539.000000	11.53402217
540.000000	-45.57708486
541.000000	-116.70320274
542.000000	103.51626822
543.000000	-36.47892472
544.000000	-31.58046036
545.000000	-81.56075224
546.000000	-63.80398376
547.000000	-50.62087661
548.000000	-20.28831470
549.000000	10.23802401
550.000000	8.69921960
551.000000	-65.27068447
552.000000	-13.21687529
553.000000	-39.95621493
554.000000	-41.13798016
555.000000	40.72374519
556.000000	18.51000051
557.000000	2.35024020
558.000000	-25.19543965
559.000000	-29.69646402
560.000000	-14.49445163
561.000000	-36.08823310
562.000000	4.63656326
563.000000	-22.61565727
564.000000	0.60910682
565.000000	-76.52140166
566.000000	95.18999453
567.000000	52.89030221
568.000000	-17.87141699
569.000000	68.25997197
570.000000	-52.16056137
571.000000	6.60035679
572.000000	83.43271358
573.000000	-41.96651367
574.000000	93.58226569
575.000000	8.73092184
576.000000	-50.25372412
577.000000	-48.44328589
578.000000	-6.58652780
579.000000	26.98978078
580.000000	-4.52683914
581.000000	-36.75513275
582.000000	74.16177023
583.000000	18.99301988
584.000000	-17.26835488
585.000000	51.68973518
586.000000	-8.29801370
587.000000	38.54852074
588.000000	-109.27418187
589.000000	-8.63778089
590.000000	-34.68706097
591.000000	-24.19220706
592.000000	42.54280654
593.000000	1.07125205
594.000000	37.82351104
595.000000	9.56440911
596.000000	-10.33006607
597.000000	27.68325206
598.000000	3.06080294
599.000000	92.75920439
600.000000	78.81910416
601.000000	90.57811131
602.000000	9.30900710
603.000000	-14.14335639
604.000000	10.36114614
605.000000	-92.70232699
606.000000	-59.27041784
607.000000	71.76591821
608.000000	40.68736498
609.000000	89.85518761
610.000000	-46.48957487
611.000000	10.54266518
612.000000	-51.19174457
613.000000	47.70564539
614.000000	20.69003795
615.000000	-29.47974346
616.000000	-32.26224212
617.000000	-3.02055517
618.000000	-53.62818860
619.000000	15.08100260
620.000000	43.66597837
621.000000	-44.43485839
622.000000	38.14228668
623.000000	19.80067767
624.000000	-79.77007462
625.000000	-12.01470490
626.000000	-12.66788247
627.000000	-43.80302692
628.000000	-14.12405117
629.000000	64.54518052
630.000000	-20.73562364
631.000000	-41.67425511
632.000000	73.02152957
633.000000	118.00754518
634.000000	9.19044182
635.000000	28.24151289
636.000000	35.63688682
637.000000	46.21921399
638.000000	-32.48185113
639.000000	-79.58642522
640.000000	-82.65611248
641.999000	-8.36597554
642.999000	93.30770235
643.999000	26.08960947
644.999000	35.26410851
645.999000	-70.00968251
646.999000	-42.54717750
647.999000	33.04898910
648.999000	21.43253299
649.999000	5.07732972
650.999000	-1.29499046
651.999000	-25.18414448
652.999000	-87.67957902
653.999000	26.08572478
654.999000	-85.04167513
655.999000	-35.46364417
656.999000	65.18690583
657.999000	-33.70088087
658.999000	0.98012716
659.999000	-28.96674763
660.999000	-63.61804114
661.999000	24.40975903
662.999000	58.55408821
663.999000	-94.09840162
664.999000	-34.36005336
665.999000	-4.88323629
666.999000	-34.72074557
667.999000	-42.82429349
668.999000	-36.00973821
669.999000	-138.53613780
670.999000	3.61903866
671.999000	-24.66945408
672.999000	22.63115432
673.999000	-36.10207079
674.999000	-38.41883275
675.999000	-57.16725312
676.999000	48.51478132
677.999000	-11.84904334
678.999000	14.58466768
679.999000	-43.72457431
680.999000	-34.53779576
681.999000	18.33847767
682.999000	41.35294373
683.999000	14.48478296
684.999000	63.94001114
685.999000	-77.36703769
686.999000	-13.46943734
687.999000	58.63984201
688.999000	55.33690573
689.999000	-33.49968614
690.999000	26.85233852
691.999000	-20.68229313
692.999000	-32.17218839
693.999000	-107.93856298
694.999000	-9.29862071
695.999000	-1.42257643
696.999000	0.25914864
697.999000	3.75872722
698.999000	-13.79947869
699.999000	5.76470657
700.999000	-75.27177799
701.999000	-39.27309299
702.999000	32.77960679
703.999000	24.76635765
704.999000	68.71734869
705.999000	9.32241691
706.999000	22.00819998
707.999000	-43.01601868
708.999000	3.93522489
709.999000	-36.86811217
710.999000	29.01659851
711.999000	24.26049222
712.999000	11.28403473
713.999000	-67.13772242
714.999000	-69.71632783
715.999000	28.07797996
716.999000	47.50684955
717.999000	60.57770535
718.999000	39.62300943
719.999000	-12.58972135
720.999000	26.83853441
721.999000	57.39744147
722.999000	-20.71272755
723.999000	-23.51723198
724.999000	-16.03302028
725.999000	-57.72372071
726.999000	-53.45024972
727.999000	-28.00474093
728.999000	-1.05450003
729.999000	6.71818414
730.999000	-60.77533582
731.999000	74.78746001
732.999000	-22.48974858
733.999000	44.27501050
734.999000	99.38039947
735.999000	16.12978565
736.999000	-59.20519561
737.999000	1.15066017
738.999000	-23.02953900
739.999000	-84.02598942
740.999000	54.46570820
741.999000	-24.25829880
742.999000	1.99654211
743.999000	-71.92091529
744.999000	28.36281794
745.999000	46.10841959
746.999000	11.98011164
747.999000	-10.56184016
748.999000	87.02864903
749.999000	29.60054467
750.999000	4.25955609
751.999000	38.42529674
752.999000	0.72823319
753.999000	-134.03158431
754.999000	-65.84757098
755.999000	-38.73735115
756.999000	-94.04244467
757.999000	33.73353582
758.999000	6.86825291
759.999000	42.23352758
760.999000	144.89930542
761.999000	12.85227961
762.999000	-33.33752286
763.999000	-106.09477818
764.999000	108.89830843
765.999000	-105.13532838
766.999000	-23.13006799
767.999000	73.91066305
768.999000	47.37853518
769.999000	-5.69872038
770.999000	85.62046059
771.999000	-29.81496432
772.999000	12.87474641
773.999000	17.28479029
774.999000	13.27651757
775.999000	-12.23067558
776.999000	64.46986881
777.999000	-39.18327565
778.999000	10.20974320
779.999000	24.52929203
780.999000	2.93170319
781.999000	-46.19927362
782.999000	22.37730104
783.999000	16.11254825
784.999000	34.62817370
785.999000	-19.34595624
786.999000	11.27451750
787.999000	67.58827016
788.999000	44.81546148
789.999000	20.70756885
790.999000	-13.25121056
791.999000	-125.33253445
792.999000	83.64079226
793.999000	-98.77825823
794.999000	-41.26057687
795.999000	-11.93113825
796.999000	-37.52095121
797.999000	9.56702329
798.999000	57.57650830
799.999000	7.64116417
800.999000	-5.26538648
801.999000	-65.48927659
802.999000	92.21424722
803.999000	34.95799804
804.999000	-12.44744722
805.999000	-29.99607321
806.999000	8.52687625
807.999000	0.67409477
808.999000	11.41939546
809.999000	-96.90945617
810.999000	-43.30537342
811.999000	-114.67450012
812.999000	-14.50142228
813.999000	-16.23682019
814.999000	-16.02430258
815.999000	52.08150926
816.999000	-19.53559319
817.999000	-0.67565326
818.999000	20.97705745
819.999000	21.52529370
820.999000	-10.64553585
821.999000	-52.84937659
822.999000	39.20509203
823.999000	-81.46325862
824.999000	26.57968816
825.999000	39.40881013
826.999000	-91.92123154
827.999000	-23.84430122
828.999000	-101.05480248
829.999000	-69.05318448
830.999000	-46.52266167
831.999000	-35.77875299
832.999000	-12.79977180
833.999000	68.50309049
834.999000	8.01780835
835.999000	29.54172877
836.999000	50.91900170
837.999000	-83.40542719
838.999000	7.52962113
839.999000	11.75707390
840.999000	55.70207334
841.999000	63.19495705
842.999000	-45.40295647
843.999000	-32.73569487
844.999000	-25.20049875
845.999000	22.73973143
846.999000	30.30751129
847.999000	-9.55820211
848.999000	-8.31831734
849.999000	-34.75380063
850.999000	58.65714089
851.999000	-15.32165972
852.999000	14.82568786
853.999000	-6.89775064
854.999000	-6.56386178
855.999000	8.47284047
856.999000	-49.18993805
857.999000	25.49081562
858.999000	-5.16572045
859.999000	-43.36045177
860.999000	7.08529875
861.999000	11.74147667
862.999000	4.51747597
863.999000	2.51704863
864.999000	40.84773378
865.999000	-89.01733176
866.999000	31.72772692
867.999000	-53.57504164
868.999000	34.31302215
869.999000	-51.74782587
870.999000	-33.90765178
871.999000	102.20417797
872.999000	31.23423915
873.999000	30.73882018
874.999000	25.88066185
875.999000	-72.84966767
876.999000	-76.78143375
877.999000	-21.17413589
878.999000	37.79874486
879.999000	35.75758018
880.999000	-25.28180775
881.999000	10.31715483
882.999000	-67.29015081
883.999000	6.23661775
884.999000	-2.09912362
885.999000	31.50965944
886.999000	-29.10733049
887.999000	62.48523640
888.999000	-42.98049266
889.999000	81.00809794
890.999000	29.73140753
891.999000	13.49591829
892.999000	-11.88968332
893.999000	99.03969171
