# F(k,t) correlation function
# Reference time: 2209.000 ps
# lag_time_ps	F(k,t)
0.000000	474.52137527
1.000000	-55.11065098
2.000000	-15.58007100
3.000000	50.96480593
4.000000	73.76504477
5.000000	-16.68074927
6.000000	86.61422610
7.000000	-9.08224574
8.000000	-6.31942389
9.000000	-9.19588109
10.000000	61.75654306
11.000000	-7.99854646
12.000000	-29.75812143
13.000000	8.88006732
14.000000	30.99647147
15.000000	81.67221842
16.000000	-93.17950218
17.000000	-5.55980750
18.000000	49.20302191
19.000000	-115.65334623
20.000000	-61.95136622
21.000000	-21.66920175
22.000000	-14.70493812
23.000000	22.41982633
24.000000	17.34131637
25.000000	85.72520301
26.000000	-62.09784067
27.000000	-42.51074184
28.000000	35.11024885
29.000000	-48.79709237
30.000000	-125.33119339
31.000000	-16.57758557
32.000000	-44.93018026
33.000000	-28.66163780
34.000000	86.81046365
35.000000	5.61384341
36.000000	10.08768420
37.000000	13.35082652
38.000000	-60.06537998
39.000000	37.04643312
40.000000	-94.16992047
41.000000	6.34705910
42.000000	-35.16889761
43.000000	124.87224543
44.000000	10.24081034
45.000000	-9.87157212
46.000000	11.25074587
47.000000	66.48240984
48.000000	44.05044642
49.000000	-81.34410752
50.000000	38.46563866
51.000000	-2.35020301
52.000000	8.40224864
53.000000	41.99510768
54.000000	-15.03872057
55.000000	12.60006369
56.000000	46.93363340
57.000000	-78.69014467
58.000000	-34.87712260
59.000000	-6.89990645
60.000000	40.89984315
61.000000	5.46774480
62.000000	-39.23073529
63.000000	12.33380539
64.000000	35.61225382
65.000000	27.10375238
66.000000	82.50985648
67.000000	-76.71992175
68.000000	51.60138524
69.000000	-3.29879805
70.000000	92.93273388
71.000000	27.12486449
72.000000	-62.48623473
73.000000	18.68159711
74.000000	28.22041482
75.000000	-8.17982975
76.000000	-24.68204117
77.000000	48.64561343
78.000000	-73.17856048
79.000000	48.73745190
80.000000	-102.00453584
81.000000	-21.59638279
82.000000	56.25391972
83.000000	80.84210816
84.000000	15.47980655
85.000000	-31.51253538
86.000000	-0.81540535
87.000000	124.96968672
88.000000	0.64473169
89.000000	-22.22046861
90.000000	-32.62762440
91.000000	14.14487421
