# F(k,t) correlation function
# Reference time: 1004.001 ps
# lag_time_ps	F(k,t)
0.000000	387.75943564
1.000000	36.57022665
3.000000	-25.18997560
5.000000	22.98483385
7.000000	4.41560287
9.000000	-59.05598591
11.000000	-33.53267372
13.000000	22.40304322
15.000000	36.01554928
17.000000	-40.56645810
19.000000	-9.60181587
21.000000	-24.95987182
23.000000	-5.60982120
25.000000	-7.18389506
27.000000	48.74497023
29.000000	-52.09578596
31.000000	27.13655832
33.000000	-1.38527868
35.000000	-29.29071367
37.000000	15.25863965
39.000000	-8.72310947
41.000000	95.82207731
43.000000	-67.88005710
45.000000	-55.68477868
47.000000	27.95849377
49.000000	16.66948369
51.000000	-53.64648046
53.000000	-26.98463828
55.000000	-42.14739349
57.000000	69.99683948
59.000000	-46.04486400
61.000000	43.07872681
63.000000	53.83350216
65.000000	-36.26232174
67.000000	36.44862870
69.000000	-0.94927691
71.000000	34.05018670
73.000000	-64.04320517
75.000000	-26.26561684
77.000000	34.02713755
79.000000	-32.65728570
81.000000	-51.75565424
83.000000	-66.22123905
85.000000	66.49031564
87.000000	-86.14416019
89.000000	-19.91222507
91.000000	46.22832807
93.000000	-11.38204301
95.000000	14.06693938
97.000000	-8.66275989
99.000000	9.43052529
101.000000	19.16485964
103.000000	27.42467551
105.000000	-42.43800706
107.000000	-53.17787457
109.000000	5.49502587
111.000000	-85.98748383
113.000000	103.63159688
115.000000	33.49352087
117.000000	-0.04576694
119.000000	33.67035419
121.000000	-24.09227076
123.000000	-10.75368101
125.000000	13.31083030
127.000000	29.48308553
129.000000	-29.50538880
131.000000	12.12982313
133.000000	2.12267619
135.000000	38.64045032
137.000000	74.85684634
139.000000	45.68512633
141.000000	-5.32771596
143.000000	3.85297192
145.000000	-63.67903737
147.000000	32.04077439
149.000000	77.21619076
151.000000	-28.32079509
153.000000	-82.90276898
155.000000	33.10359295
157.000000	1.62308966
159.000000	108.51922506
161.000000	44.49413499
163.000000	22.86875958
165.000000	-46.68985325
167.000000	16.49799050
169.000000	37.34177677
171.000000	41.67418005
173.000000	66.84805644
175.000000	-22.72474955
177.000000	-84.46904880
179.000000	-29.57040086
181.000000	-38.92755464
183.000000	32.52751957
185.000000	39.31266314
187.000000	54.10833946
189.000000	64.27537371
191.000000	21.50404749
193.000000	31.09068871
195.000000	41.96716420
197.000000	29.86758978
199.000000	36.05233467
201.000000	71.51740785
203.000000	-79.16883416
205.000000	-6.94161607
207.000000	54.71474399
209.000000	-46.00244951
211.000000	9.65534837
213.000000	7.56010305
215.000000	-8.82448510
217.000000	-60.82501102
219.000000	-30.59522556
221.000000	-14.58736368
223.000000	7.01068559
225.000000	-48.33000334
227.000000	-14.26470897
229.000000	68.66372113
231.000000	-15.79300922
233.000000	-101.04179864
235.000000	111.97313280
237.000000	-83.30341801
239.000000	-12.75616750
241.000000	50.32791134
243.000000	26.81441540
245.000000	-30.01057182
247.000000	-11.21708013
249.000000	26.09248192
251.000000	-13.42589599
253.000000	41.12557004
255.000000	15.57396688
257.000000	38.58735183
259.000000	-4.35257330
261.000000	-56.39446760
263.000000	-15.60856508
265.000000	-4.69434641
267.000000	19.68521307
269.000000	16.51161894
271.000000	-34.30621755
273.000000	-33.10913154
275.000000	52.09551995
277.000000	-2.23676998
279.000000	21.72893942
281.000000	-13.94159597
283.000000	-21.89037092
285.000000	-12.65636361
287.000000	-25.96812621
289.000000	74.92116880
291.000000	48.12512748
293.000000	-21.73729805
295.000000	-27.83955541
297.000000	-100.12610467
299.000000	-79.48774587
301.000000	20.67559785
303.000000	14.83842232
305.000000	36.72512724
307.000000	25.40343932
309.000000	-30.60343398
311.000000	67.22683120
313.000000	0.08013904
315.000000	31.85074299
317.000000	-3.96007142
319.000000	-5.93065178
321.000000	28.78182934
323.000000	-55.54681515
325.000000	-24.35848150
327.000000	26.44834228
329.000000	17.42192990
331.000000	-24.13286371
333.000000	-17.15104085
335.000000	-18.90362750
337.000000	-54.68514648
339.000000	-6.88728532
341.000000	40.41387081
343.000000	-3.40864271
345.000000	50.85904495
347.000000	-13.40335248
349.000000	-4.21389948
351.000000	-39.85569310
353.000000	-10.19353211
355.000000	-27.52308933
357.000000	32.66783099
359.000000	-26.29883859
361.000000	-3.97770367
363.000000	-2.69242680
365.000000	38.68650153
367.000000	12.30601069
369.000000	46.60622364
371.000000	-40.25604769
373.000000	-68.89801524
375.000000	13.59365395
377.000000	-37.54024947
379.000000	17.06803563
381.000000	-48.22670075
383.000000	-28.27380938
385.000000	-13.34056242
387.000000	-6.41430708
389.000000	78.78179642
391.000000	-20.84365778
393.000000	3.53939487
395.000000	51.65530855
397.000000	38.20131293
399.000000	33.47749533
401.000000	84.50999688
403.000000	13.64827475
405.000000	25.22420470
407.000000	40.57234210
409.000000	-21.47266257
411.000000	23.31574764
413.000000	47.34638255
415.000000	-77.40539056
417.000000	-94.11842055
419.000000	-33.03428592
421.000000	-81.22280801
423.000000	-57.90065780
425.000000	-78.72705241
427.000000	46.91882991
429.000000	80.87874184
431.000000	-60.97034103
433.000000	43.94577405
435.000000	-23.38368333
437.000000	-9.24628980
439.000000	30.24092069
441.000000	-48.28404127
443.000000	34.25833617
445.000000	-15.38043027
447.000000	-21.67420826
449.000000	-25.50653872
451.000000	32.16461954
453.000000	-125.78733291
455.000000	31.24842700
457.000000	-45.97012089
459.000000	60.55885179
461.000000	-42.76810189
463.000000	-51.38605321
465.000000	30.15895566
467.000000	30.27735493
469.000000	-0.91024451
471.000000	-22.87732385
473.000000	49.79814526
475.000000	-72.12965617
477.000000	0.15625115
479.000000	-38.70339024
481.000000	41.25052066
483.000000	27.61959727
485.000000	44.18793812
487.000000	54.64715458
489.000000	64.04771585
491.000000	20.82753181
493.000000	-35.00487790
495.000000	64.23733537
497.000000	-30.17390724
499.000000	-3.39499147
501.000000	109.78615456
503.000000	45.19559259
505.000000	20.50771621
507.000000	113.41566402
509.000000	47.76023548
511.000000	84.11548359
513.000000	-35.14571671
515.000000	61.88723060
517.000000	27.24842121
519.000000	-31.96725769
521.000000	34.65944420
523.000000	-6.69671491
525.000000	-19.17561962
527.000000	-23.83918852
529.000000	13.38534171
531.000000	77.50635792
533.000000	19.32203923
535.000000	-1.11466012
537.000000	-59.19053034
539.000000	122.57650500
541.000000	1.33664727
543.000000	-55.48595909
545.000000	-14.62831405
547.000000	44.33236118
549.000000	48.75668582
551.000000	41.44155103
553.000000	51.44882894
555.000000	11.86746395
557.000000	150.31890504
559.000000	-38.99400270
561.000000	2.37778744
563.000000	-33.10919578
565.000000	-46.59221334
567.000000	64.42855916
569.000000	9.68173525
571.000000	-37.56861099
573.000000	66.71501071
575.000000	29.31482696
577.000000	-43.74190103
579.000000	20.98501381
581.000000	47.44828453
583.000000	-41.79288835
585.000000	48.20774127
587.000000	-35.08115243
589.000000	-13.72071611
591.000000	-32.76644178
593.000000	49.51839538
595.000000	46.24891264
597.000000	98.53598164
599.000000	9.17706448
601.000000	-62.97681203
603.000000	-17.38916032
605.000000	66.90948628
607.000000	-39.97752786
609.000000	-16.44939346
611.000000	-31.74363657
613.000000	-106.97551385
615.000000	-8.67523502
617.000000	22.70493262
619.000000	27.40007754
621.000000	18.27068733
623.000000	-5.71484246
625.000000	84.54803279
627.000000	58.90829705
629.000000	-7.42931790
631.000000	-19.71680909
633.000000	30.51610540
635.000000	62.56492767
637.000000	-27.10406774
639.000000	-27.70994490
641.000000	-30.66247132
643.000000	41.50865648
645.000000	38.96856244
647.000000	18.04337278
649.000000	56.08090031
651.000000	-25.50525401
653.000000	60.16453328
655.000000	-27.47307081
657.000000	66.36405375
659.000000	28.14927683
661.000000	-48.77167239
663.000000	-70.50091223
665.000000	51.19083965
667.000000	-21.56549421
669.000000	60.35528612
671.000000	60.14930004
673.000000	64.20766552
675.000000	11.55435363
677.000000	16.70471858
679.000000	-85.98892999
681.000000	38.24290589
683.000000	31.87294425
685.000000	43.09255402
687.000000	43.85963405
689.000000	-12.38940812
691.000000	-0.08276933
693.000000	-12.71040788
695.000000	-44.86231347
697.000000	-6.33132427
699.000000	49.73711878
701.000000	-29.65519403
703.000000	3.28965036
705.000000	-59.92338470
707.000000	44.47301356
709.000000	41.70607743
711.000000	-3.89731425
713.000000	47.49796240
715.000000	65.02400347
717.000000	-27.37029675
719.000000	89.95005979
721.000000	-18.56870432
723.000000	-4.99098213
725.000000	0.73248406
727.000000	-71.79600157
729.000000	8.82780236
731.000000	-78.46094674
733.000000	23.10159885
735.000000	-42.80465433
737.000000	24.92981668
739.000000	72.40317837
741.000000	-19.46144641
743.000000	-4.40652798
745.000000	29.49300252
747.000000	38.28374276
749.000000	-21.15319540
751.000000	-4.07649658
753.000000	16.04660231
755.000000	20.53640223
757.000000	42.18682236
759.000000	5.54422766
761.000000	-35.50997603
763.000000	-19.11303242
765.000000	-14.31062758
767.000000	-5.17240761
769.000000	-83.02719538
771.000000	67.22676616
773.000000	-46.64882756
775.000000	-48.95575063
777.000000	-44.63297939
779.000000	-10.32578426
781.000000	23.59293117
783.000000	-14.79729223
785.000000	63.75843298
787.000000	32.24959541
789.000000	85.54354270
791.000000	-4.34606210
793.000000	-11.69247833
795.000000	19.17644600
797.000000	-6.71643450
799.000000	61.92900843
801.000000	-0.77479776
803.000000	-2.24216355
805.000000	-52.35555912
807.000000	67.71054294
809.000000	-91.56491746
811.000000	-75.53605464
813.000000	-25.89742450
815.000000	26.18661075
817.000000	-35.82859795
819.000000	-46.65712107
821.000000	-100.70345846
823.000000	27.17564905
825.000000	52.55430442
827.000000	2.50917628
829.000000	-126.71415891
831.000000	-3.12571169
833.000000	-11.44975353
835.000000	-4.99122540
837.000000	-54.55799051
839.000000	21.81943407
841.000000	3.62845629
843.000000	-13.34446527
845.000000	46.36415700
846.000000	19.25202723
847.000000	-6.48750354
848.000000	-66.09648284
849.000000	56.99560665
850.000000	-29.15824796
851.000000	12.61569723
852.000000	-56.21864658
853.000000	-21.34664497
854.000000	44.46026944
855.000000	-47.37187136
856.000000	-69.44615868
857.000000	40.66950947
858.000000	23.55606381
859.000000	55.06512441
860.000000	50.16644681
861.000000	-20.56399690
862.000000	-22.74285935
863.000000	-9.20617707
864.000000	-31.60579271
865.000000	-7.17280531
866.000000	-69.07030099
867.000000	37.72314247
868.000000	54.74937833
869.000000	-46.05153063
870.000000	31.15588558
871.000000	-21.89431370
872.000000	-2.94697897
873.000000	31.40194932
874.000000	11.34666396
875.000000	-8.93127811
876.000000	-29.45552485
877.000000	-0.14316056
878.000000	61.46688829
879.000000	19.21272366
880.000000	38.42565351
881.000000	51.39142579
882.000000	51.73061733
883.000000	-28.21477537
884.000000	82.64725976
885.000000	-23.60569107
886.000000	-10.96272042
887.000000	11.27424332
888.000000	-16.04225121
889.000000	-1.68215918
890.000000	26.36850339
891.000000	-16.49050137
892.000000	-18.48047671
893.000000	-2.92313705
894.000000	-16.34748978
895.000000	26.03991448
896.000000	-31.23341700
897.000000	-56.05786176
898.000000	-13.67296816
899.000000	44.66072393
900.000000	-25.35524279
901.000000	28.98170390
902.000000	7.05315593
903.000000	18.80291368
904.000000	101.76907042
905.000000	18.28982046
906.000000	2.26598449
907.000000	65.57703519
908.000000	75.07251106
909.000000	0.58423339
910.000000	26.03499632
911.000000	5.57653634
912.000000	-81.17171917
913.000000	-14.16109665
914.000000	56.08100670
915.000000	-14.10711944
916.000000	-19.23335284
917.000000	50.63340522
918.000000	47.73679287
919.000000	18.04406568
920.000000	-38.47572800
921.000000	-40.21130279
922.000000	-7.17393896
923.000000	-45.64407839
924.000000	84.30630910
925.000000	-19.29989249
926.000000	-50.75877172
927.000000	33.79933424
928.000000	-59.19844050
929.000000	-28.68309742
930.000000	1.20221521
931.000000	-36.48083586
932.000000	33.91148167
933.000000	-8.52032428
934.000000	5.90953634
935.000000	-22.00383948
936.000000	8.56413673
937.000000	-29.88915944
938.000000	-34.29157709
939.000000	30.17290848
940.000000	44.37872524
941.000000	45.78200025
942.000000	-6.34738770
943.000000	-30.73311007
944.000000	17.27105896
945.000000	60.83480249
946.000000	3.00175802
947.000000	-39.70322429
948.000000	-12.52625495
949.000000	17.42370626
950.000000	1.03892937
951.000000	8.88318018
952.000000	5.06619865
953.000000	-51.42725443
954.000000	30.62885274
955.000000	-14.13156351
956.000000	20.75750809
957.000000	79.26686653
958.000000	4.65546582
959.000000	-59.35623763
960.000000	34.29358869
961.000000	22.19175348
962.000000	-74.73093888
963.000000	-5.83717908
964.000000	-56.91435706
965.000000	6.90743426
966.000000	9.30722402
967.000000	-50.52776777
968.000000	-9.77429686
969.000000	3.28934368
970.000000	-7.49321822
971.000000	44.49133848
972.000000	-27.57144122
973.000000	-42.86647598
974.000000	-29.10313688
975.000000	65.90328176
976.000000	16.57494977
977.000000	-7.40528364
978.000000	38.76873499
979.000000	-39.12329953
980.000000	43.63337946
981.000000	-16.17407844
982.000000	13.54654284
983.000000	51.20699926
984.000000	48.86873040
985.000000	-2.33660978
986.000000	15.37807277
987.000000	81.82391893
988.000000	29.94755814
989.000000	3.87682640
990.000000	19.55256127
991.000000	-7.17470332
992.000000	6.03483285
993.000000	-14.89344048
994.000000	-64.46895281
995.000000	-53.02722673
996.000000	18.86719996
997.000000	34.72746003
998.000000	-38.53404408
999.000000	-56.65653121
1000.000000	-89.53285527
1001.000000	-10.16972110
1002.000000	-33.03817911
1003.000000	-51.79496425
1004.000000	15.84857525
1005.000000	-29.46879116
1006.000000	46.76689885
1007.000000	51.91149725
1008.000000	61.43815629
1009.000000	9.39724351
1010.000000	-49.72772998
1011.000000	-16.59042270
1012.000000	-21.66032491
1013.000000	-44.15153696
1014.000000	-21.15187897
1015.000000	-22.72935067
1016.000000	39.88198642
1017.000000	42.93123342
1018.000000	-2.94398009
1019.000000	25.71688299
1020.000000	13.59737466
1021.000000	22.29465688
1022.000000	-83.41797339
1023.000000	-21.22741021
1024.000000	9.99853770
1025.000000	21.02769790
1026.000000	15.36571889
1027.000000	-3.59412790
1028.000000	116.57435465
1029.000000	70.84120117
1030.000000	-7.63696200
1031.000000	24.37397760
1032.000000	-2.64847522
1033.000000	62.07782850
1034.000000	96.45324124
1035.000000	7.60793289
1036.000000	18.70836132
1037.000000	7.73680766
1038.000000	-12.20805079
1039.000000	-15.20435238
1040.000000	21.14614544
1041.000000	-50.71534076
1042.000000	9.24431754
1043.999000	-74.27176692
1044.999000	11.34775897
1045.999000	21.53300919
1046.999000	-81.06589670
1047.999000	47.56580189
1048.999000	-58.97187429
1049.999000	-33.33081879
1050.999000	-31.91118918
1051.999000	24.65045102
1052.999000	78.30807029
1053.999000	29.28645655
1054.999000	-83.49625921
1055.999000	69.90881354
1056.999000	22.31482048
1057.999000	-107.90484934
1058.999000	-25.46408772
1059.999000	8.26364625
1060.999000	1.18272722
1061.999000	-48.09826318
1062.999000	-97.97526837
1063.999000	39.75850763
1064.999000	-17.01876590
1065.999000	-28.53150449
1066.999000	30.07975129
1067.999000	63.64388862
1068.999000	-31.26857009
1069.999000	-57.08596904
1070.999000	-5.42728438
1071.999000	-7.33488567
1072.999000	30.88621155
1073.999000	90.56593262
1074.999000	13.83508459
1075.999000	7.14581675
1076.999000	-27.90529273
1077.999000	43.38235160
1078.999000	-110.13530575
1079.999000	24.41756022
1080.999000	2.22188514
1081.999000	32.65077802
1082.999000	-82.80450407
1083.999000	97.35454995
1084.999000	-2.62989868
1085.999000	29.71777931
1086.999000	53.13706399
1087.999000	-28.45404177
1088.999000	121.73016979
1089.999000	10.56634174
1090.999000	45.72783106
1091.999000	76.84311763
1092.999000	22.62117262
1093.999000	33.47939586
1094.999000	6.10458134
1095.999000	-15.08298603
1096.999000	8.85274762
1097.999000	-68.00489373
1098.999000	-16.80366832
1099.999000	-79.59829427
1100.999000	64.52128398
1101.999000	77.79919232
1102.999000	3.81219994
1103.999000	31.73130230
1104.999000	6.55051954
1105.999000	-43.99168699
1106.999000	-54.99863699
1107.999000	56.17633849
1108.999000	-9.47038946
1109.999000	-34.35561035
1110.999000	-16.37977539
1111.999000	-61.05876271
1112.999000	5.53034636
1113.999000	69.10466814
1114.999000	71.77104608
1115.999000	5.34700321
1116.999000	37.44728372
1117.999000	76.06892790
1118.999000	-54.41165042
1119.999000	1.80094814
1120.999000	-59.08418822
1121.999000	9.91243423
1122.999000	89.33422765
1123.999000	-80.52898342
1124.999000	-39.67500476
1125.999000	48.47733337
1126.999000	-26.11096887
1127.999000	25.92632818
1128.999000	50.42217262
1129.999000	-70.19674105
1130.999000	-38.50490828
1131.999000	49.17073113
1132.999000	64.32646703
1133.999000	49.19797541
1134.999000	-54.13383239
1135.999000	-10.49769231
1136.999000	-10.11062961
1137.999000	36.93217138
1138.999000	7.32358641
1139.999000	-59.91405311
1140.999000	25.79755791
1141.999000	-2.07711463
1142.999000	7.48553877
1143.999000	74.35844960
1144.999000	14.54157970
1145.999000	-62.46113798
1146.999000	71.65058210
1147.999000	47.62891822
1148.999000	-37.19541431
1149.999000	-43.01424566
1150.999000	-38.22592026
1151.999000	13.87267296
1152.999000	56.94078321
1153.999000	-161.96443804
1154.999000	-12.95171255
1155.999000	21.40593527
1156.999000	-5.53769236
1157.999000	-38.35368326
1158.999000	-63.88147467
1159.999000	10.21850431
1160.999000	43.17423122
1161.999000	-82.97686664
1162.999000	-26.83424237
1163.999000	-33.37943683
1164.999000	53.22206602
1165.999000	16.54204896
1166.999000	-24.19956267
1167.999000	-22.62418634
1168.999000	-29.32712901
1169.999000	-1.64750424
1170.999000	12.72765232
1171.999000	-27.65102462
1172.999000	55.89700780
1173.999000	-39.34123061
1174.999000	30.73812815
1175.999000	14.42039676
1176.999000	-53.71564713
1177.999000	6.45812007
1178.999000	36.27608189
1179.999000	72.57325872
1180.999000	-38.69848626
1181.999000	26.44808392
1182.999000	-11.05213917
1183.999000	-1.46707472
1184.999000	-8.20379437
1185.999000	-1.43648085
1186.999000	54.18170249
1187.999000	68.52781037
1188.999000	24.55185251
1189.999000	-0.79400132
1190.999000	-3.55856105
1191.999000	-35.41228700
1192.999000	30.97336056
1193.999000	-47.41242777
1194.999000	6.01092292
1195.999000	-135.54725226
1196.999000	10.35269466
1197.999000	22.95720224
1198.999000	-33.86979370
1199.999000	-5.49704666
1200.999000	21.40293027
1201.999000	-12.91058604
1202.999000	1.88140327
1203.999000	29.76190453
1204.999000	-126.71918102
1205.999000	-4.83238211
1206.999000	-7.50470846
1207.999000	-30.40503136
1208.999000	26.25616248
1209.999000	-50.65935201
1210.999000	-61.70525676
1211.999000	29.74250217
1212.999000	39.57597348
1213.999000	-35.52982806
1214.999000	-21.31880882
1215.999000	-13.68187332
1216.999000	25.52559147
1217.999000	-66.45767344
1218.999000	0.60598856
1219.999000	-23.10042438
1220.999000	9.46757039
1221.999000	39.46866954
1222.999000	-8.64402234
1223.999000	-35.32045888
1224.999000	9.21213464
1225.999000	-64.09642713
1226.999000	15.31232047
1227.999000	-4.40588402
1228.999000	-60.27652667
1229.999000	-34.89921570
1230.999000	41.38493411
1231.999000	63.87971630
1232.999000	48.42842345
1233.999000	-34.77663597
1234.999000	-77.58714442
1235.999000	-15.14359743
1236.999000	-1.68534695
1237.999000	64.32842108
1238.999000	0.41557546
1239.999000	-19.12340933
1240.999000	-71.66414257
1241.999000	-12.54760558
1242.999000	14.00776033
1243.999000	9.68439319
1244.999000	-48.18195328
1245.999000	42.36461959
1246.999000	23.56636670
1247.999000	-56.65586796
1248.999000	-39.16774500
1249.999000	-2.01912970
1250.999000	-10.56025906
1251.999000	-106.89702775
1252.999000	37.52572273
1253.999000	-50.45883474
1254.999000	65.55867405
1255.999000	95.30068352
1256.999000	16.35818159
1257.999000	-15.39349477
1258.999000	-60.29154127
1259.999000	68.06031994
1260.999000	-5.26895911
1261.999000	42.83207741
1262.999000	-1.06345043
1263.999000	-2.97863606
1264.999000	-19.05858474
1265.999000	-27.91746536
1266.999000	118.47279751
1267.999000	-8.68889406
1268.999000	2.81624960
1269.999000	-12.98678879
1270.999000	17.24463644
1271.999000	-60.23677842
1272.999000	17.33580344
1273.999000	-53.89824778
1274.999000	45.25814812
1275.999000	-4.39610122
1276.999000	9.61325662
1277.999000	50.19156697
1278.999000	-22.84276956
1279.999000	37.70147256
1280.999000	-48.28616093
1281.999000	26.37137632
1282.999000	5.72621921
1283.999000	-8.17709386
1284.999000	-2.27957782
1285.999000	13.14235029
1286.999000	70.60937741
1287.999000	-58.29003632
1288.999000	11.81038800
1289.999000	-70.94383341
1290.999000	-31.11744271
1291.999000	-65.60874393
1292.999000	5.94079469
1293.999000	83.33089751
1294.999000	62.44725121
1295.999000	55.85376957
