# F(k,t) correlation function
# Reference time: 1205.001 ps
# lag_time_ps	F(k,t)
0.000000	470.63110381
2.000000	-1.59593362
4.000000	-54.07773552
6.000000	55.46032496
8.000000	30.85646207
10.000000	62.27003101
12.000000	-37.00939760
14.000000	11.75499575
16.000000	-17.85281034
18.000000	-26.18671954
20.000000	-79.72026245
22.000000	-18.00105168
24.000000	-66.83538776
26.000000	24.88167171
28.000000	-173.55432676
30.000000	-5.55364550
32.000000	-83.22629025
34.000000	-48.83402413
36.000000	-15.68143241
38.000000	-60.01549301
40.000000	88.07296399
42.000000	-60.22593055
44.000000	-1.22344403
46.000000	30.99255407
48.000000	63.31767436
50.000000	108.90816694
52.000000	-35.55173260
54.000000	-80.42270714
56.000000	53.24589724
58.000000	-16.86311947
60.000000	71.70836118
62.000000	17.48312752
64.000000	-45.69564239
66.000000	-84.46683839
68.000000	50.34883975
70.000000	37.60074180
72.000000	0.44848833
74.000000	-37.11884304
76.000000	11.61009714
78.000000	-68.32495485
80.000000	13.54141929
82.000000	-86.22846972
84.000000	-84.94340120
86.000000	-50.46763961
88.000000	16.32641593
90.000000	-58.48070837
92.000000	-27.18913751
94.000000	140.81137377
96.000000	-22.83276570
98.000000	46.50038399
100.000000	3.44212198
102.000000	42.92150352
104.000000	27.55945631
106.000000	60.93406519
108.000000	-18.51164371
110.000000	-95.60360888
112.000000	-85.45542709
114.000000	29.28074632
116.000000	43.51671152
118.000000	50.99697065
120.000000	82.02757927
122.000000	46.41420710
124.000000	20.68217057
126.000000	-5.70452474
128.000000	-32.09063348
130.000000	-42.55934469
132.000000	-63.79777972
134.000000	-22.41044997
136.000000	-45.07126130
138.000000	-32.93191952
140.000000	-33.77975604
142.000000	-79.62209848
144.000000	-13.27293232
146.000000	-53.51143911
148.000000	-3.12873338
150.000000	-90.71573792
152.000000	-15.91807995
154.000000	50.27269360
156.000000	-3.40869059
158.000000	75.90387638
160.000000	97.61612493
162.000000	21.23243889
164.000000	11.50511798
166.000000	-58.15017651
168.000000	52.25271307
170.000000	-58.98512043
172.000000	-22.86116831
174.000000	46.90312000
176.000000	40.77385883
178.000000	31.22841354
180.000000	19.24886594
182.000000	-72.39047896
184.000000	-24.34223909
186.000000	129.36671954
188.000000	-4.68399745
190.000000	-3.67811133
192.000000	-94.67922173
194.000000	7.28659767
196.000000	-13.76792020
198.000000	-10.46959430
200.000000	-36.02437209
202.000000	1.18717915
204.000000	-77.61081382
206.000000	35.63452191
208.000000	43.82571681
210.000000	-35.27703416
212.000000	22.86871549
214.000000	32.01289200
216.000000	-1.74293433
218.000000	71.29070152
220.000000	-77.16560242
222.000000	24.82326700
224.000000	-40.47863890
226.000000	112.24654618
228.000000	-60.00778933
230.000000	-40.70543613
232.000000	47.22769755
234.000000	19.50170490
236.000000	-35.89551115
238.000000	-9.85069624
240.000000	22.06707271
242.000000	51.97378354
244.000000	32.30943632
246.000000	10.48992494
248.000000	-4.64443741
250.000000	41.10745466
252.000000	-31.47880959
254.000000	25.63903688
256.000000	39.16060083
258.000000	-52.10044464
260.000000	-6.10331103
262.000000	-89.06735624
264.000000	50.96399778
266.000000	-8.97685637
268.000000	33.72269470
270.000000	51.82753448
272.000000	16.82585781
274.000000	-8.98054370
276.000000	70.77303883
278.000000	54.62962157
280.000000	40.71699770
282.000000	44.40947694
284.000000	-1.94142572
286.000000	-36.61998231
288.000000	-39.64106544
290.000000	-15.77233076
292.000000	-78.17087954
294.000000	-98.04598610
296.000000	-24.50830347
298.000000	45.12707130
300.000000	12.96673561
302.000000	-106.94489664
304.000000	20.61150547
306.000000	-43.20144033
308.000000	-19.22617506
310.000000	-38.57543561
312.000000	108.77904202
314.000000	-20.34479997
316.000000	56.59105669
318.000000	-45.34693952
320.000000	31.72395591
322.000000	-75.91738554
324.000000	17.96351624
326.000000	63.24217525
328.000000	3.91017311
330.000000	103.13952723
332.000000	26.00126119
334.000000	-74.44699162
336.000000	41.22388697
338.000000	-29.20301858
340.000000	-62.00668617
342.000000	24.05152943
344.000000	21.16055256
346.000000	-36.60720053
348.000000	-18.36529053
350.000000	-17.28333814
352.000000	8.56345902
354.000000	21.84387192
356.000000	-40.91401662
358.000000	10.84333948
360.000000	59.46169422
362.000000	-0.27088124
364.000000	15.74553604
366.000000	51.02739039
368.000000	12.29534881
370.000000	37.69979112
372.000000	-60.45559453
374.000000	65.47866483
376.000000	49.23930253
378.000000	-30.63175015
380.000000	-1.74074645
382.000000	32.64229375
384.000000	3.03414481
386.000000	20.55076065
388.000000	-31.38911333
390.000000	123.20092294
392.000000	-108.89029874
394.000000	38.07498745
396.000000	24.10161231
398.000000	52.75468742
400.000000	-63.13936903
402.000000	-36.29870017
404.000000	19.31071595
406.000000	-9.68214528
408.000000	127.08584534
410.000000	69.40448765
412.000000	97.85011588
414.000000	19.20363496
416.000000	-40.94980132
418.000000	16.39195530
420.000000	32.41046444
422.000000	-98.45600904
424.000000	-19.81823549
426.000000	49.21145321
428.000000	-52.51782485
430.000000	56.83073155
432.000000	-19.05310470
434.000000	-43.99430243
436.000000	-41.93059870
438.000000	-91.26848063
440.000000	26.32069682
442.000000	89.42891714
444.000000	-15.62234620
446.000000	-78.90125848
448.000000	43.14737203
450.000000	74.00061479
452.000000	65.15666652
454.000000	-131.12036175
456.000000	-31.52586931
458.000000	98.90788384
460.000000	43.65158154
462.000000	61.07633030
464.000000	31.72887850
466.000000	-64.15868951
468.000000	32.88015254
470.000000	78.81663082
472.000000	-30.90667456
474.000000	79.71326912
476.000000	90.19706981
478.000000	2.30909466
480.000000	-63.86846989
482.000000	73.26570632
484.000000	54.90378034
486.000000	122.99699485
488.000000	4.02654714
490.000000	-29.90355435
492.000000	62.42458161
494.000000	-30.32705305
496.000000	102.11211084
498.000000	25.60756835
500.000000	7.74388501
502.000000	30.58795662
504.000000	-21.86723251
506.000000	8.40662234
508.000000	53.76566661
510.000000	44.76065491
512.000000	86.36628643
514.000000	9.41080895
516.000000	-19.50229859
518.000000	-38.41785572
520.000000	23.54674015
522.000000	91.24797818
524.000000	76.19346738
526.000000	52.40342032
528.000000	-4.38322385
530.000000	13.32606430
532.000000	59.29472766
534.000000	-8.95524618
536.000000	44.15619996
538.000000	-60.72587008
540.000000	-37.11733235
542.000000	-22.61452611
544.000000	13.48939119
546.000000	19.22550400
548.000000	22.65558120
550.000000	-12.36876463
552.000000	-50.98670682
554.000000	-5.40389865
556.000000	-22.78265255
558.000000	89.56469129
560.000000	-40.92013622
562.000000	-2.41912234
564.000000	-2.92219695
566.000000	-41.28480708
568.000000	53.10443346
570.000000	-9.06007316
572.000000	-41.67899784
574.000000	-19.93470919
576.000000	60.45615046
578.000000	-16.45748982
580.000000	23.34718996
582.000000	11.97246721
584.000000	-0.40777649
586.000000	-85.56186403
588.000000	26.67062745
590.000000	66.85630204
592.000000	-47.12625968
594.000000	36.91004000
596.000000	39.38549809
598.000000	-30.26638491
600.000000	-33.78237505
602.000000	0.79215739
604.000000	10.76013918
606.000000	102.70215226
608.000000	19.64631359
610.000000	-29.85259497
612.000000	28.35887703
614.000000	-31.93004981
616.000000	12.66678924
618.000000	80.09197152
620.000000	82.68155867
622.000000	62.01327357
624.000000	-20.94982179
626.000000	98.32514934
628.000000	16.84065887
630.000000	-6.57048324
632.000000	3.41366695
634.000000	-3.10592612
636.000000	-68.73815016
638.000000	-33.24088701
640.000000	-74.22959913
642.000000	-23.80340964
644.000000	-16.94514796
645.000000	9.39844735
646.000000	4.11834244
647.000000	-28.00900909
648.000000	30.68469745
649.000000	1.53762687
650.000000	45.60925886
651.000000	-20.31989417
652.000000	-36.18201536
653.000000	-77.50013567
654.000000	132.68008500
655.000000	20.31669946
656.000000	-37.76631207
657.000000	-21.27357875
658.000000	75.98336683
659.000000	15.35181841
660.000000	-5.53363682
661.000000	-40.89014740
662.000000	-84.21387424
663.000000	-59.83928221
664.000000	-35.35506801
665.000000	-108.48771857
666.000000	101.71179103
667.000000	81.99955904
668.000000	12.38246124
669.000000	-42.13112212
670.000000	19.94461702
671.000000	58.01562276
672.000000	-80.87589739
673.000000	-8.11906826
674.000000	-147.84229858
675.000000	46.95485160
676.000000	-64.62567628
677.000000	19.49690746
678.000000	79.22061368
679.000000	-5.09942875
680.000000	7.05116189
681.000000	17.12811024
682.000000	26.34921915
683.000000	-63.88983332
684.000000	-10.34737011
685.000000	55.30629414
686.000000	71.61236341
687.000000	2.04830589
688.000000	-20.16918380
689.000000	51.49223767
690.000000	-14.41104235
691.000000	42.91828047
692.000000	-62.24256320
693.000000	39.77887500
694.000000	85.09288620
695.000000	4.03737788
696.000000	-44.32479634
697.000000	-19.81701560
698.000000	-14.31919164
699.000000	32.87792959
700.000000	32.96845138
701.000000	134.41937231
702.000000	84.20796455
703.000000	-114.50474908
704.000000	75.63278031
705.000000	-58.94144063
706.000000	188.45285617
707.000000	-59.57596558
708.000000	-13.57089327
709.000000	-31.13887884
710.000000	46.80990455
711.000000	65.66377028
712.000000	22.43419267
713.000000	12.74035192
714.000000	-53.96604186
715.000000	-59.19450642
716.000000	30.53565037
717.000000	69.30139659
718.000000	-21.54280114
719.000000	-30.42092443
720.000000	48.10760263
721.000000	44.36696996
722.000000	19.47215848
723.000000	7.00160451
724.000000	-14.27753830
725.000000	-17.69088629
726.000000	-52.50751001
727.000000	50.08902269
728.000000	6.90468891
729.000000	-23.05473641
730.000000	-31.43733268
731.000000	6.79675879
732.000000	-103.53374046
733.000000	-52.86784626
734.000000	100.83460246
735.000000	-27.37458436
736.000000	-79.29448949
737.000000	-67.84494115
738.000000	-54.11661271
739.000000	-1.50244595
740.000000	-56.95645951
741.000000	38.67399031
742.000000	24.18394744
743.000000	58.21863596
744.000000	-19.72775726
745.000000	-3.79051935
746.000000	-54.69480124
747.000000	53.93293020
748.000000	70.62472493
749.000000	11.81481609
750.000000	-57.47258936
751.000000	41.87509266
752.000000	-24.97340460
753.000000	-17.14007676
754.000000	-18.18083287
755.000000	33.55960525
756.000000	0.55031841
757.000000	7.52316818
758.000000	-74.26804492
759.000000	-1.54113121
760.000000	-69.46505562
761.000000	-75.34699305
762.000000	63.62962122
763.000000	-88.41336362
764.000000	-21.75640109
765.000000	14.83284590
766.000000	-51.68058756
767.000000	10.30238070
768.000000	74.61127196
769.000000	20.18890588
770.000000	-2.83866919
771.000000	-40.43332977
772.000000	-41.33140403
773.000000	16.37213109
774.000000	6.70295397
775.000000	22.95187527
776.000000	89.01408939
777.000000	-71.70756114
778.000000	16.68844372
779.000000	27.30621772
780.000000	-7.41186455
781.000000	62.53324831
782.000000	-6.81331614
783.000000	49.17431279
784.000000	38.33503301
785.000000	3.80920497
786.000000	51.20484657
787.000000	-3.75910165
788.000000	9.29056654
789.000000	14.54911410
790.000000	-36.79554815
791.000000	70.05823686
792.000000	59.97893105
793.000000	17.28051870
794.000000	-6.36646091
795.000000	26.47971746
796.000000	73.02554564
797.000000	-89.89016789
798.000000	-69.40730906
799.000000	59.62726258
800.000000	68.22691242
801.000000	5.89438786
802.000000	33.83045005
803.000000	-26.45580100
804.000000	-4.24926157
805.000000	31.96132347
806.000000	-16.18832959
807.000000	-90.36148024
808.000000	-60.60115177
809.000000	-17.85828154
810.000000	-44.10489458
811.000000	-37.58727675
812.000000	45.29837257
813.000000	-111.62687539
814.000000	-30.95091916
815.000000	6.21863581
816.000000	-51.58236337
817.000000	-23.06433698
818.000000	87.62607591
819.000000	101.10982544
820.000000	-73.43836473
821.000000	-25.20847337
822.000000	-152.15593289
823.000000	40.14334115
824.000000	-64.27702995
825.000000	14.68150128
826.000000	17.05761507
827.000000	-27.37857467
828.000000	58.58173283
829.000000	-36.44662860
830.000000	-21.77615407
831.000000	21.36967559
832.000000	-14.20571011
833.000000	-2.42693499
834.000000	65.46972387
835.000000	12.75011854
836.000000	11.75023134
837.000000	30.03821129
838.000000	1.50706470
839.000000	-7.57585827
840.000000	-94.42193846
841.000000	81.10744817
842.999000	-13.73535050
843.999000	-22.66613407
844.999000	-4.12784476
845.999000	-72.01945630
846.999000	-48.09453869
847.999000	40.96206963
848.999000	26.07508635
849.999000	27.91507717
850.999000	55.89341119
851.999000	21.84782643
852.999000	-73.07556114
853.999000	-25.97319082
854.999000	63.56248581
855.999000	-49.12560755
856.999000	-15.90471525
857.999000	113.69328058
858.999000	49.41667799
859.999000	66.16113555
860.999000	11.32487060
861.999000	-83.51960760
862.999000	19.48979381
863.999000	-43.47440498
864.999000	8.38931107
865.999000	-36.74809405
866.999000	-25.39100961
867.999000	58.15584008
868.999000	57.85111061
869.999000	-14.93975612
870.999000	-50.31946891
871.999000	90.23933494
872.999000	9.11123122
873.999000	-84.57978942
874.999000	63.47354078
875.999000	-13.45656980
876.999000	113.28732685
877.999000	38.05150094
878.999000	-30.08015426
879.999000	1.04097596
880.999000	-7.30778639
881.999000	60.99203699
882.999000	-45.58325424
883.999000	21.14361440
884.999000	27.73396017
885.999000	93.42372432
886.999000	78.94243632
887.999000	69.68051336
888.999000	-20.46676516
889.999000	63.27495124
890.999000	-111.66652096
891.999000	-11.10045233
892.999000	47.66982422
893.999000	-59.69276484
894.999000	2.80929270
895.999000	-72.56848345
896.999000	-94.56407523
897.999000	1.95418210
898.999000	120.90163226
899.999000	-55.10072151
900.999000	-39.11026867
901.999000	-25.42924206
902.999000	51.35700154
903.999000	-3.90018319
904.999000	-3.36787539
905.999000	-2.10765148
906.999000	-25.75660032
907.999000	-11.75648930
908.999000	43.24376492
909.999000	-6.81824815
910.999000	-44.15081667
911.999000	55.13032424
912.999000	79.97311082
913.999000	-20.44912811
914.999000	-40.37917628
915.999000	67.60497986
916.999000	50.70783510
917.999000	-24.46451324
918.999000	79.61208889
919.999000	-14.79004010
920.999000	-12.57811536
921.999000	12.48782592
922.999000	54.27859847
923.999000	-18.74956762
924.999000	-58.36596438
925.999000	-71.50353500
926.999000	32.32965206
927.999000	44.05245830
928.999000	-25.99888760
929.999000	-41.55851579
930.999000	61.87448963
931.999000	35.93198675
932.999000	-15.22018254
933.999000	91.84982388
934.999000	-23.00554252
935.999000	-67.22493723
936.999000	-11.19664126
937.999000	155.88249150
938.999000	62.34713905
939.999000	-37.72115617
940.999000	-47.32958559
941.999000	29.70400236
942.999000	57.23669677
943.999000	-64.63043990
944.999000	49.77304559
945.999000	16.74513264
946.999000	-1.21669429
947.999000	96.41711713
948.999000	-42.31877006
949.999000	5.73125943
950.999000	-90.79793356
951.999000	40.47222969
952.999000	36.02888133
953.999000	88.71185807
954.999000	44.84020758
955.999000	-22.94321970
956.999000	32.39362076
957.999000	27.45398897
958.999000	55.95234276
959.999000	11.78414571
960.999000	-16.09825511
961.999000	50.24645685
962.999000	-72.27269617
963.999000	20.21285792
964.999000	-26.88914114
965.999000	22.21965013
966.999000	60.89780084
967.999000	-100.41718508
968.999000	-8.19022558
969.999000	8.35925914
970.999000	-3.81903559
971.999000	-19.34124917
972.999000	19.18216408
973.999000	35.01439748
974.999000	-24.63675983
975.999000	29.26276066
976.999000	-68.88506466
977.999000	-13.81706262
978.999000	74.25179252
979.999000	-49.83264446
980.999000	15.93107366
981.999000	4.27989080
982.999000	35.15347660
983.999000	4.22073447
984.999000	-17.09245731
985.999000	-27.08488313
986.999000	-92.25421882
987.999000	-6.89279855
988.999000	-36.94353853
989.999000	85.53030573
990.999000	-101.71192957
991.999000	47.55892424
992.999000	-27.83591882
993.999000	167.87032965
994.999000	-45.12690734
995.999000	-2.26603776
996.999000	27.09185224
997.999000	104.40320448
998.999000	15.61924608
999.999000	38.84963952
1000.999000	-21.21536970
1001.999000	7.64429037
1002.999000	102.78194434
1003.999000	28.83799128
1004.999000	-71.69921114
1005.999000	5.72122399
1006.999000	-4.86280057
1007.999000	30.57618153
1008.999000	18.71559349
1009.999000	-111.01856139
1010.999000	-49.27238920
1011.999000	28.00751217
1012.999000	85.97282920
1013.999000	24.45260894
1014.999000	28.02671008
1015.999000	33.15884842
1016.999000	83.48539914
1017.999000	-1.51340689
1018.999000	-44.73721942
1019.999000	-3.79327285
1020.999000	36.50064981
1021.999000	46.37578227
1022.999000	55.57768094
1023.999000	-26.58715974
1024.999000	-12.77073460
1025.999000	54.85514205
1026.999000	-58.47677292
1027.999000	32.01217149
1028.999000	-59.15869930
1029.999000	38.63893937
1030.999000	-24.70682174
1031.999000	-63.37092555
1032.999000	74.03295123
1033.999000	-43.86428301
1034.999000	-0.72467635
1035.999000	58.81835224
1036.999000	34.96618119
1037.999000	0.40861854
1038.999000	-108.31645811
1039.999000	-30.37085598
1040.999000	111.03610312
1041.999000	-30.90560992
1042.999000	-58.20015178
1043.999000	-16.63132003
1044.999000	102.32240042
1045.999000	-29.66269829
1046.999000	0.46711506
1047.999000	48.22000525
1048.999000	28.91068435
1049.999000	-18.97088965
1050.999000	-7.00493751
1051.999000	-19.75016329
1052.999000	0.73093565
1053.999000	-8.60218436
1054.999000	-44.14505369
1055.999000	17.15827639
1056.999000	80.25687066
1057.999000	-20.70642326
1058.999000	17.49463713
1059.999000	62.23160837
1060.999000	2.89586717
1061.999000	-86.61978475
1062.999000	-32.97943401
1063.999000	-79.87733620
1064.999000	68.24508005
1065.999000	-24.42523916
1066.999000	23.99921523
1067.999000	33.74454959
1068.999000	-84.66492004
1069.999000	-8.63902805
1070.999000	98.74664445
1071.999000	77.95644962
1072.999000	20.77765968
1073.999000	49.51903679
1074.999000	1.37363334
1075.999000	-66.60342147
1076.999000	-4.80823808
1077.999000	9.02995844
1078.999000	-23.79515775
1079.999000	-108.34381479
1080.999000	9.85016435
1081.999000	196.22403751
1082.999000	-108.74815749
1083.999000	-50.58263547
1084.999000	-61.00765881
1085.999000	120.42144329
1086.999000	61.20623756
1087.999000	-42.34358156
1088.999000	-75.97892542
1089.999000	17.02627779
1090.999000	38.51783444
1091.999000	61.15394587
1092.999000	40.46283569
1093.999000	38.54782529
1094.999000	8.03969134
