# F(k,t) correlation function
# Reference time: 2008.001 ps
# lag_time_ps	F(k,t)
0.000000	562.94333442
1.000000	54.99147741
2.000000	-75.98931400
3.000000	-64.32341628
4.000000	29.45192210
5.000000	-52.42451012
6.000000	-82.04235972
7.000000	52.95803841
8.000000	-39.11958264
9.000000	2.87383319
10.000000	65.31703381
11.000000	65.39157459
12.000000	-18.05827954
13.000000	-66.88243481
14.000000	9.32487559
15.000000	31.26238344
16.000000	45.97871012
17.000000	92.12809739
18.000000	-83.77800427
19.000000	-30.99824087
20.000000	-5.56227029
21.000000	30.86688933
22.000000	29.97480217
23.000000	-33.93504447
24.000000	38.88933040
25.000000	29.22744436
26.000000	0.02317323
27.000000	-16.70001783
28.000000	9.19635456
29.000000	-51.03647083
30.000000	21.35264199
31.000000	-11.60265607
32.000000	8.84715134
33.000000	9.58275576
34.000000	-0.86996591
35.000000	-65.65739333
36.000000	26.25545531
37.000000	-63.56044121
38.000000	31.94865419
39.999000	47.24946760
40.999000	-74.01663577
41.999000	-17.28262892
42.999000	-55.88348237
43.999000	28.78059697
44.999000	71.50360243
45.999000	66.55106848
46.999000	1.15104386
47.999000	89.14387622
48.999000	53.61967134
49.999000	-48.23610334
50.999000	8.32671597
51.999000	52.01395082
52.999000	4.22534951
53.999000	-19.07998149
54.999000	-22.04896355
55.999000	25.11868697
56.999000	19.99714480
57.999000	-136.93254456
58.999000	-25.89207720
59.999000	-60.60684977
60.999000	62.34024469
61.999000	-23.27890241
62.999000	-31.88189687
63.999000	6.64137874
64.999000	-30.17758765
65.999000	-97.67923103
66.999000	-3.07913216
67.999000	27.36194952
68.999000	39.05030660
69.999000	21.06447354
70.999000	-93.22929793
71.999000	-32.00357052
72.999000	-12.39572305
73.999000	73.75720493
74.999000	92.86593472
75.999000	-74.18868886
76.999000	-41.50804059
77.999000	15.12758796
78.999000	-38.18640534
79.999000	53.23726526
80.999000	-44.33228404
81.999000	-73.24191474
82.999000	19.61566696
83.999000	-51.55139934
84.999000	4.65502985
85.999000	18.94687531
86.999000	-51.40115805
87.999000	-37.70356241
88.999000	-73.86900312
89.999000	-2.23361397
90.999000	-103.66299783
91.999000	14.96568665
92.999000	24.01064420
93.999000	-27.18580967
94.999000	-7.60045262
95.999000	36.22765315
96.999000	121.75700714
97.999000	66.37682085
98.999000	39.20019372
99.999000	-24.49401214
100.999000	-22.79120501
101.999000	15.47914088
102.999000	-127.06906232
103.999000	-42.01026389
104.999000	-10.88801474
105.999000	-31.03142933
106.999000	-12.29376654
107.999000	-60.21000191
108.999000	12.79224533
109.999000	-86.25075667
110.999000	48.28657475
111.999000	34.94159943
112.999000	-70.15964692
113.999000	28.45426654
114.999000	-39.89977409
115.999000	25.20374824
116.999000	-55.59362110
117.999000	-34.42251482
118.999000	-60.85215298
119.999000	6.31017696
120.999000	-60.32350982
121.999000	-75.75799181
122.999000	25.48955971
123.999000	-93.23509818
124.999000	-84.25460703
125.999000	46.00773658
126.999000	39.66137108
127.999000	60.30690780
128.999000	-22.96259740
129.999000	-53.29857829
130.999000	52.12917125
131.999000	-211.49452122
132.999000	-16.81843793
133.999000	74.13127704
134.999000	-62.21217510
135.999000	-18.69130561
136.999000	2.34657620
137.999000	41.06538805
138.999000	4.90655178
139.999000	-9.53977179
140.999000	83.93928082
141.999000	-10.00760796
142.999000	-0.98960300
143.999000	18.16216387
144.999000	43.25475283
145.999000	64.61812630
146.999000	-25.49307949
147.999000	-4.44873429
148.999000	-63.44264098
149.999000	152.24417315
150.999000	-3.52412457
151.999000	-122.51769105
152.999000	-120.37580957
153.999000	-21.24493678
154.999000	5.30765462
155.999000	-76.36564193
156.999000	26.74405922
157.999000	12.33006374
158.999000	-91.97641170
159.999000	-60.62152682
160.999000	6.35412792
161.999000	-79.14156492
162.999000	-7.44881642
163.999000	-15.05755587
164.999000	51.88967615
165.999000	79.32131395
166.999000	45.38885190
167.999000	-84.12096139
168.999000	-34.79957644
169.999000	101.34408612
170.999000	25.20009881
171.999000	-14.18507399
172.999000	-6.70546341
173.999000	-11.92246137
174.999000	-32.72116471
175.999000	27.11032192
176.999000	47.32405567
177.999000	-37.67495678
178.999000	0.36634964
179.999000	38.35623711
180.999000	146.69411422
181.999000	43.78397453
182.999000	60.49068602
183.999000	9.33196659
184.999000	23.03565407
185.999000	-9.90054480
186.999000	-48.08116822
187.999000	56.15096543
188.999000	-18.25414681
189.999000	-32.42266792
190.999000	17.25059699
191.999000	-7.78736810
192.999000	-41.65694815
193.999000	71.46410772
194.999000	-7.34767330
195.999000	79.92058879
196.999000	-1.31608503
197.999000	-19.85672166
198.999000	-1.57434827
199.999000	10.43726260
200.999000	7.04005021
201.999000	19.47568643
202.999000	50.78017764
203.999000	-55.94672056
204.999000	7.13479554
205.999000	-12.77117447
206.999000	8.44823428
207.999000	-41.18648891
208.999000	-97.88935862
209.999000	53.42343225
210.999000	-79.53439917
211.999000	-57.05565048
212.999000	68.14058926
213.999000	56.69337603
214.999000	73.45796904
215.999000	-102.22053560
216.999000	15.50034773
217.999000	17.01860977
218.999000	82.28144087
219.999000	5.48513374
220.999000	90.58789566
221.999000	-31.20904252
222.999000	-5.97733616
223.999000	-171.21284405
224.999000	3.20209458
225.999000	103.49715310
226.999000	43.27092828
227.999000	3.19244549
228.999000	40.35684597
229.999000	-87.91656288
230.999000	-64.60754323
231.999000	-31.34536402
232.999000	83.56185902
233.999000	58.12264390
234.999000	16.85492540
235.999000	37.40085948
236.999000	-62.93537333
237.999000	-96.78466774
238.999000	-6.84419432
239.999000	-31.99758711
240.999000	28.67817779
241.999000	59.61714227
242.999000	-6.18324005
243.999000	-13.54541920
244.999000	69.42499674
245.999000	-10.47526820
246.999000	53.50074831
247.999000	76.15628213
248.999000	-112.44285430
249.999000	21.49148631
250.999000	126.02105314
251.999000	-56.25569090
252.999000	-37.21964838
253.999000	-23.95810332
254.999000	-102.41232604
255.999000	-49.99661478
256.999000	76.95030360
257.999000	-12.74262785
258.999000	49.21948912
259.999000	-35.83110785
260.999000	87.25935436
261.999000	34.37540453
262.999000	89.40345492
263.999000	59.83980262
264.999000	-91.69189315
265.999000	32.11718355
266.999000	-32.98421612
267.999000	101.77813450
268.999000	19.91814538
269.999000	5.95772177
270.999000	128.59261133
271.999000	24.19871092
272.999000	-71.21226987
273.999000	-45.24623249
274.999000	-86.93641418
275.999000	-95.36200832
276.999000	-63.44605944
277.999000	-41.67039865
278.999000	-67.62046333
279.999000	-34.97286647
280.999000	-44.46839644
281.999000	20.43315746
282.999000	74.71924177
283.999000	1.84941487
284.999000	43.96997585
285.999000	-105.16343905
286.999000	-84.14314638
287.999000	72.02795314
288.999000	-119.22776596
289.999000	35.19064315
290.999000	18.79772055
291.999000	-70.40878260
