# F(k,t) correlation function
# Reference time: 2008.001 ps
# lag_time_ps	F(k,t)
0.000000	651.50508796
1.000000	11.95294365
2.000000	4.74267495
3.000000	-6.98533694
4.000000	-21.32989036
5.000000	-9.65760858
6.000000	-0.18063191
7.000000	-40.54331643
8.000000	-14.50764172
9.000000	3.14778971
10.000000	35.71488577
11.000000	-79.43342696
12.000000	20.13887168
13.000000	38.28003924
14.000000	-96.67640385
15.000000	14.82216800
16.000000	-11.09475025
17.000000	15.84506417
18.000000	85.93569543
19.000000	-75.22527757
20.000000	62.31999474
21.000000	-67.72680713
22.000000	55.59594575
23.000000	-32.85763309
24.000000	-13.21888126
25.000000	-12.38649130
26.000000	48.74566605
27.000000	11.39333171
28.000000	-22.92200273
29.000000	72.12744165
30.000000	8.30098101
31.000000	-17.01947592
32.000000	19.78806812
33.000000	-145.28351739
34.000000	71.35414180
35.000000	-23.86990946
36.000000	2.37172331
37.000000	25.11734149
38.000000	-3.10557796
39.999000	11.71499059
40.999000	-83.70979329
41.999000	16.68174561
42.999000	-146.67194019
43.999000	-87.95397801
44.999000	81.52334219
45.999000	16.91042703
46.999000	50.02025872
47.999000	-14.57716553
48.999000	-75.86728362
49.999000	-38.14109098
50.999000	-10.73741510
51.999000	-29.16831575
52.999000	42.21462934
53.999000	-33.13699919
54.999000	66.32677660
55.999000	-58.28171756
56.999000	-15.51862954
57.999000	-94.14135013
58.999000	23.49449217
59.999000	8.62848017
60.999000	0.25785773
61.999000	-138.59449950
62.999000	-25.26992196
63.999000	-0.65439771
64.999000	19.30190464
65.999000	-63.00020766
66.999000	-23.54508458
67.999000	-11.21644945
68.999000	-60.53667449
69.999000	-74.56854887
70.999000	-40.87632419
71.999000	-127.63449416
72.999000	-25.42299767
73.999000	44.57838690
74.999000	67.09098971
75.999000	19.41986475
76.999000	-22.51180307
77.999000	-26.78622353
78.999000	8.95408738
79.999000	-78.66268466
80.999000	50.62324709
81.999000	34.72834961
82.999000	67.41617738
83.999000	-0.97911509
84.999000	-111.61300072
85.999000	-2.51925276
86.999000	-67.91791433
87.999000	-19.20749038
88.999000	140.59676634
89.999000	31.86166351
90.999000	-38.68169417
91.999000	-51.08664146
92.999000	0.48456908
93.999000	10.51793794
94.999000	-82.43046677
95.999000	72.10923637
96.999000	-13.43428293
97.999000	9.28824683
98.999000	2.54547647
99.999000	73.34575774
100.999000	31.69184827
101.999000	-18.25671463
102.999000	-12.77946189
103.999000	-53.41751825
104.999000	-71.61001913
105.999000	0.80962628
106.999000	-113.32093810
107.999000	19.07770850
108.999000	32.81903870
109.999000	41.60874965
110.999000	77.85173235
111.999000	-20.90627420
112.999000	50.52193939
113.999000	102.11163220
114.999000	-65.84534418
115.999000	-67.48674612
116.999000	36.02985040
117.999000	83.88586577
118.999000	89.51483435
119.999000	24.55406908
120.999000	20.49452015
121.999000	-38.88468155
122.999000	19.97835611
123.999000	-15.87898334
124.999000	29.11052335
125.999000	9.50024995
126.999000	-39.65477343
127.999000	26.38088084
128.999000	-69.20835478
129.999000	-147.97821586
130.999000	56.22401734
131.999000	174.17732732
132.999000	-88.47514396
133.999000	-28.92711843
134.999000	-78.20530390
135.999000	30.40495276
136.999000	10.37257955
137.999000	-30.68981516
138.999000	90.49246076
139.999000	59.35555319
140.999000	33.00368553
141.999000	-22.60930703
142.999000	-8.12948232
143.999000	-87.61209553
144.999000	96.30484373
145.999000	-49.91654781
146.999000	33.28681205
147.999000	0.16030927
148.999000	-25.29152022
149.999000	-70.21384066
150.999000	-54.47207186
151.999000	37.34535573
152.999000	23.46923179
153.999000	87.07822593
154.999000	79.20109421
155.999000	-16.23278214
156.999000	44.53395953
157.999000	17.27091902
158.999000	49.84355848
159.999000	-3.34656757
160.999000	-81.09531337
161.999000	-61.73954789
162.999000	-68.16554525
163.999000	-77.78740529
164.999000	66.15887005
165.999000	-50.71382571
166.999000	-41.58185766
167.999000	109.01932826
168.999000	74.01099297
169.999000	-32.47603049
170.999000	63.17224936
171.999000	149.56242594
172.999000	10.10840398
173.999000	-13.81323022
174.999000	-43.05991951
175.999000	31.87889657
176.999000	48.22709632
177.999000	-30.53068085
178.999000	-78.72376600
179.999000	-101.44341628
180.999000	83.06299696
181.999000	30.11594325
182.999000	20.89252179
183.999000	-10.35281860
184.999000	28.15311788
185.999000	-10.82113474
186.999000	49.73233782
187.999000	-56.91910634
188.999000	0.68737311
189.999000	-40.74448441
190.999000	-39.72581399
191.999000	82.85593710
192.999000	-7.30350431
193.999000	-15.77875278
194.999000	40.31429681
195.999000	66.61647053
196.999000	11.85835459
197.999000	-123.03668323
198.999000	117.44474354
199.999000	-48.26685860
200.999000	0.66978507
201.999000	-54.29286986
202.999000	-7.16046075
203.999000	-1.60934823
204.999000	-48.26366527
205.999000	-0.06674108
206.999000	-12.77977652
207.999000	118.89046855
208.999000	-66.97823587
209.999000	104.83939877
210.999000	23.63369691
211.999000	-9.45548075
212.999000	88.35172019
213.999000	12.64241946
214.999000	-20.01832060
215.999000	-47.59506512
216.999000	24.65900843
217.999000	50.68803688
218.999000	26.04052690
219.999000	-48.63323500
220.999000	-110.83007530
221.999000	43.48485012
222.999000	-51.26505332
223.999000	21.24085590
224.999000	1.12330412
225.999000	106.55841404
226.999000	-15.05603070
227.999000	-61.32734142
228.999000	72.59846537
229.999000	-16.46427202
230.999000	49.55524400
231.999000	-75.51587307
232.999000	-49.20994741
233.999000	109.06436294
234.999000	-33.79744419
235.999000	-79.48511701
236.999000	122.46097700
237.999000	-70.33699530
238.999000	4.83614506
239.999000	-28.57485416
240.999000	34.21993096
241.999000	102.24279602
242.999000	15.72012012
243.999000	166.60487214
244.999000	-50.06374125
245.999000	-7.52220823
246.999000	3.87778286
247.999000	-138.99280305
248.999000	93.84677527
249.999000	6.23880518
250.999000	-63.48966917
251.999000	68.72073718
252.999000	-32.27699212
253.999000	19.65996397
254.999000	-20.46553230
255.999000	-78.54664879
256.999000	71.92439292
257.999000	-27.19904474
258.999000	-15.04389088
259.999000	32.68380408
260.999000	36.97042488
261.999000	-52.04124482
262.999000	-98.18357459
263.999000	-4.12235197
264.999000	104.57065155
265.999000	25.82869300
266.999000	84.17252564
267.999000	85.21065538
268.999000	29.19008262
269.999000	135.08566876
270.999000	-37.82198995
271.999000	-7.73086041
272.999000	28.74747393
273.999000	-40.70563667
274.999000	73.71938971
275.999000	-156.00251558
276.999000	-53.85273332
277.999000	54.86650347
278.999000	-36.55138692
279.999000	63.60487323
280.999000	-49.03157859
281.999000	-32.39032790
282.999000	215.14804137
283.999000	-16.92845073
284.999000	87.55409908
285.999000	38.75616138
286.999000	37.86882746
287.999000	104.46508176
288.999000	-90.85938155
289.999000	82.68830945
290.999000	-117.21692950
291.999000	-94.50625366
