# F(k,t) correlation function
# Reference time: 200.001 ps
# lag_time_ps	F(k,t)
0.000000	503.12772913
1.000000	-66.37018690
3.000000	21.46518546
5.000000	-9.59305445
7.000000	6.54542280
9.000000	130.96394206
11.000000	-29.38467032
13.000000	-1.63862602
15.000000	-56.74687008
17.000000	80.05859487
19.000000	-67.39761024
21.000000	-12.16142417
23.000000	28.93301264
25.000000	-63.04739622
27.000000	-50.95926306
29.000000	122.16984671
31.000000	36.70029887
33.000000	83.73014948
35.000000	78.88147021
37.000000	28.48945881
39.000000	51.56877068
41.000000	23.85617506
43.000000	-130.16657014
45.000000	63.19523678
47.000000	-57.27647548
49.000000	4.99099616
51.000000	-18.54072483
53.000000	97.07534593
55.000000	-65.01158882
57.000000	7.62074852
59.000000	26.79765922
61.000000	43.42591610
63.000000	-17.94113839
65.000000	-35.45212422
67.000000	20.92034475
69.000000	44.51855437
71.000000	-41.14298772
73.000000	-17.14914569
75.000000	37.47420103
77.000000	-3.36489433
79.000000	-18.99070946
81.000000	-17.86669184
83.000000	-34.88945085
85.000000	-61.66980434
87.000000	58.95834000
89.000000	-54.61525206
91.000000	18.50177017
93.000000	-60.70439318
95.000000	-56.75739032
97.000000	-21.21496345
99.000000	44.35094140
101.000000	45.42215055
103.000000	69.75972484
105.000000	-5.48558407
107.000000	-30.39013505
109.000000	-36.08414008
111.000000	10.97667565
113.000000	-11.33419740
115.000000	-10.84486374
117.000000	-84.43154630
119.000000	77.39833613
121.000000	60.32227294
123.000000	-65.40396440
125.000000	-22.61293372
127.000000	-21.99099962
129.000000	44.13676322
131.000000	61.44440856
133.000000	-78.80593507
135.000000	-20.93670060
137.000000	-35.01468314
139.000000	38.55603853
141.000000	-31.97903602
143.000000	-20.91289182
145.000000	10.24797772
147.000000	-49.17195222
149.000000	-78.10147848
151.000000	-9.01174241
153.000000	-25.15440016
155.000000	-24.23529844
157.000000	-14.40504524
159.000000	-42.01039988
161.000000	-13.04955998
163.000000	-24.83156837
165.000000	37.75278738
167.000000	33.46154205
169.000000	6.38939903
171.000000	-3.16083686
173.000000	-59.64745629
175.000000	16.49686296
177.000000	35.11012154
179.000000	32.79161665
181.000000	50.51637818
183.000000	-40.10024803
185.000000	-24.45168396
187.000000	-45.24842581
189.000000	7.18462980
191.000000	-31.05538193
193.000000	42.58011683
195.000000	-51.92598997
197.000000	40.94439266
199.000000	45.98800939
201.000000	-28.23319592
203.000000	-12.48539746
205.000000	48.13905757
207.000000	-17.98540618
209.000000	-58.09035746
211.000000	24.18897576
213.000000	-88.48926310
215.000000	-9.81489321
217.000000	76.98202837
219.000000	-61.76993666
221.000000	-12.26341063
223.000000	91.24634482
225.000000	-26.19949110
227.000000	28.18495088
229.000000	49.97273368
231.000000	78.18495032
233.000000	28.02178253
235.000000	101.59202742
237.000000	-30.34659850
239.000000	40.14402607
241.000000	-16.32273058
243.000000	-43.11061592
245.000000	2.33952240
247.000000	-18.23130137
249.000000	6.14645829
251.000000	-67.83495528
253.000000	20.31280001
255.000000	25.81591453
257.000000	-105.93654189
259.000000	-8.85671214
261.000000	-25.14168032
263.000000	4.46191046
265.000000	-87.53303009
267.000000	-70.44799263
269.000000	-1.90285470
271.000000	-0.10367030
273.000000	-48.98862207
275.000000	82.30885796
277.000000	-3.34908975
279.000000	-60.31683907
281.000000	-107.69416416
283.000000	49.11373535
285.000000	-85.54199353
287.000000	11.61429845
289.000000	9.41683767
291.000000	55.36234384
293.000000	34.74807513
295.000000	-48.33876440
297.000000	58.49566554
299.000000	-58.95670437
301.000000	34.47974408
303.000000	-124.17755514
305.000000	-12.64532154
307.000000	-7.19951613
309.000000	-49.41813027
311.000000	9.44777247
313.000000	26.12618781
315.000000	75.27476199
317.000000	161.99111132
319.000000	26.13073605
321.000000	-23.64112892
323.000000	-9.32993955
325.000000	7.62470451
327.000000	-95.57264697
329.000000	-1.94426898
331.000000	39.91301105
333.000000	-33.09563580
335.000000	-55.32724179
337.000000	-39.64596816
339.000000	35.84991311
341.000000	-115.31456305
343.000000	-27.09525418
345.000000	-32.67005431
347.000000	0.74788795
349.000000	47.86329638
351.000000	49.04722928
353.000000	-6.89970662
355.000000	122.73569608
357.000000	10.16710722
359.000000	42.30917844
361.000000	-69.30112089
363.000000	6.02267894
365.000000	-45.34584003
367.000000	-43.29945515
369.000000	50.41124360
371.000000	-50.19112033
373.000000	46.45173050
375.000000	10.91490475
377.000000	-44.45739835
379.000000	10.09864147
381.000000	-4.33010476
383.000000	-41.12832610
385.000000	-88.31315043
387.000000	-45.35022329
389.000000	4.37286050
391.000000	14.04759792
393.000000	-8.50290069
395.000000	79.73691185
397.000000	27.26114420
399.000000	-29.55613111
401.000000	26.40749951
403.000000	-68.18421380
405.000000	-0.03397268
407.000000	13.90362613
409.000000	38.90435273
411.000000	10.36421351
413.000000	15.70982641
415.000000	-49.30841478
417.000000	10.65505976
419.000000	-4.18245530
421.000000	-81.41294502
423.000000	-3.13774237
425.000000	-24.97736637
427.000000	11.48469020
429.000000	41.47109292
431.000000	34.76219242
433.000000	44.22612097
435.000000	71.22163928
437.000000	28.71666884
439.000000	-21.62120177
441.000000	97.42379297
443.000000	-3.14786404
445.000000	-70.70928087
447.000000	88.19758420
449.000000	32.72584597
451.000000	54.88955777
453.000000	64.17785452
455.000000	-153.87496157
457.000000	-94.53954961
459.000000	37.29000109
461.000000	-6.91271026
463.000000	-99.44299567
465.000000	118.80281252
467.000000	53.68991516
469.000000	60.85453414
471.000000	-15.58542501
473.000000	15.60318379
475.000000	17.73879033
477.000000	72.13391953
479.000000	53.19192794
481.000000	4.03748750
483.000000	-17.28288389
485.000000	24.86672903
487.000000	-17.90274145
489.000000	-11.69945036
491.000000	-70.35090643
493.000000	-96.64507067
495.000000	7.73475142
497.000000	21.84755235
499.000000	36.01981254
501.000000	-2.69865014
503.000000	-42.40260401
505.000000	-6.98849887
507.000000	-49.88751234
509.000000	36.46550278
511.000000	92.00393551
513.000000	1.97217200
515.000000	-30.66973362
517.000000	38.31110258
519.000000	36.64711790
521.000000	-47.75334896
523.000000	-97.78781519
525.000000	28.11700331
527.000000	104.62922367
529.000000	-54.81236392
531.000000	9.49345655
533.000000	33.61285603
535.000000	24.73242813
537.000000	84.79337917
539.000000	27.77647350
541.000000	31.73968763
543.000000	-25.13595194
545.000000	5.43055492
547.000000	-44.51379169
549.000000	46.94761627
551.000000	101.51747302
553.000000	15.44691955
555.000000	-67.09900405
557.000000	-6.24139866
559.000000	76.27556523
561.000000	-33.25767909
563.000000	51.80977239
565.000000	22.25950731
567.000000	16.39817902
569.000000	35.62379717
571.000000	22.54187054
573.000000	-46.01602955
575.000000	-91.10763956
577.000000	57.99465316
579.000000	36.07843972
581.000000	47.87394041
583.000000	47.72929964
585.000000	-72.32535264
587.000000	108.87897907
589.000000	-9.99575664
591.000000	11.32869220
593.000000	-75.39325804
595.000000	-27.07315911
597.000000	42.25988906
599.000000	42.03670024
601.000000	56.78662471
603.000000	48.18312777
605.000000	77.83176918
607.000000	90.37428924
609.000000	-44.50713622
611.000000	11.54834986
613.000000	35.75945486
615.000000	61.47901758
617.000000	51.53732248
619.000000	11.14042184
621.000000	-39.97730840
623.000000	-12.64959318
625.000000	17.66919697
627.000000	40.97771394
629.000000	-17.26792620
631.000000	73.02948072
633.000000	6.42201791
635.000000	-17.40464956
637.000000	-19.17572863
639.000000	-3.94745895
641.000000	56.24196901
643.000000	43.40334411
645.000000	-35.46678695
647.000000	-29.59963344
649.000000	-50.79245771
651.000000	38.47769185
653.000000	51.71173785
655.000000	-50.31976109
657.000000	-48.41896450
659.000000	68.00816391
661.000000	63.77594074
663.000000	50.60513809
665.000000	24.33313064
667.000000	-15.05927208
669.000000	37.02785801
671.000000	59.05154698
673.000000	51.63225110
675.000000	22.75901536
677.000000	-0.45985483
679.000000	31.11089116
681.000000	-19.83204680
683.000000	13.44990077
685.000000	40.36468455
687.000000	-65.52389072
689.000000	15.22396585
691.000000	-110.70341120
693.000000	-98.29248187
695.000000	17.39484292
697.000000	-21.15384885
699.000000	75.17508042
701.000000	29.47211095
703.000000	-90.59247168
705.000000	32.10917805
707.000000	42.78888960
709.000000	-8.68998815
711.000000	59.47725945
713.000000	-9.39733251
715.000000	-40.60724888
717.000000	48.23584467
719.000000	-24.76497385
721.000000	84.46599014
723.000000	96.52942928
725.000000	-88.80269538
727.000000	-33.78067791
729.000000	-35.54200710
731.000000	-59.28010136
733.000000	-10.31586914
735.000000	20.05585837
737.000000	78.79720292
739.000000	84.98308914
741.000000	7.14692557
743.000000	30.69245167
745.000000	-54.88437275
747.000000	33.59572689
749.000000	-47.33866544
751.000000	18.83113363
753.000000	-11.52256682
755.000000	-36.15337668
757.000000	-107.25059944
759.000000	24.40191093
761.000000	51.50488777
763.000000	-21.82527962
765.000000	71.39572172
767.000000	-9.01650093
769.000000	-78.23320882
771.000000	24.31853622
773.000000	-65.71347109
775.000000	-36.66584643
777.000000	-32.54061650
779.000000	33.08420688
781.000000	-92.78187124
783.000000	44.80184609
785.000000	-20.02099903
787.000000	-9.64665991
789.000000	3.09927009
791.000000	-107.22363918
793.000000	-70.23060565
795.000000	87.07673065
797.000000	18.72469269
799.000000	-29.00864972
801.000000	-72.25859621
803.000000	76.58789810
805.000000	-59.45949272
807.000000	25.01950011
809.000000	37.28407663
811.000000	3.32938471
813.000000	15.65262824
815.000000	46.76573619
817.000000	-22.72919068
819.000000	16.93242450
821.000000	67.23081845
823.000000	11.44964676
825.000000	-106.53048061
827.000000	77.54097159
829.000000	72.90494041
831.000000	-90.60669072
833.000000	63.48567482
835.000000	19.48292303
837.000000	5.38056488
839.000000	19.54235107
841.000000	33.86038031
843.000000	-98.28270030
845.000000	43.39143485
847.000000	22.59097573
849.000000	50.19422093
851.000000	-10.97268607
853.000000	54.31837157
855.000000	-40.41697940
857.000000	-22.86633834
859.000000	77.98997966
861.000000	1.18078154
863.000000	-79.11159574
865.000000	-19.58569972
867.000000	30.02109444
869.000000	-75.56639248
871.000000	-74.99385252
873.000000	-77.77716644
875.000000	5.48830235
877.000000	36.88529638
879.000000	-21.53286854
881.000000	-63.51245387
883.000000	-31.20014665
885.000000	-40.22498839
887.000000	29.14362800
889.000000	-30.27810536
891.000000	138.58008578
893.000000	31.56939259
895.000000	13.54853419
897.000000	-80.62428374
899.000000	-93.74248948
901.000000	-7.34032799
903.000000	-82.74566095
905.000000	33.88933234
907.000000	21.90224569
909.000000	39.19794594
911.000000	-37.46680768
913.000000	76.05140014
915.000000	-99.20372632
917.000000	-80.59317724
919.000000	0.01707704
921.000000	-41.29607594
923.000000	-73.73767077
925.000000	-43.56716636
927.000000	6.69057300
929.000000	-55.47556562
931.000000	-87.07660428
933.000000	-72.00838043
935.000000	-50.96730661
937.000000	18.71688805
939.000000	-73.68858216
941.000000	-23.84904009
943.000000	-5.73787658
945.000000	54.27631984
947.000000	-14.50685652
949.000000	9.37585228
951.000000	67.56729972
953.000000	-42.72432290
955.000000	-25.39128337
957.000000	-54.87900619
959.000000	-46.22563649
961.000000	-57.54757488
963.000000	0.96154009
965.000000	-12.14566993
967.000000	35.62063953
969.000000	57.09451969
971.000000	-97.53890526
973.000000	35.27311855
975.000000	-36.39920661
977.000000	-63.88682071
979.000000	-30.36955245
981.000000	34.55201842
983.000000	57.72332039
985.000000	-4.09980147
987.000000	-55.49698075
989.000000	-24.82496491
991.000000	39.30322288
993.000000	34.40732927
995.000000	68.08214140
997.000000	-80.86891288
999.000000	61.52663615
1001.000000	0.66146769
1003.000000	-5.99110539
1005.000000	-68.20244044
1007.000000	-6.98003841
1009.000000	-27.06676188
1011.000000	-121.28083558
1013.000000	-50.54386776
1015.000000	101.33268252
1017.000000	-65.74857425
1019.000000	38.12943583
1021.000000	-34.34024630
1023.000000	-29.64218391
1025.000000	121.45533966
1027.000000	-17.46754589
1029.000000	5.55083694
1031.000000	38.13943270
1033.000000	12.32967722
1035.000000	-55.26735153
1037.000000	47.10464780
1039.000000	-45.06972853
1041.000000	-71.18139571
1043.000000	-36.69623455
1045.000000	-3.26632194
1047.000000	-76.01912396
1049.000000	-82.01868449
1051.000000	18.57649763
1053.000000	13.40722298
1055.000000	-7.86351977
1057.000000	-91.80272085
1059.000000	-56.49798378
1061.000000	6.58956790
1063.000000	-33.27409078
1065.000000	61.61865215
1067.000000	-42.94223923
1069.000000	5.61481555
1071.000000	32.64640122
1073.000000	1.92265962
1075.000000	36.13055404
1077.000000	97.73019583
1079.000000	3.37102554
1081.000000	-3.68348680
1083.000000	18.69181160
1085.000000	-89.79789384
1087.000000	6.45666998
1089.000000	-39.39853159
1091.000000	32.68534898
1093.000000	5.26762942
1095.000000	69.55974026
1097.000000	-89.21417816
1099.000000	-89.97127875
1101.000000	47.10622158
1103.000000	57.37914183
1105.000000	-20.93615978
1107.000000	75.04063862
1109.000000	11.14478139
1111.000000	13.69533817
1113.000000	-47.72709610
1115.000000	-18.18291028
1117.000000	-85.57714845
1119.000000	0.21550807
1121.000000	-31.05912338
1123.000000	7.29458426
1125.000000	20.23954104
1127.000000	-57.85861118
1129.000000	1.81534076
1131.000000	23.32187478
1133.000000	-61.57384514
1135.000000	-106.53461889
1137.000000	-27.38934024
1139.000000	-23.15246621
1141.000000	-25.55264272
1143.000000	-43.26822824
1145.000000	-54.70711845
1147.000000	21.66922902
1149.000000	37.54863092
1151.000000	43.02949701
1153.000000	-32.25563735
1155.000000	-15.05433990
1157.000000	33.46567684
1159.000000	-75.90199845
1161.000000	57.73076044
1163.000000	-50.19874167
1165.000000	10.22643692
1167.000000	0.05729923
1169.000000	-87.89993224
1171.000000	-11.36222963
1173.000000	27.98110563
1175.000000	-39.38731391
1177.000000	-15.46964531
1179.000000	-76.63285850
1181.000000	9.89462649
1183.000000	71.57366977
1185.000000	-3.46486982
1187.000000	-96.03262281
1189.000000	-111.73287243
1191.000000	75.06635999
1193.000000	21.31808535
1195.000000	15.89709998
1197.000000	3.53433387
1199.000000	57.46133782
1201.000000	-69.15062210
1203.000000	-15.38860202
1205.000000	88.45135401
1207.000000	-81.56217932
1209.000000	74.30191887
1211.000000	32.09015636
1213.000000	-18.39892882
1215.000000	-2.98177140
1217.000000	-103.22044080
1219.000000	-23.09488942
1221.000000	-106.70694184
1223.000000	11.05039167
1225.000000	23.19930703
1227.000000	-8.25767376
1229.000000	29.66678907
1231.000000	-25.10277597
1233.000000	15.38042379
1235.000000	30.76083796
1237.000000	96.93444396
1239.000000	18.61637541
1241.000000	-26.53399061
1243.000000	-41.82520692
1245.000000	-25.70303555
1247.000000	6.91577368
1249.000000	-11.35780613
1251.000000	-10.30691416
1253.000000	51.30315063
1255.000000	35.56717461
1257.000000	81.32984430
1259.000000	51.69005146
1261.000000	-90.03097350
1263.000000	35.48845554
1265.000000	49.46421704
1267.000000	-86.29704349
1269.000000	-12.54767355
1271.000000	-8.65237391
1273.000000	27.50448041
1275.000000	72.93601940
1277.000000	11.00795075
1279.000000	-34.22538142
1281.000000	-16.83886970
1283.000000	4.87360895
1285.000000	-44.13752277
1287.000000	27.42814634
1289.000000	95.10121313
1291.000000	47.20153914
1293.000000	-7.39311866
1295.000000	53.53060802
1297.000000	55.92186429
1299.000000	-26.04806141
1301.000000	32.44094137
1303.000000	-76.91788796
1305.000000	24.34110908
1307.000000	-43.19976849
1309.000000	-110.09119482
1311.000000	-39.53034590
1313.000000	-26.85782702
1315.000000	-1.03245089
1317.000000	102.99445608
1319.000000	0.58732159
1321.000000	-1.35839759
1323.000000	-6.02551780
1325.000000	103.31321551
1327.000000	1.40927134
1329.000000	0.99932927
1331.000000	55.60657944
1333.000000	40.30213235
1335.000000	-38.79968216
1337.000000	11.92594233
1339.000000	-51.64823969
1341.000000	102.95786490
1343.000000	54.46298763
1345.000000	101.31105365
1347.000000	16.40567589
1349.000000	75.61162280
1351.000000	14.46743860
1353.000000	-75.01934388
1355.000000	-68.81841471
1357.000000	2.22703404
1359.000000	-104.56210891
1361.000000	-29.04280224
1363.000000	-34.01190928
1365.000000	-7.20724124
1367.000000	-48.45155881
1369.000000	-42.70313159
1371.000000	15.65860159
1373.000000	111.92846565
1375.000000	-67.56858081
1377.000000	38.11451038
1379.000000	-71.51331104
1381.000000	12.67127673
1383.000000	-65.98281568
1385.000000	3.84310364
1387.000000	96.16629416
1389.000000	26.86916868
1391.000000	6.29897154
1393.000000	-19.34749535
1395.000000	76.14604364
1397.000000	-25.74780564
1399.000000	58.97711886
1401.000000	-39.71865463
1403.000000	-47.68355601
1405.000000	22.52229895
1407.000000	-7.53115154
1409.000000	113.25561897
1411.000000	7.06568918
1413.000000	25.51409460
1415.000000	58.75471406
1417.000000	-89.22754935
1419.000000	2.47476504
1421.000000	58.30555060
1423.000000	49.80264148
1425.000000	48.90773569
1427.000000	49.62863890
1429.000000	-12.65327445
1431.000000	-2.23230840
1433.000000	-9.02729503
1435.000000	-78.70432173
1437.000000	-19.91428244
1439.000000	-25.82534714
1441.000000	-34.21836574
1443.000000	-8.27158119
1445.000000	-58.99720152
1447.000000	15.88639911
1449.000000	62.12952622
1451.000000	4.95684073
1453.000000	-22.56215863
1455.000000	-8.58380444
1457.000000	62.90631644
1459.000000	9.71449746
1461.000000	29.01130068
1463.000000	-3.61419162
1465.000000	-10.78882117
1467.000000	-77.12328747
1469.000000	100.12201800
1471.000000	4.69638964
1473.000000	30.40990405
1475.000000	-1.03289908
1477.000000	-27.68828519
1479.000000	32.43852803
1481.000000	-51.78218824
1483.000000	-50.17210013
1485.000000	21.09880776
1487.000000	-65.62909884
1489.000000	-90.81304701
1491.000000	-28.09813054
1493.000000	45.80840214
1495.000000	63.61997223
1497.000000	29.03608832
1499.000000	-2.02404295
1501.000000	49.84586791
1503.000000	-1.80827134
1505.000000	-6.29957537
1507.000000	20.42538919
1509.000000	16.45491823
1511.000000	-59.53900474
1513.000000	3.39843554
1515.000000	9.49753403
1517.000000	32.89759456
1519.000000	39.10201574
1521.000000	-9.28882978
1523.000000	43.50359619
1525.000000	2.32565311
1527.000000	-89.10865201
1529.000000	4.81140480
1531.000000	11.72959949
1533.000000	-66.96235518
1535.000000	94.19970966
1537.000000	-87.32516036
1539.000000	109.77097902
1541.000000	9.57032052
1543.000000	-24.40980484
1545.000000	-81.59423774
1547.000000	155.65951931
1549.000000	73.25867000
1551.000000	16.22802529
1553.000000	3.33979831
1555.000000	24.02961671
1557.000000	-71.11307313
1559.000000	-47.01985489
1561.000000	8.33099582
1563.000000	51.55028966
1565.000000	-63.67323752
1567.000000	24.94636723
1569.000000	5.61891560
1571.000000	24.01425677
1573.000000	-35.42464092
1575.000000	81.34038349
1577.000000	-0.15752077
1579.000000	-7.72198573
1581.000000	-40.00684285
1583.000000	-26.90293878
1585.000000	-85.02210091
1587.000000	-105.68571416
1589.000000	-54.38889679
1591.000000	-17.57835151
1593.000000	89.30021033
1595.000000	-33.70209420
1597.000000	0.57421932
1599.000000	34.30927914
1601.000000	65.39638908
1603.000000	-112.55257535
1605.000000	-134.17313403
1607.000000	3.50848314
1609.000000	-81.04203879
1611.000000	-45.57767897
1613.000000	-44.01618686
1615.000000	51.07353957
1617.000000	-15.79017969
1619.000000	-94.16932510
1621.000000	-73.05566542
1623.000000	-37.34488785
1625.000000	19.43441177
1627.000000	47.58779700
1629.000000	51.21319771
1631.000000	23.20344216
1633.000000	10.99661374
1635.000000	-8.20618432
1637.000000	-19.15710928
1639.000000	131.02155301
1641.000000	104.43214732
1643.000000	64.62298560
1645.000000	4.50488374
1647.000000	42.57629689
1649.000000	-11.25597103
1650.000000	-19.19372675
1651.000000	122.87606947
1652.000000	-37.31292715
1653.000000	18.65012430
1654.000000	22.63352807
1655.000000	52.90287049
1656.000000	-34.43452340
1657.000000	-38.41888689
1658.000000	-22.64206532
1659.000000	16.18992956
1660.000000	32.24803565
1661.000000	2.28359522
1662.000000	-54.94870637
1663.000000	-33.27008262
1664.000000	-22.02619398
1665.000000	11.50597585
1666.000000	-22.31544912
1667.000000	5.14825995
1668.000000	-45.74785228
1669.000000	42.92325592
1670.000000	75.55944061
1671.000000	-41.81434373
1672.000000	-35.20182333
1673.000000	42.39685202
1674.000000	-89.79181348
1675.000000	-28.33256135
1676.000000	90.85065397
1677.000000	33.87305438
1678.000000	-64.67489511
1679.000000	-66.15275067
1680.000000	47.67993951
1681.000000	-9.85253334
1682.000000	64.86050480
1683.000000	-28.35566184
1684.000000	-32.42586346
1685.000000	30.47134413
1686.000000	39.15179866
1687.000000	-25.69076251
1688.000000	26.26090584
1689.000000	-107.84399704
1690.000000	-57.59812975
1691.000000	44.39724501
1692.000000	115.32666876
1693.000000	-23.54344715
1694.000000	-41.89291019
1695.000000	-23.17212785
1696.000000	-67.97682700
1697.000000	17.84026240
1698.000000	77.49533748
1699.000000	76.25727721
1700.000000	120.43445970
1701.000000	2.58320966
1702.000000	4.84473343
1703.000000	-13.51700001
1704.000000	-11.00156006
1705.000000	8.93016951
1706.000000	41.21059151
1707.000000	10.12957566
1708.000000	-1.09908812
1709.000000	7.38565990
1710.000000	-82.30119059
1711.000000	-66.89392509
1712.000000	-54.76701008
1713.000000	-29.20849948
1714.000000	32.58700173
1715.000000	84.28106463
1716.000000	-53.95215310
1717.000000	-116.57435131
1718.000000	-73.36353826
1719.000000	-8.21050229
1720.000000	52.89608887
1721.000000	2.78702584
1722.000000	56.13843115
1723.000000	-69.28400016
1724.000000	67.41400988
1725.000000	39.54492283
1726.000000	77.35325999
1727.000000	-2.90811408
1728.000000	-0.31394919
1729.000000	36.39440447
1730.000000	59.96564674
1731.000000	-46.07856219
1732.000000	-74.64806565
1733.000000	22.92608317
1734.000000	-11.87307921
1735.000000	-104.09834574
1736.000000	-17.45551282
1737.000000	40.05905024
1738.000000	-77.14655291
1739.000000	28.69198987
1740.000000	35.06373637
1741.000000	75.26561071
1742.000000	30.68608910
1743.000000	72.19576624
1744.000000	-47.81418615
1745.000000	92.00974212
1746.000000	-52.04841677
1747.000000	-51.88552933
1748.000000	-8.31411563
1749.000000	-18.18211073
1750.000000	10.46720317
1751.000000	49.16355316
1752.000000	1.82865705
1753.000000	-1.01055397
1754.000000	-6.55694342
1755.000000	40.21616152
1756.000000	44.39222494
1757.000000	65.10818457
1758.000000	-101.32858667
1759.000000	29.43202700
1760.000000	24.86923295
1761.000000	-21.81412356
1762.000000	-14.36445023
1763.000000	79.78754203
1764.000000	35.03556595
1765.000000	18.78038358
1766.000000	5.78865046
1767.000000	-96.76208247
1768.000000	-5.36818451
1769.000000	-48.49296912
1770.000000	102.40138442
1771.000000	-15.01715073
1772.000000	112.37262044
1773.000000	-11.27567806
1774.000000	-101.95384986
1775.000000	-33.68971112
1776.000000	65.72385724
1777.000000	0.23387224
1778.000000	66.34345121
1779.000000	1.57019452
1780.000000	26.61802462
1781.000000	104.13427464
1782.000000	54.31284955
1783.000000	-21.66396534
1784.000000	-50.99492318
1785.000000	-65.82011477
1786.000000	-13.76760807
1787.000000	-122.89418220
1788.000000	20.10219744
1789.000000	-12.18593520
1790.000000	-7.44659318
1791.000000	-28.29170566
1792.000000	-110.13037763
1793.000000	13.05039857
1794.000000	23.72173551
1795.000000	-33.62301599
1796.000000	0.23354522
1797.000000	-40.68503762
1798.000000	-1.42324785
1799.000000	-78.53381703
1800.000000	-35.59956027
1801.000000	10.35239120
1802.000000	-0.34842376
1803.000000	-54.20512639
1804.000000	-50.72489371
1805.000000	41.42959842
1806.000000	21.86319218
1807.000000	-50.23531880
1808.000000	-137.79817244
1809.000000	-27.84250513
1810.000000	-62.75396186
1811.000000	2.24520127
1812.000000	-13.96862544
1813.000000	-38.98249147
1814.000000	-43.36918419
1815.000000	46.26562692
1816.000000	96.66787168
1817.000000	30.82561958
1818.000000	18.40316212
1819.000000	-18.01537979
1820.000000	36.88568727
1821.000000	6.94432434
1822.000000	74.93268544
1823.000000	-35.07278830
1824.000000	-8.02268155
1825.000000	-44.08284544
1826.000000	-10.48749580
1827.000000	-73.64899657
1828.000000	71.55193694
1829.000000	-12.97481551
1830.000000	38.49394073
1831.000000	71.60992782
1832.000000	-63.32095544
1833.000000	26.28688955
1834.000000	-21.29629021
1835.000000	1.51104894
1836.000000	-27.85420163
1837.000000	-129.21811858
1838.000000	114.26738879
1839.000000	-8.10505717
1840.000000	-108.79102874
1841.000000	44.85389731
1842.000000	-79.19647745
1843.000000	-18.94704373
1844.000000	-31.25370250
1845.000000	-51.42098239
1846.000000	-15.92500344
1847.999000	-48.56759782
1848.999000	31.39572480
1849.999000	17.05970925
1850.999000	25.12509752
1851.999000	38.96707683
1852.999000	131.02712054
1853.999000	61.74928374
1854.999000	13.84782669
1855.999000	12.68043447
1856.999000	19.21934383
1857.999000	12.60482324
1858.999000	39.36222729
1859.999000	13.52391997
1860.999000	0.64891220
1861.999000	-32.45089113
1862.999000	-44.96201878
1863.999000	-71.05425633
1864.999000	13.80073073
1865.999000	18.11664300
1866.999000	62.48414497
1867.999000	-38.76144816
1868.999000	79.73244664
1869.999000	-42.47687528
1870.999000	-39.77911396
1871.999000	37.86884993
1872.999000	-50.27346095
1873.999000	-33.49620675
1874.999000	-58.11997070
1875.999000	83.84597966
1876.999000	-40.34928108
1877.999000	15.87784193
1878.999000	-85.29995758
1879.999000	-73.18333537
1880.999000	22.85921796
1881.999000	13.87220559
1882.999000	19.32507349
1883.999000	14.00892540
1884.999000	20.70888271
1885.999000	-95.47943726
1886.999000	-66.14495827
1887.999000	-20.60754864
1888.999000	-28.31345912
1889.999000	51.18336372
1890.999000	-7.62680748
1891.999000	-14.28313289
1892.999000	35.43892309
1893.999000	-33.77152038
1894.999000	28.67322646
1895.999000	-91.57435833
1896.999000	-58.82174267
1897.999000	10.53113079
1898.999000	70.41918049
1899.999000	0.62357838
1900.999000	-47.79871967
1901.999000	81.08495828
1902.999000	62.05201373
1903.999000	29.44503825
1904.999000	-84.59660023
1905.999000	-48.60882816
1906.999000	34.83284905
1907.999000	22.03590159
1908.999000	-37.00826903
1909.999000	-3.58108678
1910.999000	-24.19850513
1911.999000	22.23704558
1912.999000	-19.19119451
1913.999000	112.54843267
1914.999000	50.67638814
1915.999000	-43.08184365
1916.999000	40.95995085
1917.999000	64.45943164
1918.999000	-10.67183230
1919.999000	85.38261232
1920.999000	-20.13433231
1921.999000	69.46283098
1922.999000	-31.11444585
1923.999000	44.10220554
1924.999000	-69.91320008
1925.999000	30.98416471
1926.999000	-35.08400678
1927.999000	18.11380710
1928.999000	125.70730440
1929.999000	-29.63658830
1930.999000	56.72971982
1931.999000	94.09785733
1932.999000	-35.31767230
1933.999000	74.15354355
1934.999000	48.79677896
1935.999000	-24.77179492
1936.999000	-51.17804488
1937.999000	-83.96543269
1938.999000	-78.65370828
1939.999000	-90.28548685
1940.999000	-46.27364918
1941.999000	19.54057540
1942.999000	-9.45330956
1943.999000	54.84476446
1944.999000	-35.61093454
1945.999000	-32.21622554
1946.999000	77.43153465
1947.999000	-9.21985148
1948.999000	-3.77683524
1949.999000	140.92984550
1950.999000	45.99104912
1951.999000	74.85219988
1952.999000	20.62744162
1953.999000	47.16279141
1954.999000	-65.88510902
1955.999000	143.51876114
1956.999000	-53.52014900
1957.999000	-8.00381590
1958.999000	12.38862770
1959.999000	-43.50724317
1960.999000	-120.53299122
1961.999000	-10.32263439
1962.999000	-3.03147100
1963.999000	-34.61144812
1964.999000	-64.50982127
1965.999000	41.96461405
1966.999000	9.24087830
1967.999000	63.43723413
1968.999000	-50.64846716
1969.999000	53.78341208
1970.999000	-55.56308481
1971.999000	148.95197707
1972.999000	-86.16790492
1973.999000	69.14550833
1974.999000	6.53028553
1975.999000	-107.15590256
1976.999000	27.78435758
1977.999000	31.38370571
1978.999000	-25.73921377
1979.999000	-44.95359918
1980.999000	60.04406685
1981.999000	-72.14757040
1982.999000	11.17179698
1983.999000	61.30325454
1984.999000	-15.88879567
1985.999000	24.01402406
1986.999000	-23.37711479
1987.999000	105.43394345
1988.999000	17.06290958
1989.999000	-41.24430112
1990.999000	68.35701572
1991.999000	-30.12214262
1992.999000	-28.05788017
1993.999000	21.28852226
1994.999000	99.88831564
1995.999000	-46.57148079
1996.999000	47.24682815
1997.999000	21.75807205
1998.999000	-17.16718332
1999.999000	35.96997900
2000.999000	-23.21486131
2001.999000	3.52192486
2002.999000	5.35924954
2003.999000	-45.33159593
2004.999000	-8.04327647
2005.999000	-71.20514534
2006.999000	-43.01093527
2007.999000	-6.16404428
2008.999000	-25.81424819
2009.999000	31.55996344
2010.999000	-44.97016664
2011.999000	43.50584157
2012.999000	-15.29591414
2013.999000	-9.34117604
2014.999000	-32.53754452
2015.999000	-49.81799191
2016.999000	9.70787316
2017.999000	-19.91611281
2018.999000	118.21327238
2019.999000	18.19773442
2020.999000	-92.85511692
2021.999000	-95.57314423
2022.999000	48.79161547
2023.999000	-30.28059511
2024.999000	63.08983493
2025.999000	24.23231167
2026.999000	52.82416994
2027.999000	-22.71837207
2028.999000	-23.25829712
2029.999000	68.63965444
2030.999000	-32.72623319
2031.999000	-15.35093696
2032.999000	-85.21412032
2033.999000	14.71258253
2034.999000	32.50455391
2035.999000	-47.08959352
2036.999000	35.82414245
2037.999000	-30.45137448
2038.999000	38.61566679
2039.999000	1.69819443
2040.999000	-18.60594750
2041.999000	-55.44552929
2042.999000	88.07560228
2043.999000	22.66912702
2044.999000	16.49435982
2045.999000	74.12187232
2046.999000	18.10067995
2047.999000	-44.06779593
2048.999000	-19.27553808
2049.999000	69.94792474
2050.999000	-98.73471095
2051.999000	19.32300721
2052.999000	-44.74957570
2053.999000	35.97356752
2054.999000	28.80248694
2055.999000	-70.05930080
2056.999000	18.70460795
2057.999000	-54.61522118
2058.999000	-81.85868051
2059.999000	-79.45838529
2060.999000	31.01081910
2061.999000	21.87659161
2062.999000	23.03939451
2063.999000	1.31369203
2064.999000	-13.97347518
2065.999000	-3.97198994
2066.999000	-36.64339343
2067.999000	65.05794367
2068.999000	-16.95195296
2069.999000	-58.45498289
2070.999000	1.88620436
2071.999000	118.34773305
2072.999000	-23.71078196
2073.999000	-11.75694227
2074.999000	48.19330452
2075.999000	-0.51753475
2076.999000	85.82204372
2077.999000	23.29101779
2078.999000	48.56491181
2079.999000	20.99487085
2080.999000	-24.12901141
2081.999000	68.89761884
2082.999000	24.81045850
2083.999000	-52.66598613
2084.999000	-78.66916667
2085.999000	13.38628972
2086.999000	1.15324746
2087.999000	1.87069777
2088.999000	36.00068770
2089.999000	-38.42408249
2090.999000	-91.82675495
2091.999000	-39.53833247
2092.999000	47.93980472
2093.999000	-21.86265152
2094.999000	-91.36427940
2095.999000	-58.49715491
2096.999000	-25.74399854
2097.999000	-22.21085175
2098.999000	-156.23355182
2099.999000	-55.31410964
