# F(k,t) correlation function
# Reference time: 2209.000 ps
# lag_time_ps	F(k,t)
0.000000	466.39703312
1.000000	32.27463891
2.000000	-24.81617958
3.000000	-18.16017300
4.000000	24.51392237
5.000000	84.97053561
6.000000	1.92560002
7.000000	58.85967332
8.000000	-19.87313800
9.000000	30.44607378
10.000000	-89.60998612
11.000000	116.50656203
12.000000	63.11376667
13.000000	123.26156833
14.000000	-67.99019068
15.000000	-9.95516216
16.000000	27.05104501
17.000000	-58.13025234
18.000000	66.68699933
19.000000	2.88871374
20.000000	-28.31741091
21.000000	38.57551529
22.000000	-28.18120450
23.000000	1.89506267
24.000000	5.85695546
25.000000	-6.75972143
26.000000	29.45490289
27.000000	58.56682874
28.000000	103.38755375
29.000000	-33.07151010
30.000000	-62.55991969
31.000000	-85.82830418
32.000000	43.44461603
33.000000	-34.88306496
34.000000	-31.22111847
35.000000	12.28678030
36.000000	136.58940058
37.000000	25.47426864
38.000000	-28.99724840
39.000000	-29.91336553
40.000000	-22.73535486
41.000000	-7.71291806
42.000000	-48.10926546
43.000000	-9.52023808
44.000000	-38.31648270
45.000000	-3.06493059
46.000000	14.77057871
47.000000	-68.52487783
48.000000	33.22956269
49.000000	-59.91008957
50.000000	86.46410167
51.000000	-10.25076993
52.000000	-54.14600875
53.000000	54.77919947
54.000000	-37.65734985
55.000000	-37.45725659
56.000000	-6.90041310
57.000000	42.05583645
58.000000	-86.54217692
59.000000	-62.74001441
60.000000	31.00985494
61.000000	-183.11831741
62.000000	31.43563068
63.000000	-26.27344039
64.000000	17.59004011
65.000000	70.85238380
66.000000	134.87819391
67.000000	-91.71134391
68.000000	36.55377327
69.000000	163.22177226
70.000000	56.67571808
71.000000	-79.71883577
72.000000	-59.85850201
73.000000	23.36518018
74.000000	26.58107036
75.000000	16.94735281
76.000000	15.98573724
77.000000	32.54152582
78.000000	58.89878239
79.000000	-11.34405728
80.000000	35.10062488
81.000000	48.15092590
82.000000	70.37831969
83.000000	-7.78319138
84.000000	43.03051434
85.000000	-34.99484607
86.000000	20.97585057
87.000000	-50.42361315
88.000000	12.00542300
89.000000	48.00224880
90.000000	130.70959012
91.000000	-20.70541553
