# F(k,t) correlation function
# Reference time: 1607.001 ps
# lag_time_ps	F(k,t)
0.000000	450.02079340
2.000000	-104.47906897
4.000000	-15.21246784
6.000000	-21.31514227
8.000000	-18.59682897
10.000000	-68.63275650
12.000000	-9.37661723
14.000000	-62.77189582
16.000000	-1.46015431
18.000000	85.94099861
20.000000	-18.44596283
22.000000	-72.25994608
24.000000	5.81165538
26.000000	108.28148176
28.000000	93.24802034
30.000000	55.22402554
32.000000	-32.30928040
34.000000	-28.94986313
36.000000	69.36357522
38.000000	34.04541996
40.000000	-46.26906704
42.000000	24.70226222
44.000000	97.75615386
46.000000	-12.43355058
48.000000	-14.41072550
50.000000	6.95287235
52.000000	-43.73831282
54.000000	42.64712857
56.000000	-51.26335871
58.000000	-64.24192640
60.000000	-31.68446687
62.000000	-69.25789498
64.000000	50.11639762
66.000000	-43.57614961
68.000000	-11.12011572
70.000000	5.11003272
72.000000	8.27438479
74.000000	73.32063769
76.000000	71.81465590
78.000000	5.60603440
80.000000	40.12230903
82.000000	-8.69849072
84.000000	-23.41394933
86.000000	-72.17512962
88.000000	23.88704906
90.000000	-19.01234543
92.000000	-42.82863574
94.000000	-56.64447115
96.000000	9.06152355
98.000000	-41.78708746
100.000000	1.29784277
102.000000	81.70074135
104.000000	68.12951624
106.000000	55.20942310
108.000000	-0.73274978
110.000000	38.57064028
112.000000	-18.52781171
114.000000	102.53849078
116.000000	-0.93109742
118.000000	-7.07877938
120.000000	-15.81089385
122.000000	69.71435631
124.000000	-24.23660539
126.000000	-16.43185574
128.000000	69.59116642
130.000000	25.86721507
132.000000	-18.11270214
134.000000	4.62906193
136.000000	-4.41179973
138.000000	-48.91858468
140.000000	-19.13306849
142.000000	33.31880137
144.000000	65.98338569
146.000000	-39.50307415
148.000000	-56.78707468
150.000000	-38.56322973
152.000000	10.08644949
154.000000	-14.70161981
156.000000	-16.70736353
158.000000	-8.99585134
160.000000	49.30992327
162.000000	-27.36738432
164.000000	19.07409368
166.000000	12.90839697
168.000000	-11.66078625
170.000000	13.86179028
172.000000	9.84399446
174.000000	-0.52959920
176.000000	4.98930736
178.000000	9.28657433
180.000000	-38.10155397
182.000000	-105.05455815
184.000000	-14.81528970
186.000000	20.97176098
188.000000	-3.83920193
190.000000	68.57929214
192.000000	34.63146467
194.000000	-36.05474840
196.000000	41.61133933
198.000000	-14.85616695
200.000000	-65.43249404
202.000000	76.35619684
204.000000	9.89589442
206.000000	-10.62242621
208.000000	100.95399808
210.000000	45.44127268
212.000000	-68.95654634
214.000000	-77.42649265
216.000000	-79.67623877
218.000000	-14.91320030
220.000000	-78.70106962
222.000000	-16.62418021
224.000000	-58.52968162
226.000000	-3.33798790
228.000000	-14.79107273
230.000000	62.26641136
232.000000	22.22322960
234.000000	-27.71048643
236.000000	-9.63598513
238.000000	-60.38269617
240.000000	24.17310303
242.000000	3.01162812
243.000000	-29.76073128
244.000000	-13.26573097
245.000000	-68.42847440
246.000000	-52.81489040
247.000000	-10.48827785
248.000000	-7.17524502
249.000000	-67.29165148
250.000000	24.18260330
251.000000	32.82952662
252.000000	87.44025410
253.000000	23.01697792
254.000000	27.82442309
255.000000	30.70431724
256.000000	59.57866397
257.000000	17.15203261
258.000000	56.70176509
259.000000	-88.30153814
260.000000	-48.28540889
261.000000	7.12210916
262.000000	-29.16388884
263.000000	-38.55100305
264.000000	-7.16552986
265.000000	24.89501677
266.000000	75.04680654
267.000000	11.48440149
268.000000	-24.32084727
269.000000	28.52575804
270.000000	-23.11332016
271.000000	-8.26082470
272.000000	-5.69163569
273.000000	-27.17028428
274.000000	-5.37194504
275.000000	8.46640231
276.000000	50.89438255
277.000000	52.04355600
278.000000	25.24500753
279.000000	16.82907927
280.000000	-44.45704602
281.000000	27.08693464
282.000000	9.10067774
283.000000	-14.76057630
284.000000	83.79071805
285.000000	81.01805438
286.000000	-4.93432853
287.000000	-79.39946329
288.000000	58.22283866
289.000000	46.66923025
290.000000	4.07365793
291.000000	45.59279252
292.000000	-84.87852935
293.000000	-24.53614135
294.000000	15.59503649
295.000000	-20.00951268
296.000000	45.17168906
297.000000	15.62338811
298.000000	8.21079410
299.000000	31.76934166
300.000000	-34.14497438
301.000000	17.94176650
302.000000	-74.98323268
303.000000	12.64110235
304.000000	62.73454666
305.000000	-61.86912906
306.000000	13.91328595
307.000000	5.18759363
308.000000	-42.28799613
309.000000	-9.16654904
310.000000	-27.26249989
311.000000	31.82489211
312.000000	-124.03732396
313.000000	-24.82595223
314.000000	-42.79933946
315.000000	10.77530994
316.000000	-77.51633886
317.000000	41.58021243
318.000000	49.06573279
319.000000	-63.74889303
320.000000	0.56973225
321.000000	-56.84528129
322.000000	89.02067166
323.000000	-13.33700429
324.000000	-30.24914449
325.000000	-7.96382776
326.000000	69.36874772
327.000000	-29.70152624
328.000000	-46.78383350
329.000000	68.71943452
330.000000	-21.62804463
331.000000	-89.08608814
332.000000	-36.38270850
333.000000	-20.46112585
334.000000	-54.55891436
335.000000	-67.88497019
336.000000	24.43262484
337.000000	-23.21987317
338.000000	9.14837953
339.000000	116.97133777
340.000000	20.58762246
341.000000	-20.86488195
342.000000	8.30349410
343.000000	40.82434196
344.000000	16.15197814
345.000000	69.85559450
346.000000	47.30620342
347.000000	-27.25375056
348.000000	-53.94569353
349.000000	-13.86547780
350.000000	-9.87304076
351.000000	12.61853550
352.000000	27.10355842
353.000000	38.75698621
354.000000	29.70385498
355.000000	5.77330454
356.000000	-60.76484961
357.000000	16.35503334
358.000000	-59.65037000
359.000000	-29.16411073
360.000000	29.30933805
361.000000	69.55471687
362.000000	-89.01395432
363.000000	-22.88962979
364.000000	55.96661256
365.000000	13.34289296
366.000000	-78.62550490
367.000000	-54.07375508
368.000000	-58.30769658
369.000000	13.46716712
370.000000	-8.26003600
371.000000	-80.64384483
372.000000	67.61718286
373.000000	39.80951763
374.000000	33.24137822
375.000000	-96.28575904
376.000000	-44.36500034
377.000000	62.58461703
378.000000	26.74401604
379.000000	-87.93157438
380.000000	-39.08856066
381.000000	-139.58118590
382.000000	-10.89933462
383.000000	-31.63002492
384.000000	-2.70394130
385.000000	89.13108688
386.000000	-0.71792308
387.000000	40.75400965
388.000000	-14.53934851
389.000000	25.55766601
390.000000	42.38904298
391.000000	43.76825648
392.000000	-29.19753953
393.000000	-33.28616083
394.000000	30.17726276
395.000000	40.29143352
396.000000	-59.81816751
397.000000	17.25577380
398.000000	-80.71335297
399.000000	34.63422258
400.000000	-63.52213224
401.000000	53.97459613
402.000000	-28.68924448
403.000000	-55.72459581
404.000000	-0.71812975
405.000000	40.72266157
406.000000	50.76332993
407.000000	-99.14385320
408.000000	-61.31129114
409.000000	87.48879548
410.000000	29.80253153
411.000000	-13.34183506
412.000000	-27.56057028
413.000000	39.08250202
414.000000	27.50760761
415.000000	21.13693111
416.000000	-1.13736343
417.000000	-38.00003210
418.000000	-17.32154385
419.000000	-72.03942776
420.000000	-26.46861674
421.000000	29.64300570
422.000000	-17.49658149
423.000000	11.10866734
424.000000	33.12381871
425.000000	-78.52612719
426.000000	59.14315999
427.000000	120.88366004
428.000000	31.14606166
429.000000	-29.40273393
430.000000	44.40673848
431.000000	-67.17653380
432.000000	-10.22751167
433.000000	40.76017994
434.000000	65.52011224
435.000000	30.20495559
436.000000	-50.97312421
437.000000	7.75534954
438.000000	21.28795163
439.000000	18.59186355
440.999000	23.53150612
441.999000	-2.80082444
442.999000	139.89456211
443.999000	22.61033757
444.999000	-8.05731850
445.999000	7.17752239
446.999000	-13.34545853
447.999000	35.13215277
448.999000	-42.40179013
449.999000	52.33463251
450.999000	15.23468788
451.999000	-51.57457814
452.999000	-40.99983433
453.999000	60.03325602
454.999000	35.20946011
455.999000	-110.67179924
456.999000	-4.33084492
457.999000	10.65533231
458.999000	29.65967185
459.999000	-66.19067698
460.999000	-17.88360834
461.999000	52.74383918
462.999000	68.14060496
463.999000	48.96193077
464.999000	-3.62218987
465.999000	20.60992687
466.999000	126.99891577
467.999000	-52.31387713
468.999000	-42.47213523
469.999000	-36.70510133
470.999000	34.10921749
471.999000	44.08532148
472.999000	4.00196115
473.999000	-47.79989110
474.999000	98.43064593
475.999000	-48.69887764
476.999000	-25.28117003
477.999000	24.51190680
478.999000	-16.47009705
479.999000	12.19850685
480.999000	34.24227525
481.999000	-42.36551454
482.999000	-5.58769278
483.999000	-96.29475393
484.999000	21.06760593
485.999000	-19.63498088
486.999000	17.47250280
487.999000	-35.80761983
488.999000	-9.58845995
489.999000	8.28347917
490.999000	-44.37500275
491.999000	36.32062123
492.999000	28.07061896
493.999000	49.85599343
494.999000	-10.14283123
495.999000	-24.57641170
496.999000	-85.50295507
497.999000	-106.84282156
498.999000	-123.23671425
499.999000	-38.21536168
500.999000	-41.76598373
501.999000	42.81162739
502.999000	19.53971194
503.999000	-22.86110995
504.999000	38.47874590
505.999000	-33.48647840
506.999000	62.19013915
507.999000	-35.98464799
508.999000	-39.26038787
509.999000	69.31234357
510.999000	-99.21100398
511.999000	23.62309443
512.999000	30.17548292
513.999000	-52.33036186
514.999000	-23.68984089
515.999000	82.44872997
516.999000	-146.99217149
517.999000	17.16062993
518.999000	65.97007096
519.999000	-4.87936457
520.999000	-50.75797437
521.999000	29.44695441
522.999000	8.11635142
523.999000	38.44246588
524.999000	-28.94757086
525.999000	-50.10114826
526.999000	1.28244941
527.999000	-99.92915042
528.999000	-72.92686552
529.999000	-15.96487041
530.999000	46.65857960
531.999000	-38.11428437
532.999000	-3.73421189
533.999000	-8.31882755
534.999000	-64.14875550
535.999000	-40.44783790
536.999000	-61.29442807
537.999000	8.57663769
538.999000	-98.62163060
539.999000	89.06312132
540.999000	-82.84683294
541.999000	-25.85483226
542.999000	62.80887323
543.999000	-64.84252004
544.999000	-18.82492461
545.999000	54.46674434
546.999000	15.98939563
547.999000	-26.69026083
548.999000	-4.63339615
549.999000	62.84288375
550.999000	-54.43799264
551.999000	104.62959678
552.999000	-20.48891318
553.999000	19.29765013
554.999000	-85.38357482
555.999000	18.31244511
556.999000	25.09979423
557.999000	50.45270102
558.999000	-29.48828226
559.999000	-95.18049936
560.999000	69.44960820
561.999000	-70.71196140
562.999000	18.55022057
563.999000	-49.23525418
564.999000	-17.99751042
565.999000	13.10162882
566.999000	-33.52810965
567.999000	33.38491787
568.999000	-39.00592676
569.999000	38.27006090
570.999000	41.27573255
571.999000	54.90994498
572.999000	47.57417039
573.999000	-6.03749080
574.999000	-17.34094527
575.999000	25.05523002
576.999000	-16.56769283
577.999000	-37.81539668
578.999000	0.55414589
579.999000	-6.88262071
580.999000	16.77911526
581.999000	105.96717165
582.999000	54.42477872
583.999000	-65.29307683
584.999000	-2.91860227
585.999000	-25.83838680
586.999000	20.27770891
587.999000	-24.87682235
588.999000	13.60522987
589.999000	80.12826283
590.999000	-19.94914051
591.999000	-13.74822909
592.999000	11.45288521
593.999000	5.29710324
594.999000	-23.44886258
595.999000	-4.62166699
596.999000	6.47007041
597.999000	-12.90021986
598.999000	9.01560641
599.999000	5.27880681
600.999000	63.93158170
601.999000	1.73791072
602.999000	-15.79883189
603.999000	-39.49287865
604.999000	63.28659908
605.999000	-8.94508901
606.999000	-3.42727440
607.999000	55.32524061
608.999000	76.22279078
609.999000	69.77328587
610.999000	65.53331405
611.999000	42.48985253
612.999000	-42.91711604
613.999000	-21.42445660
614.999000	69.14553938
615.999000	-80.18298654
616.999000	24.44677711
617.999000	9.34725578
618.999000	26.82445254
619.999000	79.82784806
620.999000	46.34406283
621.999000	57.77448005
622.999000	-30.51741075
623.999000	16.82235586
624.999000	10.39599326
625.999000	-36.92256954
626.999000	-63.60857153
627.999000	-16.82323601
628.999000	-15.26745574
629.999000	-20.76069538
630.999000	-10.88192141
631.999000	63.08169706
632.999000	-19.06253680
633.999000	-17.29376191
634.999000	-23.29644554
635.999000	-10.03016488
636.999000	-29.20751651
637.999000	-38.91902924
638.999000	-26.18527361
639.999000	-49.74785543
640.999000	-78.48117086
641.999000	4.74835924
642.999000	12.97498088
643.999000	0.34748403
644.999000	45.54086990
645.999000	-46.67735622
646.999000	-44.27557095
647.999000	27.10321780
648.999000	-27.05765837
649.999000	-35.41469341
650.999000	25.72453907
651.999000	-22.56215995
652.999000	3.06126562
653.999000	-11.74509563
654.999000	-18.29499281
655.999000	-6.04917622
656.999000	-98.60723488
657.999000	31.86520977
658.999000	64.72744890
659.999000	2.37884978
660.999000	55.99873796
661.999000	-163.03230204
662.999000	20.13905474
663.999000	12.14731679
664.999000	-18.68554955
665.999000	-49.98627597
666.999000	112.31094184
667.999000	100.11949796
668.999000	-3.37292728
669.999000	-27.80850373
670.999000	-2.45999643
671.999000	-57.58115983
672.999000	-16.49337538
673.999000	-47.01185608
674.999000	-99.43087117
675.999000	27.79386774
676.999000	18.50529264
677.999000	37.42484030
678.999000	122.82785526
679.999000	-8.57230107
680.999000	-68.27959646
681.999000	3.31667086
682.999000	-12.34027592
683.999000	-89.77821038
684.999000	-96.46655501
685.999000	-28.58498903
686.999000	62.65864304
687.999000	14.04233472
688.999000	58.72547625
689.999000	6.39245536
690.999000	103.04131109
691.999000	13.13001963
692.999000	1.54335373
