# F(k,t) correlation function
# Reference time: 803.001 ps
# lag_time_ps	F(k,t)
0.000000	515.74610208
2.000000	39.09332874
4.000000	-7.07081881
6.000000	25.10636127
8.000000	-17.61871457
10.000000	-24.38030633
12.000000	62.70184861
14.000000	-31.40443773
16.000000	-41.09560151
18.000000	-52.54583035
20.000000	8.23377184
22.000000	-23.38639914
24.000000	-7.92033231
26.000000	34.59612304
28.000000	-99.25270452
30.000000	118.44076349
32.000000	-57.23984246
34.000000	9.56966503
36.000000	93.56325235
38.000000	62.25985537
40.000000	-28.91282974
42.000000	-34.17918707
44.000000	25.45435216
46.000000	61.97755580
48.000000	13.89766049
50.000000	-55.53835923
52.000000	-8.71192661
54.000000	-4.55808702
56.000000	27.91928058
58.000000	49.88661042
60.000000	-4.35537859
62.000000	-40.13159544
64.000000	89.76814833
66.000000	-99.71170039
68.000000	-22.17147680
70.000000	92.71244125
72.000000	27.23092255
74.000000	-98.09735283
76.000000	-6.67131533
78.000000	-59.93192608
80.000000	34.21222251
82.000000	-13.55080688
84.000000	20.98719862
86.000000	69.92582738
88.000000	81.64758862
90.000000	-99.87824840
92.000000	33.35973545
94.000000	28.98071899
96.000000	67.45581122
98.000000	-71.74134877
100.000000	13.43042502
102.000000	-80.42679829
104.000000	15.85988549
106.000000	9.42514779
108.000000	64.26786209
110.000000	8.29572976
112.000000	-23.73049088
114.000000	-74.36470678
116.000000	10.09241984
118.000000	27.29879438
120.000000	17.12812746
122.000000	-2.15369497
124.000000	25.36650962
126.000000	-58.26572465
128.000000	72.73819861
130.000000	31.22422556
132.000000	-3.33271723
134.000000	28.40978001
136.000000	23.63960328
138.000000	34.81988524
140.000000	-40.47191415
142.000000	124.26380899
144.000000	-58.04224727
146.000000	-54.56214614
148.000000	-1.20432326
150.000000	-136.00496908
152.000000	-63.93945607
154.000000	-3.53241569
156.000000	145.71574122
158.000000	-38.04516394
160.000000	-54.36023583
162.000000	20.65427295
164.000000	-7.67074911
166.000000	-77.01213966
168.000000	-24.68620509
170.000000	-60.53506574
172.000000	25.47620562
174.000000	-18.27171364
176.000000	-34.74888033
178.000000	-66.16442070
180.000000	34.21329096
182.000000	79.84148369
184.000000	12.23755412
186.000000	-41.65228323
188.000000	-10.59089473
190.000000	8.22388503
192.000000	29.10729834
194.000000	22.79718924
196.000000	-36.85728395
198.000000	-5.92954446
200.000000	-17.87383566
202.000000	40.88509969
204.000000	20.66563276
206.000000	25.47607457
208.000000	-25.82831661
210.000000	29.20891933
212.000000	-18.11492691
214.000000	32.99465260
216.000000	46.24311728
218.000000	-15.12135539
220.000000	75.91660694
222.000000	-13.24716130
224.000000	68.13285302
226.000000	32.89255547
228.000000	-9.49160814
230.000000	-28.65070663
232.000000	-0.58142541
234.000000	37.95633311
236.000000	51.85092557
238.000000	64.19550131
240.000000	30.80744502
242.000000	-4.26907309
244.000000	77.55237273
246.000000	25.84852913
248.000000	-75.07169034
250.000000	52.38105946
252.000000	-110.15748493
254.000000	45.62027976
256.000000	-56.03760565
258.000000	61.18202652
260.000000	-48.44654056
262.000000	73.73146693
264.000000	5.49301121
266.000000	-20.95515556
268.000000	-94.59952952
270.000000	-11.00583597
272.000000	52.84382628
274.000000	-4.53711520
276.000000	-77.61811029
278.000000	25.94040795
280.000000	40.08965296
282.000000	-6.36567521
284.000000	0.14944703
286.000000	16.73934125
288.000000	56.50300004
290.000000	-60.49702399
292.000000	-2.58064771
294.000000	-121.15930890
296.000000	50.73846228
298.000000	-51.76052644
300.000000	-86.67318680
302.000000	2.83680709
304.000000	17.80028805
306.000000	-26.72423227
308.000000	-59.97545997
310.000000	98.18371866
312.000000	-11.19053241
314.000000	108.60721838
316.000000	-19.84520309
318.000000	-82.43096172
320.000000	106.98486655
322.000000	51.06209773
324.000000	-62.81727933
326.000000	68.96503664
328.000000	17.13904276
330.000000	49.01530381
332.000000	103.13326177
334.000000	-3.53088477
336.000000	-75.91202423
338.000000	-17.75005688
340.000000	23.46681175
342.000000	-45.80590501
344.000000	40.67973834
346.000000	105.12930518
348.000000	52.03797423
350.000000	39.15135123
352.000000	-34.41701229
354.000000	93.21246666
356.000000	8.75850248
358.000000	48.39369080
360.000000	47.44449235
362.000000	-53.73723512
364.000000	71.18611756
366.000000	3.44601371
368.000000	17.87773498
370.000000	-17.70918376
372.000000	22.53342366
374.000000	-49.11866466
376.000000	-1.39774886
378.000000	-29.76356592
380.000000	34.09531170
382.000000	-100.35907302
384.000000	-2.05980077
386.000000	15.72685001
388.000000	25.94655092
390.000000	-61.10279453
392.000000	-1.25840329
394.000000	95.18392290
396.000000	-57.81012987
398.000000	-42.00589082
400.000000	-74.09503062
402.000000	-1.52460503
404.000000	-14.67793804
406.000000	2.69962418
408.000000	35.91136371
410.000000	-44.30832267
412.000000	30.00697090
414.000000	78.51508588
416.000000	20.42131836
418.000000	78.37752281
420.000000	48.62042078
422.000000	32.82068927
424.000000	30.75704346
426.000000	5.66226442
428.000000	19.96509986
430.000000	42.19121408
432.000000	20.68753368
434.000000	-7.60891456
436.000000	-86.21625793
438.000000	-18.09625116
440.000000	-15.97856970
442.000000	2.06607111
444.000000	107.67791482
446.000000	55.96732268
448.000000	19.95163801
450.000000	-23.08846432
452.000000	3.24897353
454.000000	-31.17881202
456.000000	-27.71780059
458.000000	-112.63148635
460.000000	91.03963674
462.000000	2.52804387
464.000000	36.95539453
466.000000	-28.95460009
468.000000	-7.50105305
470.000000	-39.69223085
472.000000	56.76500659
474.000000	-12.85731543
476.000000	-82.07582822
478.000000	-61.49968722
480.000000	-27.54739759
482.000000	2.74252629
484.000000	-102.91005730
486.000000	-23.03308628
488.000000	-72.38137946
490.000000	-89.26814709
492.000000	84.02598513
494.000000	84.27197738
496.000000	93.39345324
498.000000	-39.97406707
500.000000	31.17355666
502.000000	7.26833656
504.000000	72.54560373
506.000000	17.96948158
508.000000	-34.24856511
510.000000	-8.69527734
512.000000	30.08173688
514.000000	17.38496496
516.000000	120.64263911
518.000000	-36.60048078
520.000000	34.71121502
522.000000	72.34185531
524.000000	43.47190085
526.000000	-51.86184233
528.000000	50.16037902
530.000000	-28.22203329
532.000000	-17.58273798
534.000000	83.84651933
536.000000	19.68311796
538.000000	-32.01943577
540.000000	-17.86990506
542.000000	-77.88359470
544.000000	100.46472968
546.000000	65.93757325
548.000000	-32.84699653
550.000000	-21.77662356
552.000000	79.40722609
554.000000	41.35356945
556.000000	88.02823122
558.000000	21.84476012
560.000000	-8.61937989
562.000000	27.00819295
564.000000	21.25835003
566.000000	46.99995235
568.000000	33.15323262
570.000000	-29.02592367
572.000000	19.96905321
574.000000	-70.70522066
576.000000	89.30798058
578.000000	3.02123271
580.000000	55.28769189
582.000000	20.84587590
584.000000	11.81153082
586.000000	47.64236124
588.000000	-6.87481297
590.000000	-22.27129144
592.000000	-74.57894321
594.000000	29.61986708
596.000000	59.50313223
598.000000	-24.64319065
600.000000	78.20227471
602.000000	-18.48469623
604.000000	28.11427590
606.000000	7.91128597
608.000000	-78.53835847
610.000000	-51.72767384
612.000000	13.64910220
614.000000	-53.77910277
616.000000	7.86053499
618.000000	95.46800898
620.000000	-17.62508977
622.000000	6.95877865
624.000000	15.10627500
626.000000	-20.80062649
628.000000	-43.74698943
630.000000	-97.62911886
632.000000	-69.88972694
634.000000	70.09157573
636.000000	-111.89024991
638.000000	-16.41320590
640.000000	68.38134704
642.000000	36.06596077
644.000000	8.63244331
646.000000	28.09374295
648.000000	-65.71105798
650.000000	-75.50571991
652.000000	-18.60276233
654.000000	10.07054496
656.000000	-3.67036941
658.000000	-59.55798756
660.000000	25.87345344
662.000000	13.48775056
664.000000	-88.49548572
666.000000	50.12443323
668.000000	-54.70508825
670.000000	-5.80570166
672.000000	34.97304943
674.000000	-51.02972643
676.000000	83.66612622
678.000000	64.39116467
680.000000	57.30349439
682.000000	-37.36965825
684.000000	-11.01649247
686.000000	86.76709219
688.000000	51.20026410
690.000000	72.71186270
692.000000	-22.47160540
694.000000	-143.71883416
696.000000	-5.14951156
698.000000	19.19933718
700.000000	54.94963013
702.000000	-53.72663370
704.000000	72.74650554
706.000000	-106.02461019
708.000000	70.54011539
710.000000	-15.62970271
712.000000	37.32290534
714.000000	-22.66790537
716.000000	35.72122137
718.000000	-105.35740113
720.000000	-12.56238620
722.000000	-15.75968820
724.000000	-36.60306585
726.000000	4.84634574
728.000000	0.54054204
730.000000	-8.18850369
732.000000	-33.87049604
734.000000	10.12701083
736.000000	35.86873385
738.000000	55.40165015
740.000000	-77.64489745
742.000000	-99.08199019
744.000000	-54.59676024
746.000000	-80.10901668
748.000000	-39.97312024
750.000000	-24.70361179
752.000000	-105.29531867
754.000000	-44.71627226
756.000000	-28.25127708
758.000000	109.15557110
760.000000	18.20902888
762.000000	10.04651557
764.000000	-47.66856507
766.000000	-10.80567698
768.000000	113.20156210
770.000000	30.96577923
772.000000	64.53311766
774.000000	61.42918301
776.000000	17.38637408
778.000000	-73.19613870
780.000000	9.20489899
782.000000	48.80649127
784.000000	-54.35014165
786.000000	29.60977073
788.000000	-16.67656793
790.000000	-33.78616243
792.000000	1.47360169
794.000000	-11.77706836
796.000000	-11.06290452
798.000000	-12.86472168
800.000000	14.66089121
802.000000	10.46147298
804.000000	34.44322216
806.000000	-31.35470546
808.000000	-71.32971391
810.000000	-28.49358736
812.000000	51.60262727
814.000000	-30.51698800
816.000000	-29.74951461
818.000000	-22.23023989
820.000000	96.73341874
822.000000	29.81768974
824.000000	-14.68943655
826.000000	-23.62704012
828.000000	-49.60544714
830.000000	-29.40925485
832.000000	-100.54960871
834.000000	-29.02178909
836.000000	5.74382729
838.000000	79.69573770
840.000000	-34.13696336
842.000000	49.20855474
844.000000	-8.03615901
846.000000	-53.62071320
848.000000	28.95786817
850.000000	71.62849329
852.000000	25.14690693
854.000000	86.71844533
856.000000	5.90524110
858.000000	-63.16026647
860.000000	-79.56464551
862.000000	73.36304427
864.000000	-42.09686029
866.000000	103.77804302
868.000000	-125.08086751
870.000000	17.94840924
872.000000	0.61272282
874.000000	-40.26054259
876.000000	-76.70693108
878.000000	66.03449735
880.000000	76.65021917
882.000000	22.35122752
884.000000	-8.72484681
886.000000	73.31669408
888.000000	-28.98666748
890.000000	-9.45017302
892.000000	-6.33299535
894.000000	-56.83913006
896.000000	50.72472260
898.000000	-22.82933674
900.000000	58.38549977
902.000000	-74.96876676
904.000000	-101.66412218
906.000000	108.73240030
908.000000	29.95254301
910.000000	-57.37592748
912.000000	50.12447481
914.000000	24.41636529
916.000000	-11.65086934
918.000000	5.73227086
920.000000	-37.25035774
922.000000	39.33383396
924.000000	-85.34211174
926.000000	18.05249076
928.000000	-0.16030764
930.000000	-52.52524995
932.000000	-108.73028393
934.000000	-52.50670682
936.000000	-6.22341630
938.000000	-59.52797604
940.000000	-4.94596742
942.000000	34.38930593
944.000000	69.60088784
946.000000	49.23319847
948.000000	-5.46278522
950.000000	-6.32696137
952.000000	32.92660607
954.000000	-75.89710257
956.000000	-62.24735819
958.000000	21.97605335
960.000000	-3.88517134
962.000000	64.53580014
964.000000	-30.55260071
966.000000	20.02436576
968.000000	36.01284706
970.000000	-70.42480383
972.000000	-16.77956288
974.000000	79.25134448
976.000000	32.74791568
978.000000	-4.79078675
980.000000	-87.09939909
982.000000	-25.82601246
984.000000	25.28589996
986.000000	-66.71475634
988.000000	33.28376100
990.000000	7.44708350
992.000000	-6.58060398
994.000000	21.84050796
996.000000	0.54358833
998.000000	58.67325012
1000.000000	40.09030760
1002.000000	49.47946337
1004.000000	12.08880247
1006.000000	-32.02959819
1008.000000	31.70032591
1010.000000	52.18509231
1012.000000	-14.41298481
1014.000000	109.04787072
1016.000000	17.42161229
1018.000000	-43.82074030
1020.000000	22.61916254
1022.000000	7.35128756
1024.000000	-17.79838635
1026.000000	2.26005766
1028.000000	75.29536609
1030.000000	44.44612124
1032.000000	51.80654536
1034.000000	-9.28769677
1036.000000	-33.48740455
1038.000000	39.49660663
1040.000000	-36.79415985
1042.000000	-7.22259155
1044.000000	76.62854970
1046.000000	-83.62019331
1047.000000	-174.61090906
1048.000000	16.48367409
1049.000000	-22.75988547
1050.000000	33.40053141
1051.000000	93.89919167
1052.000000	45.54036943
1053.000000	9.66523544
1054.000000	20.50301807
1055.000000	10.52768372
1056.000000	62.68221640
1057.000000	34.22436276
1058.000000	47.73659687
1059.000000	-50.35841355
1060.000000	21.84396658
1061.000000	-57.15225599
1062.000000	-11.70977111
1063.000000	-93.06063422
1064.000000	-55.02181776
1065.000000	-42.97043814
1066.000000	-40.53527942
1067.000000	-90.47833735
1068.000000	35.79127203
1069.000000	-97.95838171
1070.000000	-69.66209753
1071.000000	24.25521395
1072.000000	71.06437182
1073.000000	-13.33783904
1074.000000	80.50065839
1075.000000	-18.69987426
1076.000000	24.61710002
1077.000000	58.43232079
1078.000000	-15.63977280
1079.000000	-19.89802254
1080.000000	-35.09839163
1081.000000	31.45917424
1082.000000	-56.88664203
1083.000000	45.93812934
1084.000000	-48.42962263
1085.000000	43.76228384
1086.000000	5.58909207
1087.000000	17.10778078
1088.000000	67.10614120
1089.000000	65.08634134
1090.000000	-38.43742977
1091.000000	-21.00567772
1092.000000	16.71327195
1093.000000	49.97202904
1094.000000	6.45385253
1095.000000	28.48966154
1096.000000	-40.44771921
1097.000000	-75.12214240
1098.000000	-34.81733247
1099.000000	-57.55384501
1100.000000	-29.77105106
1101.000000	47.93574272
1102.000000	-64.23142664
1103.000000	-6.87495440
1104.000000	68.11488187
1105.000000	-74.85329960
1106.000000	97.02230415
1107.000000	-8.98194515
1108.000000	46.73838855
1109.000000	104.85360256
1110.000000	-76.31261234
1111.000000	9.65571865
1112.000000	116.32148093
1113.000000	12.75891484
1114.000000	-71.44829486
1115.000000	-41.12805078
1116.000000	-10.82715682
1117.000000	-7.19598388
1118.000000	-82.33984030
1119.000000	22.27715311
1120.000000	63.02025119
1121.000000	-56.54280305
1122.000000	98.57124564
1123.000000	-13.94298004
1124.000000	46.32161519
1125.000000	57.85689752
1126.000000	38.53307047
1127.000000	-37.51096902
1128.000000	24.03896656
1129.000000	12.47672915
1130.000000	-16.75303499
1131.000000	24.77075307
1132.000000	93.73531565
1133.000000	-39.82081233
1134.000000	15.94713246
1135.000000	31.26045606
1136.000000	-61.79791218
1137.000000	68.00566015
1138.000000	32.41121130
1139.000000	-24.53831577
1140.000000	95.76232918
1141.000000	87.38126628
1142.000000	40.58267340
1143.000000	-9.08450050
1144.000000	-78.65765756
1145.000000	32.21471878
1146.000000	64.40059408
1147.000000	-115.74684226
1148.000000	24.44145632
1149.000000	79.40643896
1150.000000	88.82016376
1151.000000	-16.09830332
1152.000000	-77.41373838
1153.000000	56.76550536
1154.000000	-33.83692901
1155.000000	-22.35714160
1156.000000	35.90363263
1157.000000	10.06971065
1158.000000	-42.06125105
1159.000000	2.56697266
1160.000000	-3.04402905
1161.000000	-57.16414241
1162.000000	-9.78578835
1163.000000	66.08148707
1164.000000	89.66303496
1165.000000	-55.13571186
1166.000000	53.16400089
1167.000000	-59.63373088
1168.000000	-102.68816962
1169.000000	-60.03529875
1170.000000	-82.12443087
1171.000000	-68.68154151
1172.000000	-33.76835785
1173.000000	8.76019924
1174.000000	40.09451389
1175.000000	-77.12454335
1176.000000	-74.12753649
1177.000000	-7.52141004
1178.000000	40.75861161
1179.000000	-48.26600180
1180.000000	-102.48158878
1181.000000	-45.94856962
1182.000000	-54.77611240
1183.000000	113.05101116
1184.000000	52.57200903
1185.000000	-3.63078854
1186.000000	9.17037376
1187.000000	-41.81133911
1188.000000	50.37366917
1189.000000	-64.98856030
1190.000000	34.61787011
1191.000000	49.69508883
1192.000000	70.15635476
1193.000000	1.50683603
1194.000000	-55.64918654
1195.000000	61.76785218
1196.000000	-6.81503973
1197.000000	5.76788474
1198.000000	-12.35705885
1199.000000	47.64632405
1200.000000	-40.19023384
1201.000000	8.30808973
1202.000000	23.65933719
1203.000000	45.16487951
1204.000000	-31.89574985
1205.000000	91.01533291
1206.000000	65.65714022
1207.000000	67.00528281
1208.000000	-28.50037722
1209.000000	32.65773703
1210.000000	-28.48596863
1211.000000	11.41187529
1212.000000	-47.98369587
1213.000000	-7.48710543
1214.000000	-88.79269235
1215.000000	77.96934062
1216.000000	9.40954157
1217.000000	-43.88890824
1218.000000	-53.35234623
1219.000000	98.61558974
1220.000000	111.40655788
1221.000000	17.95726167
1222.000000	23.20155865
1223.000000	-9.35185465
1224.000000	101.81433745
1225.000000	54.27150710
1226.000000	-112.32275043
1227.000000	25.81208969
1228.000000	-44.24830298
1229.000000	29.13854838
1230.000000	-10.63675424
1231.000000	-41.46591606
1232.000000	-6.42016361
1233.000000	82.09604403
1234.000000	-39.97309149
1235.000000	-69.26966174
1236.000000	17.77265347
1237.000000	30.64165317
1238.000000	14.91796001
1239.000000	-6.89489917
1240.000000	-50.53924067
1241.000000	-2.54882946
1242.000000	62.56994253
1243.000000	5.57256384
1244.999000	-93.89815761
1245.999000	-46.34466451
1246.999000	-38.13209234
1247.999000	-32.77679670
1248.999000	11.29375791
1249.999000	29.87172444
1250.999000	-14.15837688
1251.999000	56.45696508
1252.999000	9.95866300
1253.999000	-57.66723756
1254.999000	60.61303113
1255.999000	95.09957547
1256.999000	-54.41823264
1257.999000	-113.73072543
1258.999000	-108.94048482
1259.999000	-100.51820927
1260.999000	-17.38364493
1261.999000	-98.62960589
1262.999000	-91.71168259
1263.999000	46.20777846
1264.999000	8.56488550
1265.999000	-40.13164842
1266.999000	-21.33029827
1267.999000	-8.00857824
1268.999000	28.23364146
1269.999000	43.61146507
1270.999000	-53.48828219
1271.999000	-2.28499532
1272.999000	13.67421172
1273.999000	18.09753633
1274.999000	51.63098162
1275.999000	-100.53921099
1276.999000	-22.37920816
1277.999000	16.51873920
1278.999000	73.84789146
1279.999000	45.79662300
1280.999000	54.68766670
1281.999000	-34.59170045
1282.999000	-94.46460279
1283.999000	49.69771993
1284.999000	10.87179578
1285.999000	78.39736392
1286.999000	-41.68780949
1287.999000	58.45723919
1288.999000	-41.62237608
1289.999000	59.41583199
1290.999000	-166.35233546
1291.999000	-5.61024440
1292.999000	-41.82500531
1293.999000	-42.59347519
1294.999000	-71.15345764
1295.999000	-59.68409334
1296.999000	-31.70245426
1297.999000	-13.57191051
1298.999000	85.82852405
1299.999000	-29.28164221
1300.999000	0.23856619
1301.999000	150.93432560
1302.999000	9.29712186
1303.999000	-43.65583789
1304.999000	71.06422855
1305.999000	-28.82221283
1306.999000	24.79089810
1307.999000	-141.57998598
1308.999000	84.09605162
1309.999000	27.80567278
1310.999000	21.31195978
1311.999000	-27.36028175
1312.999000	11.33091077
1313.999000	72.25542239
1314.999000	-3.31062172
1315.999000	-26.76529524
1316.999000	-140.52595805
1317.999000	57.40103106
1318.999000	31.90195574
1319.999000	-103.58841502
1320.999000	-50.05387411
1321.999000	14.94770524
1322.999000	-13.72384951
1323.999000	10.40534155
1324.999000	27.81866314
1325.999000	102.41381955
1326.999000	-52.06254793
1327.999000	-0.82014045
1328.999000	25.73862683
1329.999000	-21.72165722
1330.999000	12.44546182
1331.999000	-64.11045351
1332.999000	54.89702239
1333.999000	46.50068213
1334.999000	19.85797864
1335.999000	10.32091884
1336.999000	-61.87070833
1337.999000	32.66188047
1338.999000	-17.59124781
1339.999000	18.27509291
1340.999000	20.52432633
1341.999000	51.23059778
1342.999000	25.71282553
1343.999000	-62.68625742
1344.999000	9.33247308
1345.999000	-5.79977504
1346.999000	17.92507297
1347.999000	48.89848213
1348.999000	-34.14599158
1349.999000	-3.96610774
1350.999000	-19.41562356
1351.999000	132.79448071
1352.999000	-45.79069595
1353.999000	-55.80089149
1354.999000	70.93383347
1355.999000	-138.18973548
1356.999000	-9.64390967
1357.999000	9.32896875
1358.999000	72.78903783
1359.999000	-33.77255485
1360.999000	15.55658712
1361.999000	32.71898208
1362.999000	-12.64191154
1363.999000	1.11929967
1364.999000	13.77146496
1365.999000	-98.54988118
1366.999000	14.20741212
1367.999000	42.33012683
1368.999000	40.82327035
1369.999000	36.20236019
1370.999000	102.41988380
1371.999000	6.27930767
1372.999000	7.20417157
1373.999000	-36.38871465
1374.999000	15.50776282
1375.999000	-60.27400463
1376.999000	3.04619645
1377.999000	37.94673728
1378.999000	30.50016718
1379.999000	-30.34684904
1380.999000	32.12683270
1381.999000	19.14450383
1382.999000	-102.44896920
1383.999000	-0.72125972
1384.999000	69.23831765
1385.999000	81.91428288
1386.999000	2.23168921
1387.999000	32.55589923
1388.999000	-24.77497801
1389.999000	76.12570188
1390.999000	55.93940408
1391.999000	-57.04206141
1392.999000	30.10171450
1393.999000	92.09965073
1394.999000	-18.79228795
1395.999000	3.55098416
1396.999000	-185.52844005
1397.999000	12.77382594
1398.999000	23.33205755
1399.999000	-63.68883988
1400.999000	66.75739405
1401.999000	-90.23737715
1402.999000	-57.88373902
1403.999000	-25.04244073
1404.999000	-73.82468572
1405.999000	-59.79452743
1406.999000	33.80771154
1407.999000	55.36692607
1408.999000	-53.96709191
1409.999000	50.82091007
1410.999000	-26.04523143
1411.999000	40.43563924
1412.999000	3.53314149
1413.999000	-1.00877544
1414.999000	49.54669514
1415.999000	35.14170862
1416.999000	-2.45665368
1417.999000	42.37426314
1418.999000	33.76469258
1419.999000	-22.92739011
1420.999000	-18.45716677
1421.999000	22.52423517
1422.999000	-102.83719421
1423.999000	6.42563907
1424.999000	54.89031273
1425.999000	67.14868754
1426.999000	53.08923069
1427.999000	-11.73339827
1428.999000	-54.58296889
1429.999000	-47.45806090
1430.999000	116.85781299
1431.999000	-1.63758767
1432.999000	21.46230082
1433.999000	-39.66858801
1434.999000	11.19888762
1435.999000	-16.94387073
1436.999000	93.05282286
1437.999000	14.15346638
1438.999000	42.33200185
1439.999000	-15.33217207
1440.999000	95.10100856
1441.999000	40.17494204
1442.999000	38.09229897
1443.999000	47.90505982
1444.999000	78.05443416
1445.999000	92.19805330
1446.999000	68.65312857
1447.999000	-9.01726235
1448.999000	-61.91616334
1449.999000	11.29257470
1450.999000	-61.62463517
1451.999000	9.81324040
1452.999000	2.56017727
1453.999000	-29.95716723
1454.999000	-39.61794431
1455.999000	-29.37292219
1456.999000	-135.56073888
1457.999000	-7.36704070
1458.999000	60.05068693
1459.999000	-82.88073406
1460.999000	93.14093841
1461.999000	-50.43642152
1462.999000	64.26809563
1463.999000	-27.93715132
1464.999000	-23.80355933
1465.999000	8.90805440
1466.999000	50.85247802
1467.999000	-35.34748260
1468.999000	55.61011431
1469.999000	-23.16362355
1470.999000	82.80141516
1471.999000	-20.45484185
1472.999000	72.33864139
1473.999000	10.35082860
1474.999000	-34.21978469
1475.999000	-46.71939379
1476.999000	-124.70517580
1477.999000	-6.52329933
1478.999000	20.11736066
1479.999000	-86.11509440
1480.999000	-0.79245409
1481.999000	10.83795476
1482.999000	-18.50421677
1483.999000	-65.85771754
1484.999000	3.18356985
1485.999000	-10.09911511
1486.999000	64.42714722
1487.999000	75.86362923
1488.999000	-15.24726753
1489.999000	22.69370385
1490.999000	18.97475968
1491.999000	9.19652220
1492.999000	6.45094913
1493.999000	-2.06430042
1494.999000	-28.15594184
1495.999000	-58.96146983
1496.999000	-49.99137224
