# F(k,t) correlation function
# Reference time: 1004.001 ps
# lag_time_ps	F(k,t)
0.000000	465.78183076
1.000000	-71.45003950
3.000000	-19.83240000
5.000000	-31.31868440
7.000000	-34.59840917
9.000000	-26.94405025
11.000000	38.97760019
13.000000	-19.36378618
15.000000	-43.49914476
17.000000	-6.61886095
19.000000	-36.74687540
21.000000	-47.47588847
23.000000	96.95010561
25.000000	-18.73780508
27.000000	30.59034565
29.000000	23.59305029
31.000000	-51.64544387
33.000000	96.81249873
35.000000	-9.16665849
37.000000	50.86458774
39.000000	-55.04427878
41.000000	-82.57605712
43.000000	59.11430984
45.000000	42.59389957
47.000000	25.12124398
49.000000	41.92463180
51.000000	-14.71406463
53.000000	1.01493924
55.000000	-52.82908708
57.000000	99.49869408
59.000000	7.77952381
61.000000	29.00553694
63.000000	-57.04744543
65.000000	50.78394186
67.000000	-29.84017386
69.000000	-30.28604538
71.000000	23.11437211
73.000000	-49.67093831
75.000000	-111.34553424
77.000000	21.88396524
79.000000	-32.73036521
81.000000	35.69993317
83.000000	24.12102639
85.000000	-80.48619254
87.000000	-0.43329868
89.000000	-33.76367975
91.000000	-27.76223096
93.000000	-73.91744348
95.000000	26.01333442
97.000000	-108.51127342
99.000000	-56.44519215
101.000000	25.67780434
103.000000	-27.29549137
105.000000	78.46124569
107.000000	9.70350643
109.000000	12.62469197
111.000000	-30.30606681
113.000000	-23.15925133
115.000000	9.51642587
117.000000	-22.40904179
119.000000	1.25520625
121.000000	-20.89847130
123.000000	68.44624267
125.000000	-21.52596645
127.000000	-50.59898391
129.000000	27.86873065
131.000000	-27.20726752
133.000000	30.37953646
135.000000	41.43667925
137.000000	52.63772307
139.000000	0.14924674
141.000000	35.01351000
143.000000	24.67971743
145.000000	3.83628290
147.000000	25.79786779
149.000000	-9.36725679
151.000000	8.85116496
153.000000	112.93794351
155.000000	-32.64416123
157.000000	-5.17304109
159.000000	-3.91844673
161.000000	50.30459744
163.000000	75.98851586
165.000000	36.86329348
167.000000	-38.80419114
169.000000	99.36518636
171.000000	83.90534202
173.000000	-21.26191477
175.000000	-13.32396256
177.000000	9.90928132
179.000000	-44.97955189
181.000000	-21.02999689
183.000000	17.76578177
185.000000	-75.13880500
187.000000	8.24256523
189.000000	62.87342348
191.000000	-29.55611889
193.000000	27.56002596
195.000000	-4.05385790
197.000000	-69.37885768
199.000000	-5.21671745
201.000000	-33.20213858
203.000000	6.08123453
205.000000	-82.60162993
207.000000	-50.76398219
209.000000	13.56357975
211.000000	-64.80294056
213.000000	-14.78451309
215.000000	18.45688817
217.000000	-34.89158580
219.000000	21.83372265
221.000000	-33.44436597
223.000000	3.85132659
225.000000	-30.39801731
227.000000	45.36884075
229.000000	-27.31180927
231.000000	83.85051720
233.000000	-46.77373332
235.000000	-78.97625930
237.000000	-40.67601799
239.000000	95.31039022
241.000000	58.47333789
243.000000	72.86182268
245.000000	44.62127478
247.000000	-33.43655905
249.000000	-90.90176384
251.000000	75.97715340
253.000000	54.96316007
255.000000	36.89374326
257.000000	-35.93180985
259.000000	-28.97352615
261.000000	21.75197589
263.000000	-0.02285157
265.000000	30.38198901
267.000000	46.36739927
269.000000	-85.22233237
271.000000	4.13616670
273.000000	33.88390335
275.000000	17.65719628
277.000000	2.05961272
279.000000	37.57044488
281.000000	66.96744690
283.000000	-3.28635252
285.000000	-2.81410978
287.000000	-142.30861178
289.000000	79.64777079
291.000000	-26.70009279
293.000000	42.43593282
295.000000	22.21406748
297.000000	-38.97759311
299.000000	-33.54535132
301.000000	-74.75698590
303.000000	-29.28586119
305.000000	-44.67473565
307.000000	36.83207731
309.000000	-154.05080908
311.000000	-35.17523233
313.000000	15.82458369
315.000000	90.78960346
317.000000	31.12526624
319.000000	7.60401338
321.000000	15.14883180
323.000000	-47.43039603
325.000000	-23.57905671
327.000000	39.84829155
329.000000	107.17742969
331.000000	2.89171437
333.000000	93.38993567
335.000000	-98.87204054
337.000000	-27.20596222
339.000000	32.11676450
341.000000	74.23905384
343.000000	22.75936488
345.000000	22.05690482
347.000000	33.19634345
349.000000	-74.86894526
351.000000	10.23970354
353.000000	24.58570405
355.000000	-27.59969102
357.000000	15.85621659
359.000000	-6.25667145
361.000000	-35.10205987
363.000000	102.31027932
365.000000	48.28483199
367.000000	-81.60823346
369.000000	83.64171043
371.000000	50.77284176
373.000000	-13.55485547
375.000000	-64.49797571
377.000000	34.20427096
379.000000	41.09325254
381.000000	-55.42373096
383.000000	-28.76321794
385.000000	23.87079799
387.000000	-43.44859722
389.000000	57.46327083
391.000000	31.52345965
393.000000	-74.32562620
395.000000	0.83146184
397.000000	18.71965196
399.000000	75.84787390
401.000000	6.78681168
403.000000	-27.44678144
405.000000	-62.48340420
407.000000	27.17733047
409.000000	79.49434688
411.000000	-9.60993605
413.000000	-73.74792218
415.000000	-14.91460560
417.000000	34.52952961
419.000000	54.64716580
421.000000	-70.13383910
423.000000	14.57865116
425.000000	33.52514788
427.000000	20.31929339
429.000000	16.63512601
431.000000	-73.67915098
433.000000	-28.78228884
435.000000	6.03728022
437.000000	86.34186346
439.000000	3.85522098
441.000000	44.24581433
443.000000	26.70795150
445.000000	-32.63105414
447.000000	110.77087372
449.000000	38.05157247
451.000000	-27.20125294
453.000000	28.27436345
455.000000	42.94043856
457.000000	-76.16310890
459.000000	-21.99085500
461.000000	8.52922694
463.000000	-82.48590724
465.000000	4.75025789
467.000000	-23.49600448
469.000000	-34.40419637
471.000000	-28.86525173
473.000000	-20.00020480
475.000000	-30.27998835
477.000000	-37.70825209
479.000000	-13.82098212
481.000000	39.51288362
483.000000	4.92698787
485.000000	76.73250172
487.000000	45.57476747
489.000000	-31.62240234
491.000000	141.99388644
493.000000	74.21504489
495.000000	2.09972734
497.000000	17.37492445
499.000000	69.44025437
501.000000	21.13665233
503.000000	-99.16487837
505.000000	55.89178555
507.000000	-44.36462681
509.000000	27.57680439
511.000000	-31.07198353
513.000000	46.69982093
515.000000	-42.85207555
517.000000	69.95001346
519.000000	-96.72226922
521.000000	1.12044975
523.000000	2.70505489
525.000000	-20.88935893
527.000000	-52.93564937
529.000000	-35.48725530
531.000000	97.74414578
533.000000	39.50972222
535.000000	-95.36979847
537.000000	-18.82803164
539.000000	-22.99640350
541.000000	4.49302631
543.000000	-34.76509582
545.000000	33.15044368
547.000000	-80.38363509
549.000000	-51.60233079
551.000000	25.46354987
553.000000	-43.41159813
555.000000	61.45398297
557.000000	56.09759305
559.000000	58.15608179
561.000000	1.16509757
563.000000	-136.56241882
565.000000	-10.56338215
567.000000	2.16860732
569.000000	-11.34931939
571.000000	-52.47758390
573.000000	-79.00030853
575.000000	-32.73460621
577.000000	22.56522595
579.000000	21.32283284
581.000000	-58.27647796
583.000000	20.92383080
585.000000	25.17055382
587.000000	-62.56977955
589.000000	8.39959980
591.000000	-106.82448795
593.000000	9.84380641
595.000000	13.86762566
597.000000	-72.01853876
599.000000	26.17992433
601.000000	50.50988235
603.000000	67.94988376
605.000000	1.26903745
607.000000	-46.67516016
609.000000	-24.06028129
611.000000	65.87629808
613.000000	36.84658790
615.000000	80.68533233
617.000000	-50.29438264
619.000000	72.40786078
621.000000	76.90000803
623.000000	62.46594897
625.000000	-110.14763320
627.000000	-39.09598098
629.000000	8.66730729
631.000000	-30.57516411
633.000000	66.28730919
635.000000	-2.38939141
637.000000	-4.90523861
639.000000	19.81888362
641.000000	63.57277701
643.000000	29.27982125
645.000000	63.79243467
647.000000	20.39999005
649.000000	-23.34112300
651.000000	-10.20496097
653.000000	56.77097302
655.000000	26.99934980
657.000000	-95.75760368
659.000000	-93.83121153
661.000000	-8.72506602
663.000000	-67.79776014
665.000000	45.39194041
667.000000	2.78506320
669.000000	48.87482793
671.000000	13.10298333
673.000000	-97.42973880
675.000000	-76.73087472
677.000000	-15.08522914
679.000000	29.35969939
681.000000	75.98405976
683.000000	36.84203639
685.000000	-40.49355294
687.000000	14.19840042
689.000000	-57.06724382
691.000000	-34.26651814
693.000000	21.42247878
695.000000	3.01813955
697.000000	56.24134968
699.000000	-23.15030395
701.000000	54.55792835
703.000000	103.94841847
705.000000	82.34872387
707.000000	12.69840514
709.000000	-91.38823892
711.000000	-61.16753224
713.000000	4.94285771
715.000000	-69.48276760
717.000000	-73.05332185
719.000000	26.93592803
721.000000	13.97836517
723.000000	-30.40558521
725.000000	-0.75685949
727.000000	27.22161917
729.000000	10.74360391
731.000000	-35.97567990
733.000000	-77.14133752
735.000000	-25.45536496
737.000000	170.61316764
739.000000	-60.48119796
741.000000	23.34900191
743.000000	-14.00996573
745.000000	-70.27321887
747.000000	20.05637420
749.000000	-31.91711993
751.000000	72.24927230
753.000000	-70.73452985
755.000000	-7.95510766
757.000000	63.42219675
759.000000	35.02704608
761.000000	2.22690849
763.000000	-38.29524619
765.000000	15.46314690
767.000000	29.94198054
769.000000	14.82504912
771.000000	16.98000349
773.000000	45.84539445
775.000000	-49.49799789
777.000000	-20.13432203
779.000000	-43.05819314
781.000000	-28.04044589
783.000000	9.50280070
785.000000	-21.15521704
787.000000	-52.25838565
789.000000	-24.72682774
791.000000	-60.70818095
793.000000	-41.35336334
795.000000	57.92979541
797.000000	-2.93839806
799.000000	-5.57919305
801.000000	63.53718099
803.000000	-72.87203095
805.000000	-2.36321426
807.000000	-35.50295043
809.000000	-19.32378717
811.000000	70.76307403
813.000000	48.50560741
815.000000	-4.63397695
817.000000	-46.42217623
819.000000	7.49241748
821.000000	34.73468411
823.000000	68.47113157
825.000000	6.84636669
827.000000	-34.41602186
829.000000	25.45105882
831.000000	62.01275264
833.000000	9.01474251
835.000000	33.13271428
837.000000	-8.38076198
839.000000	77.21564510
841.000000	-0.75695618
843.000000	-32.91765440
845.000000	-107.86484156
846.000000	61.54824398
847.000000	-74.20495950
848.000000	129.73245477
849.000000	51.74932771
850.000000	-62.27917771
851.000000	69.09755611
852.000000	-36.31015528
853.000000	54.98436778
854.000000	-62.44948824
855.000000	4.94554107
856.000000	-13.50711193
857.000000	-15.99513538
858.000000	-41.46829998
859.000000	-49.57417934
860.000000	19.11690924
861.000000	-38.91441992
862.000000	-26.21455845
863.000000	32.10890348
864.000000	69.35629447
865.000000	24.12892589
866.000000	-2.86450029
867.000000	1.19375986
868.000000	-35.09159039
869.000000	-69.26648003
870.000000	-66.30971290
871.000000	85.28734102
872.000000	26.32230098
873.000000	-22.05243101
874.000000	75.25005379
875.000000	-44.45068352
876.000000	7.34908415
877.000000	-10.42998324
878.000000	-33.48637097
879.000000	16.60576814
880.000000	-4.07055352
881.000000	77.37823090
882.000000	-50.58873462
883.000000	114.29007857
884.000000	-1.85906623
885.000000	19.88952343
886.000000	-12.63264948
887.000000	99.56505985
888.000000	83.51308892
889.000000	-47.05540791
890.000000	17.93269530
891.000000	-43.39906768
892.000000	20.71359100
893.000000	16.98515272
894.000000	-26.65600307
895.000000	-22.16505943
896.000000	1.72052513
897.000000	36.55119260
898.000000	44.22701788
899.000000	20.96412886
900.000000	62.77749856
901.000000	-16.53282862
902.000000	-54.50279281
903.000000	-11.61750631
904.000000	26.28429816
905.000000	-10.01547601
906.000000	-31.75040270
907.000000	-26.78491477
908.000000	-42.80079961
909.000000	-36.53580084
910.000000	32.03870847
911.000000	29.52726265
912.000000	-49.56845419
913.000000	48.61337643
914.000000	-63.46839884
915.000000	-12.00538538
916.000000	5.36477000
917.000000	53.35033757
918.000000	-0.86428798
919.000000	-19.70080012
920.000000	-4.32589615
921.000000	18.49140161
922.000000	71.07954459
923.000000	20.79893276
924.000000	59.46756176
925.000000	-49.83024063
926.000000	51.31426453
927.000000	-77.64062451
928.000000	-21.98343999
929.000000	67.77921883
930.000000	17.24078837
931.000000	110.03030391
932.000000	15.10035765
933.000000	14.17558628
934.000000	-5.31618211
935.000000	-27.58325184
936.000000	49.56131430
937.000000	47.31453690
938.000000	-81.22609412
939.000000	-9.11934611
940.000000	-10.12404917
941.000000	-4.77429516
942.000000	-0.56901578
943.000000	-44.38777488
944.000000	1.85135135
945.000000	-72.55783412
946.000000	91.59457771
947.000000	-23.24988380
948.000000	-68.63524911
949.000000	-4.82712687
950.000000	-48.68503678
951.000000	-13.55318028
952.000000	13.63722560
953.000000	44.95157322
954.000000	-59.69804380
955.000000	35.78499608
956.000000	15.17556021
957.000000	6.69561080
958.000000	-49.86986565
959.000000	-13.93228298
960.000000	21.04106424
961.000000	-42.72836903
962.000000	-18.23478732
963.000000	14.68099924
964.000000	0.51032937
965.000000	-31.77371460
966.000000	-60.80962677
967.000000	-34.53519673
968.000000	33.63767777
969.000000	-3.56605507
970.000000	22.29174019
971.000000	-66.67959201
972.000000	100.11465934
973.000000	-43.04944754
974.000000	7.07717510
975.000000	54.82505919
976.000000	-53.35056757
977.000000	-69.69013641
978.000000	3.85551293
979.000000	24.64249361
980.000000	-138.80366363
981.000000	-65.14367096
982.000000	52.65980030
983.000000	43.45817954
984.000000	38.75569474
985.000000	20.64127435
986.000000	32.35139711
987.000000	-7.90381767
988.000000	146.78159477
989.000000	-45.09049669
990.000000	-8.86655203
991.000000	-99.48370297
992.000000	-20.17649688
993.000000	13.21392669
994.000000	-89.69045093
995.000000	-4.14367587
996.000000	-39.95950579
997.000000	34.25523806
998.000000	3.68012944
999.000000	17.40249247
1000.000000	16.08972350
1001.000000	-35.07918698
1002.000000	22.30370711
1003.000000	-20.31837454
1004.000000	60.34711621
1005.000000	0.35414222
1006.000000	15.75709833
1007.000000	-41.50640727
1008.000000	-5.73668601
1009.000000	20.26006742
1010.000000	54.75767574
1011.000000	19.91775437
1012.000000	22.27451159
1013.000000	-78.34400630
1014.000000	33.82184773
1015.000000	44.31135581
1016.000000	38.48383464
1017.000000	19.24726333
1018.000000	23.76671680
1019.000000	-16.11282144
1020.000000	-34.75556728
1021.000000	-71.83360161
1022.000000	-89.67510718
1023.000000	6.00878543
1024.000000	62.36042720
1025.000000	38.93229107
1026.000000	-58.32083623
1027.000000	1.25370535
1028.000000	-49.30167433
1029.000000	-71.40112313
1030.000000	51.86541828
1031.000000	-35.35192764
1032.000000	61.39688725
1033.000000	-32.32796344
1034.000000	-31.55866518
1035.000000	-10.58528458
1036.000000	-30.89683697
1037.000000	40.51779334
1038.000000	-58.14858044
1039.000000	17.75651707
1040.000000	6.84169215
1041.000000	-50.16294042
1042.000000	27.51428664
1043.999000	-49.47015341
1044.999000	-42.90948452
1045.999000	46.70454458
1046.999000	75.45359289
1047.999000	-67.17275846
1048.999000	-38.99217010
1049.999000	-71.78786542
1050.999000	-14.17410795
1051.999000	12.66564781
1052.999000	-46.52067478
1053.999000	-18.26944521
1054.999000	4.91050583
1055.999000	13.04467817
1056.999000	27.82563244
1057.999000	32.66882725
1058.999000	35.81289651
1059.999000	51.93494235
1060.999000	-9.21580947
1061.999000	16.97233142
1062.999000	-23.08726314
1063.999000	72.47999287
1064.999000	-28.90121546
1065.999000	-99.81094494
1066.999000	14.56446561
1067.999000	-35.17102103
1068.999000	-59.75183134
1069.999000	45.27713604
1070.999000	-57.76804139
1071.999000	-35.45787024
1072.999000	4.92355935
1073.999000	56.62714989
1074.999000	36.73848619
1075.999000	57.69194905
1076.999000	57.59180483
1077.999000	-10.65447650
1078.999000	3.39560818
1079.999000	-17.35373956
1080.999000	-24.69340063
1081.999000	5.77112415
1082.999000	0.84261364
1083.999000	-28.38443955
1084.999000	-71.99160822
1085.999000	63.87143428
1086.999000	50.22548203
1087.999000	58.03526597
1088.999000	4.40014405
1089.999000	55.92584552
1090.999000	31.59621867
1091.999000	43.55091140
1092.999000	135.69058852
1093.999000	9.29106629
1094.999000	-49.33166911
1095.999000	-13.06597256
1096.999000	33.81772153
1097.999000	-19.75147886
1098.999000	-14.64785147
1099.999000	3.02899345
1100.999000	13.32495024
1101.999000	37.21648724
1102.999000	52.79306620
1103.999000	75.57310747
1104.999000	124.18679703
1105.999000	-83.85370352
1106.999000	117.44721414
1107.999000	22.52291563
1108.999000	-64.71474501
1109.999000	20.79645045
1110.999000	-7.12334166
1111.999000	-20.15023037
1112.999000	51.55043610
1113.999000	46.38321460
1114.999000	-78.80268540
1115.999000	42.38203872
1116.999000	114.49795742
1117.999000	-44.53012641
1118.999000	-33.26822070
1119.999000	35.87343902
1120.999000	76.94199099
1121.999000	3.40920180
1122.999000	-42.49372417
1123.999000	-45.74047459
1124.999000	-35.16714572
1125.999000	7.60415430
1126.999000	2.49759681
1127.999000	10.17998974
1128.999000	13.69635989
1129.999000	-34.17314081
1130.999000	-117.36541457
1131.999000	34.13639095
1132.999000	24.46128149
1133.999000	25.48828908
1134.999000	-2.01466938
1135.999000	29.18341554
1136.999000	-25.25205756
1137.999000	19.33590903
1138.999000	-8.46241921
1139.999000	-68.69299055
1140.999000	128.71081634
1141.999000	-25.39504027
1142.999000	10.40577235
1143.999000	-28.23929462
1144.999000	7.28643098
1145.999000	17.62605095
1146.999000	42.02650402
1147.999000	24.83217449
1148.999000	-36.91630705
1149.999000	32.06070558
1150.999000	-99.11880517
1151.999000	-8.61083937
1152.999000	49.54154170
1153.999000	-24.31315515
1154.999000	-31.57455046
1155.999000	-54.80749885
1156.999000	8.93341412
1157.999000	82.07060442
1158.999000	-0.57898871
1159.999000	28.67707344
1160.999000	0.29831824
1161.999000	29.75019509
1162.999000	-5.25119250
1163.999000	119.57611492
1164.999000	75.45560829
1165.999000	15.37558724
1166.999000	-14.28897149
1167.999000	-39.17225625
1168.999000	-43.93728065
1169.999000	64.77476743
1170.999000	99.18063732
1171.999000	3.55532276
1172.999000	83.25206208
1173.999000	1.57585447
1174.999000	0.33753419
1175.999000	42.21677313
1176.999000	-31.10627458
1177.999000	38.08263194
1178.999000	82.40617239
1179.999000	71.34422872
1180.999000	43.36334781
1181.999000	58.95801670
1182.999000	-30.90976800
1183.999000	54.18083179
1184.999000	31.58703292
1185.999000	27.62649557
1186.999000	30.68610859
1187.999000	-6.17886898
1188.999000	-64.46276075
1189.999000	-42.93068655
1190.999000	-10.37882081
1191.999000	108.24753496
1192.999000	78.16820514
1193.999000	17.42846799
1194.999000	38.56629921
1195.999000	35.37930456
1196.999000	-13.36975011
1197.999000	-56.08342585
1198.999000	-9.42781538
1199.999000	-40.35414336
1200.999000	46.27923540
1201.999000	100.51504808
1202.999000	-31.67028467
1203.999000	-39.66712135
1204.999000	9.83025860
1205.999000	-43.20259069
1206.999000	-26.48351399
1207.999000	-37.76728661
1208.999000	-74.95962354
1209.999000	-3.84825044
1210.999000	13.57664238
1211.999000	-15.06606403
1212.999000	46.98483429
1213.999000	49.69450461
1214.999000	98.24113871
1215.999000	-54.22037207
1216.999000	110.76620092
1217.999000	-6.43513199
1218.999000	69.31293695
1219.999000	98.97055878
1220.999000	70.55583683
1221.999000	6.43733963
1222.999000	-46.32860791
1223.999000	-28.46314004
1224.999000	3.35774994
1225.999000	35.85555678
1226.999000	-11.02091847
1227.999000	55.58804785
1228.999000	-30.50205767
1229.999000	27.38285277
1230.999000	186.74519933
1231.999000	21.26209857
1232.999000	-145.67498701
1233.999000	-15.75286483
1234.999000	-13.95928368
1235.999000	-19.44254279
1236.999000	85.10000556
1237.999000	145.91854303
1238.999000	44.47169935
1239.999000	-3.07346049
1240.999000	-8.09061039
1241.999000	9.99072552
1242.999000	-54.66971327
1243.999000	51.17409945
1244.999000	-71.98609213
1245.999000	103.62504695
1246.999000	-19.22471930
1247.999000	5.81704121
1248.999000	-38.16299874
1249.999000	51.63803380
1250.999000	31.01894229
1251.999000	21.92279600
1252.999000	14.74557186
1253.999000	35.46924679
1254.999000	-21.18648434
1255.999000	3.78414033
1256.999000	-13.90912785
1257.999000	-59.89447986
1258.999000	-65.61546308
1259.999000	11.98848154
1260.999000	8.83643448
1261.999000	50.55534062
1262.999000	72.72708800
1263.999000	-150.29483171
1264.999000	41.58105361
1265.999000	30.55159632
1266.999000	-40.44438168
1267.999000	-23.45582765
1268.999000	-75.16046660
1269.999000	4.46592775
1270.999000	50.96182599
1271.999000	-39.28164784
1272.999000	-64.46449502
1273.999000	28.70245424
1274.999000	-33.75227761
1275.999000	-5.25706231
1276.999000	-56.05912597
1277.999000	8.53127835
1278.999000	81.53968800
1279.999000	55.56295168
1280.999000	-75.08844036
1281.999000	-32.31176495
1282.999000	-48.17195137
1283.999000	-109.07805692
1284.999000	69.90790108
1285.999000	-42.48771653
1286.999000	19.52191094
1287.999000	-34.93121998
1288.999000	-29.86838454
1289.999000	-16.48015241
1290.999000	-16.91865541
1291.999000	9.32460557
1292.999000	74.71537109
1293.999000	-8.76424340
1294.999000	58.96825659
1295.999000	85.32434065
