# F(k,t) correlation function
# Reference time: 1205.001 ps
# lag_time_ps	F(k,t)
0.000000	541.61255980
2.000000	82.22796417
4.000000	-87.64087856
6.000000	-38.78537921
8.000000	-75.70249164
10.000000	80.80711040
12.000000	-2.49029766
14.000000	-24.60255096
16.000000	57.93231891
18.000000	-106.49045735
20.000000	39.77750820
22.000000	66.43366824
24.000000	5.98215951
26.000000	-59.34663726
28.000000	94.57304188
30.000000	31.00877597
32.000000	-22.05772033
34.000000	-28.68734356
36.000000	23.25477085
38.000000	35.14482112
40.000000	-35.01864966
42.000000	66.67092366
44.000000	1.48341422
46.000000	-35.68334801
48.000000	-7.07502314
50.000000	-30.22712552
52.000000	-52.95175180
54.000000	-24.05522752
56.000000	-27.54681346
58.000000	-34.00972891
60.000000	-22.00264713
62.000000	31.82054830
64.000000	-96.25150765
66.000000	46.19314738
68.000000	-41.54510931
70.000000	-31.73275010
72.000000	36.98809755
74.000000	2.24041743
76.000000	-9.52589702
78.000000	-57.19140040
80.000000	-49.78658211
82.000000	-31.60607377
84.000000	1.12370002
86.000000	43.76211954
88.000000	-30.92875727
90.000000	-110.41743742
92.000000	21.67152225
94.000000	-3.54380877
96.000000	-20.09700440
98.000000	-28.62166912
100.000000	76.52998362
102.000000	-99.70067494
104.000000	21.54772098
106.000000	-34.09907722
108.000000	-40.09855281
110.000000	13.72619020
112.000000	-83.67984001
114.000000	25.38638431
116.000000	53.74114245
118.000000	35.88939169
120.000000	-85.05328388
122.000000	-117.54353633
124.000000	-13.64287351
126.000000	52.92406491
128.000000	15.22024301
130.000000	-77.80617166
132.000000	-63.37614293
134.000000	-36.94991873
136.000000	-93.06606678
138.000000	23.55624053
140.000000	27.19608541
142.000000	-45.42400217
144.000000	-30.86766592
146.000000	93.29917431
148.000000	41.85386226
150.000000	59.51516615
152.000000	-33.76986830
154.000000	40.74434345
156.000000	60.53957293
158.000000	53.26482830
160.000000	-17.23403560
162.000000	-32.75009699
164.000000	74.78798955
166.000000	-44.67070276
168.000000	-7.20354012
170.000000	-98.57707643
172.000000	-27.41647506
174.000000	-24.12909750
176.000000	-35.55835571
178.000000	-25.68847830
180.000000	36.31500253
182.000000	-54.78525236
184.000000	-42.15638834
186.000000	69.48665182
188.000000	-68.13183159
190.000000	1.55221806
192.000000	72.16209019
194.000000	52.40541981
196.000000	70.16077219
198.000000	-69.24339998
200.000000	8.79769095
202.000000	103.47392182
204.000000	-27.07852971
206.000000	-82.37716896
208.000000	-79.47749025
210.000000	44.31740081
212.000000	-37.38276965
214.000000	-15.14613031
216.000000	-41.40039206
218.000000	49.27811591
220.000000	2.43760557
222.000000	-22.74747455
224.000000	30.45712871
226.000000	52.10906904
228.000000	43.35750284
230.000000	4.21171880
232.000000	74.20121231
234.000000	-88.83954821
236.000000	2.22400249
238.000000	-2.52762435
240.000000	49.39148704
242.000000	26.38631306
244.000000	-58.40011888
246.000000	54.62566993
248.000000	59.89968143
250.000000	-86.75404602
252.000000	-50.16674257
254.000000	36.70515960
256.000000	48.47688799
258.000000	22.44211472
260.000000	-25.20665246
262.000000	-8.38530805
264.000000	-3.86368837
266.000000	31.54606135
268.000000	70.82715379
270.000000	77.35551343
272.000000	-118.24554112
274.000000	75.00203219
276.000000	113.90098170
278.000000	89.66445798
280.000000	130.94992900
282.000000	35.78537925
284.000000	44.87426578
286.000000	61.21674626
288.000000	12.44646760
290.000000	7.12646500
292.000000	46.55834071
294.000000	-0.25242018
296.000000	46.77243185
298.000000	-136.60099707
300.000000	41.89629635
302.000000	61.95033992
304.000000	-11.25733669
306.000000	-66.10239238
308.000000	-41.74500098
310.000000	4.45676868
312.000000	-52.31778883
314.000000	28.00059391
316.000000	-24.48905294
318.000000	82.36317278
320.000000	-54.60659911
322.000000	-5.42461910
324.000000	106.37923509
326.000000	-20.19641228
328.000000	-37.30215489
330.000000	2.29586976
332.000000	-61.96199355
334.000000	50.76003019
336.000000	16.89453040
338.000000	20.83268248
340.000000	-30.34983419
342.000000	-30.78238527
344.000000	-80.56732334
346.000000	13.18782137
348.000000	62.24928919
350.000000	15.43395028
352.000000	114.63362046
354.000000	2.10227220
356.000000	-77.43270511
358.000000	76.26839615
360.000000	30.85855288
362.000000	41.58966556
364.000000	-47.12683369
366.000000	-12.79466820
368.000000	18.62389443
370.000000	86.40513951
372.000000	31.23718123
374.000000	45.62036627
376.000000	28.11302115
378.000000	37.18466435
380.000000	-62.19147798
382.000000	-62.81225964
384.000000	129.30992590
386.000000	-80.11987132
388.000000	73.77215128
390.000000	-65.48471655
392.000000	-31.79740052
394.000000	39.01578353
396.000000	5.48850588
398.000000	-50.05156194
400.000000	131.63504915
402.000000	-10.83702318
404.000000	62.40984038
406.000000	59.07059447
408.000000	105.14700107
410.000000	-22.79680703
412.000000	120.82782852
414.000000	-1.62228662
416.000000	48.50734279
418.000000	-7.19834542
420.000000	-36.13773077
422.000000	-80.07413915
424.000000	24.85510366
426.000000	19.95177199
428.000000	-12.79583699
430.000000	154.96142351
432.000000	37.16184260
434.000000	-14.92288580
436.000000	-22.48567266
438.000000	-108.03874772
440.000000	-6.38682671
442.000000	20.09444925
444.000000	75.54483614
446.000000	-32.32892243
448.000000	52.17338338
450.000000	-35.05220772
452.000000	75.55411919
454.000000	1.67475282
456.000000	32.07988077
458.000000	-71.06585850
460.000000	65.83371552
462.000000	82.34915081
464.000000	120.89162939
466.000000	-15.49905735
468.000000	115.36293548
470.000000	85.72735849
472.000000	10.70772710
474.000000	-60.42226543
476.000000	-20.30765697
478.000000	76.28988830
480.000000	114.92289315
482.000000	23.82234076
484.000000	69.78753451
486.000000	27.83856811
488.000000	110.57213723
490.000000	0.13202899
492.000000	-55.91658762
494.000000	20.65727039
496.000000	45.61694811
498.000000	72.23973803
500.000000	-59.71585038
502.000000	61.65347233
504.000000	-7.40011564
506.000000	35.78898582
508.000000	14.27748381
510.000000	-49.75864236
512.000000	3.74114600
514.000000	45.89806288
516.000000	26.53713741
518.000000	-37.79406148
520.000000	-31.16233729
522.000000	-18.90406610
524.000000	95.43743816
526.000000	-5.14397776
528.000000	-64.79502494
530.000000	94.78883212
532.000000	55.93317779
534.000000	-43.68869544
536.000000	-107.82014882
538.000000	29.37044887
540.000000	-14.41509287
542.000000	-52.22952876
544.000000	-61.12203800
546.000000	84.36763475
548.000000	-9.18540699
550.000000	74.10300691
552.000000	-49.37959808
554.000000	3.76029607
556.000000	-49.24595764
558.000000	73.84925587
560.000000	33.06068978
562.000000	-9.86100782
564.000000	24.62222842
566.000000	22.19519815
568.000000	62.24577597
570.000000	3.93755070
572.000000	23.48581692
574.000000	-33.56225520
576.000000	-54.31660861
578.000000	31.54476263
580.000000	-20.07567651
582.000000	-4.72721981
584.000000	-37.99172512
586.000000	-10.55001057
588.000000	45.08339123
590.000000	31.15873653
592.000000	19.99103725
594.000000	5.76919594
596.000000	26.56588934
598.000000	17.23660928
600.000000	-21.72087659
602.000000	-50.58526778
604.000000	-43.19627538
606.000000	92.20905429
608.000000	-45.52687062
610.000000	-56.75976704
612.000000	70.26470184
614.000000	-41.36731864
616.000000	69.74356753
618.000000	-50.86991345
620.000000	-17.19579494
622.000000	-82.69141170
624.000000	-97.02409617
626.000000	56.02165664
628.000000	-24.59317296
630.000000	-103.83495865
632.000000	74.93017728
634.000000	15.14293207
636.000000	-43.70675324
638.000000	-20.01460736
640.000000	10.73501218
642.000000	-1.51479860
644.000000	-69.34098958
645.000000	-33.83069827
646.000000	-47.02418290
647.000000	-4.39333471
648.000000	-86.50004335
649.000000	-56.69579996
650.000000	42.41025600
651.000000	30.72889462
652.000000	-82.85231255
653.000000	34.93750802
654.000000	-103.71035731
655.000000	39.75310414
656.000000	57.91496500
657.000000	49.84670204
658.000000	-66.74274227
659.000000	-30.34967261
660.000000	94.54581323
661.000000	81.36139890
662.000000	25.46136343
663.000000	-20.34933584
664.000000	-125.20663245
665.000000	-8.43851878
666.000000	18.43463125
667.000000	66.56734799
668.000000	-35.01885514
669.000000	11.22127866
670.000000	-12.95055326
671.000000	-4.23371491
672.000000	2.02367807
673.000000	30.34380563
674.000000	-33.50845091
675.000000	34.07476689
676.000000	15.44029438
677.000000	-47.43828575
678.000000	79.06640519
679.000000	97.47404266
680.000000	-13.59046112
681.000000	54.62629352
682.000000	23.01423966
683.000000	93.76533528
684.000000	-29.12994168
685.000000	-12.11190023
686.000000	10.94069362
687.000000	42.73019934
688.000000	-4.95179583
689.000000	90.59115406
690.000000	-3.38134021
691.000000	35.22385691
692.000000	-9.34436968
693.000000	23.34581593
694.000000	-110.56870004
695.000000	-94.21009184
696.000000	71.24919699
697.000000	31.37468143
698.000000	-30.76863323
699.000000	97.34239251
700.000000	-0.81018832
701.000000	-0.07953062
702.000000	-3.31595433
703.000000	-4.92646274
704.000000	40.96967724
705.000000	5.51179215
706.000000	-30.24867179
707.000000	41.70758557
708.000000	38.35787650
709.000000	-51.73566699
710.000000	-85.08584806
711.000000	106.09033109
712.000000	32.68817854
713.000000	-30.22926599
714.000000	32.85343159
715.000000	-74.99229656
716.000000	-132.20990682
717.000000	28.34195988
718.000000	50.58839222
719.000000	62.62093320
720.000000	-51.69472994
721.000000	-38.30895623
722.000000	-20.48130627
723.000000	82.74596258
724.000000	-40.80670975
725.000000	42.01015780
726.000000	28.24558628
727.000000	-7.38165615
728.000000	-35.76105392
729.000000	89.04011108
730.000000	32.85706008
731.000000	-15.87130493
732.000000	-27.24387687
733.000000	24.14673882
734.000000	-12.57879590
735.000000	87.99783217
736.000000	-63.28253428
737.000000	-22.29051112
738.000000	65.20160544
739.000000	-12.21512753
740.000000	39.57450819
741.000000	-14.13093736
742.000000	-56.92522660
743.000000	-34.02434464
744.000000	-41.49632544
745.000000	1.11241375
746.000000	52.68785773
747.000000	-30.76856125
748.000000	63.30794966
749.000000	-50.25063337
750.000000	-50.56898021
751.000000	-68.66834472
752.000000	-84.91444844
753.000000	-68.31937599
754.000000	-13.21803651
755.000000	125.93526069
756.000000	-0.64310931
757.000000	-91.81654278
758.000000	81.15318329
759.000000	62.31468899
760.000000	33.48365683
761.000000	38.84421431
762.000000	72.48471629
763.000000	121.51177231
764.000000	-9.17400648
765.000000	125.89673030
766.000000	46.71608763
767.000000	56.96560197
768.000000	-15.19906246
769.000000	-59.91926219
770.000000	-33.38535642
771.000000	19.70739661
772.000000	111.80300896
773.000000	-0.82834325
774.000000	74.83092319
775.000000	-63.48409830
776.000000	-61.47601377
777.000000	51.06882052
778.000000	106.92028659
779.000000	-22.29144507
780.000000	-10.32518182
781.000000	8.53052028
782.000000	6.05082928
783.000000	-5.00916695
784.000000	-8.13547372
785.000000	15.99569759
786.000000	-62.14497974
787.000000	-80.00959872
788.000000	16.17363802
789.000000	-48.09431871
790.000000	37.33527273
791.000000	127.28465072
792.000000	-23.13777419
793.000000	40.06970341
794.000000	10.11175197
795.000000	-8.55582337
796.000000	-27.29098018
797.000000	24.88260924
798.000000	-29.49395139
799.000000	-37.82698398
800.000000	-19.22774961
801.000000	-54.48566099
802.000000	-14.85381121
803.000000	-13.17487110
804.000000	46.47756259
805.000000	26.82105778
806.000000	39.30375873
807.000000	41.38055073
808.000000	-34.54429261
809.000000	-119.82143908
810.000000	-31.86947281
811.000000	58.55784266
812.000000	-87.21073069
813.000000	-65.37312353
814.000000	78.42289012
815.000000	-28.51973137
816.000000	-49.68636764
817.000000	18.63960812
818.000000	-131.32193941
819.000000	-32.95245656
820.000000	-37.69851764
821.000000	13.53915396
822.000000	80.20335259
823.000000	-89.76693053
824.000000	-29.01583153
825.000000	9.52268353
826.000000	-10.54781576
827.000000	-18.75144364
828.000000	-31.17080610
829.000000	13.00521586
830.000000	-62.08222344
831.000000	58.30654836
832.000000	29.05675933
833.000000	41.14440627
834.000000	-0.98260778
835.000000	-63.07392162
836.000000	24.21989559
837.000000	-45.53746822
838.000000	-7.72397066
839.000000	-123.87969414
840.000000	18.81810763
841.000000	-29.50371435
842.999000	24.03267150
843.999000	16.48456342
844.999000	-19.16553082
845.999000	153.84482454
846.999000	-94.04161672
847.999000	-24.59529628
848.999000	26.41493403
849.999000	-31.70161301
850.999000	-103.25792269
851.999000	8.74599868
852.999000	30.79014898
853.999000	76.45234779
854.999000	-44.77753348
855.999000	44.78100110
856.999000	-54.17353335
857.999000	27.13613768
858.999000	35.11067338
859.999000	70.87292315
860.999000	-49.52576128
861.999000	57.81995863
862.999000	76.06137268
863.999000	-16.17833475
864.999000	-73.30711317
865.999000	33.35825678
866.999000	24.94014017
867.999000	19.53992144
868.999000	10.31583566
869.999000	46.07937031
870.999000	-37.50607530
871.999000	67.49952357
872.999000	-63.09414757
873.999000	-0.90597130
874.999000	73.90170547
875.999000	66.41481542
876.999000	99.38787560
877.999000	19.43378961
878.999000	5.47981275
879.999000	-0.70138675
880.999000	-24.50009216
881.999000	38.18175440
882.999000	6.85575992
883.999000	-2.96927261
884.999000	-14.28998222
885.999000	5.87606926
886.999000	-5.39026453
887.999000	1.06563980
888.999000	27.27598770
889.999000	78.68836899
890.999000	-74.70296157
891.999000	-74.57942294
892.999000	13.72925252
893.999000	46.26530832
894.999000	50.43945885
895.999000	67.97524561
896.999000	13.35732658
897.999000	37.39410507
898.999000	9.05693820
899.999000	-92.47777484
900.999000	9.17951866
901.999000	57.16019239
902.999000	9.04915946
903.999000	21.99081963
904.999000	3.58064101
905.999000	-22.54992213
906.999000	30.78726370
907.999000	-24.41668262
908.999000	-13.24804313
909.999000	-17.63472865
910.999000	-61.13509666
911.999000	-55.51156264
912.999000	24.25936258
913.999000	-50.66357742
914.999000	-64.44873621
915.999000	50.01157172
916.999000	112.34009480
917.999000	-36.81518955
918.999000	57.23591691
919.999000	19.21735161
920.999000	0.75815959
921.999000	-98.44010088
922.999000	-2.05004240
923.999000	65.19041199
924.999000	7.11160011
925.999000	-47.29713676
926.999000	36.75171462
927.999000	35.17653972
928.999000	8.72998992
929.999000	-14.33690069
930.999000	127.63325322
931.999000	-16.93071430
932.999000	16.89346012
933.999000	-15.90329492
934.999000	58.34872059
935.999000	-20.95172770
936.999000	98.19233456
937.999000	-20.51785995
938.999000	36.33808160
939.999000	-29.26781693
940.999000	66.94776273
941.999000	6.06889239
942.999000	-79.63001601
943.999000	-54.20428117
944.999000	0.49238825
945.999000	-58.35255998
946.999000	-63.30857539
947.999000	16.36888192
948.999000	-40.00255649
949.999000	-74.78778581
950.999000	22.14404935
951.999000	-93.85239005
952.999000	-14.78061155
953.999000	21.05223797
954.999000	-53.34433201
955.999000	-21.05366604
956.999000	0.69341565
957.999000	80.42248281
958.999000	132.18503736
959.999000	48.53233084
960.999000	61.35886025
961.999000	-104.58679999
962.999000	41.66218355
963.999000	10.18257200
964.999000	110.63516210
965.999000	-8.48621405
966.999000	54.01723129
967.999000	12.77738902
968.999000	-21.50951975
969.999000	-63.83473763
970.999000	-95.69807355
971.999000	17.62128903
972.999000	90.94983675
973.999000	-92.02868419
974.999000	-26.42025677
975.999000	93.35144424
976.999000	-99.79229935
977.999000	-107.73981789
978.999000	35.37696716
979.999000	5.45303850
980.999000	-69.16232754
981.999000	-50.19459684
982.999000	13.09687288
983.999000	-43.31595726
984.999000	0.90012475
985.999000	6.60179804
986.999000	64.77793102
987.999000	34.10592835
988.999000	-140.09895389
989.999000	-11.91173840
990.999000	1.22640445
991.999000	6.99186766
992.999000	-65.90485755
993.999000	-60.74655423
994.999000	30.72162557
995.999000	-79.94964580
996.999000	-24.28904794
997.999000	-59.96044217
998.999000	54.47378270
999.999000	59.18279975
1000.999000	-28.19804469
1001.999000	-74.49350831
1002.999000	-2.60859396
1003.999000	51.95577895
1004.999000	50.84870610
1005.999000	-58.94977533
1006.999000	-0.45889370
1007.999000	54.03208894
1008.999000	7.76484910
1009.999000	23.39216415
1010.999000	41.98826089
1011.999000	34.26557202
1012.999000	74.55620374
1013.999000	45.60722267
1014.999000	33.11957980
1015.999000	42.25967487
1016.999000	-65.19018062
1017.999000	-17.50438636
1018.999000	40.76255217
1019.999000	17.06011730
1020.999000	105.80988897
1021.999000	16.09009869
1022.999000	64.29711631
1023.999000	-47.90793152
1024.999000	62.60496371
1025.999000	-93.44327757
1026.999000	-33.00771253
1027.999000	2.52174631
1028.999000	-64.05661280
1029.999000	62.05286155
1030.999000	17.46737892
1031.999000	-108.93644539
1032.999000	-39.97725272
1033.999000	90.39468561
1034.999000	-127.94048458
1035.999000	-102.40386458
1036.999000	-23.89239124
1037.999000	-23.94741640
1038.999000	9.46117934
1039.999000	21.01890344
1040.999000	47.86141988
1041.999000	83.28841995
1042.999000	101.43060200
1043.999000	-7.05458334
1044.999000	-13.63150590
1045.999000	103.52464421
1046.999000	-14.65702616
1047.999000	-28.68678030
1048.999000	76.32808439
1049.999000	-86.64828257
1050.999000	11.46285044
1051.999000	29.96163591
1052.999000	-10.39222192
1053.999000	-50.25745767
1054.999000	-1.68936319
1055.999000	111.90654045
1056.999000	75.84564681
1057.999000	-16.54236247
1058.999000	-37.75381765
1059.999000	-73.94471353
1060.999000	-21.80211313
1061.999000	-4.59306761
1062.999000	-45.63731409
1063.999000	40.18237941
1064.999000	-89.22776603
1065.999000	-35.33024554
1066.999000	-84.28457489
1067.999000	-49.13128800
1068.999000	-34.98635715
1069.999000	-35.56614806
1070.999000	71.46450262
1071.999000	54.00299384
1072.999000	-94.53538142
1073.999000	55.11645796
1074.999000	116.28356097
1075.999000	-49.03179307
1076.999000	114.02915170
1077.999000	13.56786005
1078.999000	33.96753824
1079.999000	8.28567138
1080.999000	34.90296523
1081.999000	-74.53809552
1082.999000	24.34955935
1083.999000	-11.31618458
1084.999000	-15.18565148
1085.999000	15.31809382
1086.999000	-36.40536532
1087.999000	-14.21106937
1088.999000	-78.22098610
1089.999000	-22.04609704
1090.999000	57.99893930
1091.999000	-12.68935568
1092.999000	-64.21035364
1093.999000	29.91335307
1094.999000	-39.09382423
