# F(k,t) correlation function
# Reference time: 1406.001 ps
# lag_time_ps	F(k,t)
0.000000	494.31662378
1.000000	-7.39686004
3.000000	53.10877077
5.000000	52.64523835
7.000000	27.53832324
9.000000	62.22899820
11.000000	54.14250526
13.000000	44.84009601
15.000000	5.82783767
17.000000	13.20681129
19.000000	-49.58660722
21.000000	39.81619222
23.000000	-50.38157323
25.000000	45.78382640
27.000000	-29.31054360
29.000000	5.46985782
31.000000	25.42560338
33.000000	-76.13496725
35.000000	8.87082664
37.000000	-12.51497960
39.000000	-82.18312700
41.000000	3.86859006
43.000000	74.26978808
45.000000	55.73638614
47.000000	-12.92223606
49.000000	-103.49403605
51.000000	-4.62236050
53.000000	-6.64653736
55.000000	77.99573916
57.000000	1.75879508
59.000000	99.67169705
61.000000	-56.94522656
63.000000	105.94766849
65.000000	46.53975275
67.000000	-30.37870887
69.000000	40.57106547
71.000000	86.75056262
73.000000	68.97093223
75.000000	43.73214792
77.000000	-120.44797378
79.000000	-66.50999627
81.000000	70.06300048
83.000000	-30.46881978
85.000000	12.35752671
87.000000	-53.08130304
89.000000	42.41803860
91.000000	12.46803883
93.000000	58.30014518
95.000000	32.87901164
97.000000	-24.19681130
99.000000	-86.68139278
101.000000	-75.22583286
103.000000	-50.79064263
105.000000	1.59715279
107.000000	-18.47150243
109.000000	-98.75474925
111.000000	-4.26970536
113.000000	58.55894451
115.000000	-0.33016604
117.000000	7.01929011
119.000000	49.40200881
121.000000	-57.70229564
123.000000	63.47688287
125.000000	15.38402118
127.000000	-12.69238709
129.000000	-53.70718364
131.000000	-39.98152915
133.000000	-27.80123513
135.000000	-17.66816756
137.000000	45.67209140
139.000000	97.87002125
141.000000	3.20480841
143.000000	-30.86471331
145.000000	-16.78027851
147.000000	-50.76836989
149.000000	27.82143780
151.000000	106.35148156
153.000000	1.30819695
155.000000	-12.22260849
157.000000	65.27610203
159.000000	36.02542638
161.000000	29.95818668
163.000000	-34.31858709
165.000000	-21.01783516
167.000000	-6.95689983
169.000000	-52.05245385
171.000000	-51.43374683
173.000000	88.15646695
175.000000	-71.43099683
177.000000	-2.20238944
179.000000	-0.39123809
181.000000	12.74420075
183.000000	73.54492056
185.000000	-13.48718746
187.000000	-29.10887733
189.000000	17.87122956
191.000000	40.84726995
193.000000	0.72116854
195.000000	7.39688612
197.000000	-34.95385346
199.000000	57.97254798
201.000000	47.44810158
203.000000	83.86013488
205.000000	-92.12202224
207.000000	-5.00677390
209.000000	58.40101848
211.000000	10.20590905
213.000000	-79.19783545
215.000000	-81.99827682
217.000000	41.03630522
219.000000	22.49935192
221.000000	-55.81865603
223.000000	-35.19671071
225.000000	-34.61612977
227.000000	53.47706610
229.000000	22.90462763
231.000000	0.06106575
233.000000	-76.75260016
235.000000	50.21895031
237.000000	-11.49228940
239.000000	-20.64491812
241.000000	66.53679974
243.000000	-3.23677211
245.000000	60.96022015
247.000000	-72.26305603
249.000000	24.57913630
251.000000	0.01391024
253.000000	13.63307470
255.000000	-17.43257278
257.000000	51.16278668
259.000000	-43.31239861
261.000000	50.36587172
263.000000	3.63299377
265.000000	5.50368425
267.000000	-31.22713083
269.000000	7.65395234
271.000000	2.05987562
273.000000	24.46097535
275.000000	-15.98019763
277.000000	-27.47503892
279.000000	-34.20826083
281.000000	19.80514951
283.000000	4.45530353
285.000000	-54.98760684
287.000000	-38.08258420
289.000000	19.55273538
291.000000	48.77881978
293.000000	-54.67647662
295.000000	-14.43899143
297.000000	74.68994652
299.000000	-63.84843408
301.000000	-5.90792265
303.000000	100.52726579
305.000000	-28.53893855
307.000000	52.91415796
309.000000	43.60077463
311.000000	61.82911556
313.000000	-29.24850511
315.000000	-44.35651695
317.000000	-33.36870355
319.000000	-29.78566093
321.000000	33.36660469
323.000000	-1.57210246
325.000000	16.70957042
327.000000	14.96338852
329.000000	-30.55120895
331.000000	17.16066385
333.000000	-1.79845929
335.000000	-55.16502388
337.000000	-33.28279786
339.000000	68.37254825
341.000000	-73.97019688
343.000000	29.40050553
345.000000	72.38227010
347.000000	73.52885108
349.000000	-3.16318918
351.000000	78.53028626
353.000000	27.71309544
355.000000	-61.61381044
357.000000	-49.79371713
359.000000	2.62254101
361.000000	-59.82060755
363.000000	-96.77977589
365.000000	32.70204361
367.000000	-72.98737545
369.000000	88.89934821
371.000000	-2.86170861
373.000000	2.44553871
375.000000	-23.35100735
377.000000	-109.04898581
379.000000	-6.07248698
381.000000	-101.26576171
383.000000	27.80596294
385.000000	68.86889698
387.000000	-95.50340970
389.000000	77.74074752
391.000000	-29.66520759
393.000000	40.49126884
395.000000	51.80938467
397.000000	41.11576603
399.000000	-73.45740419
401.000000	-56.05501086
403.000000	-67.46287596
405.000000	33.74761758
407.000000	-17.12847323
409.000000	-4.18841762
411.000000	27.44990556
413.000000	32.78511700
415.000000	27.73904855
417.000000	-3.60496898
419.000000	114.19925710
421.000000	35.64489460
423.000000	22.61043297
425.000000	116.99285730
427.000000	-18.99674536
429.000000	5.91386327
431.000000	-48.68088150
433.000000	37.11416901
435.000000	60.55936136
437.000000	71.81781147
439.000000	-2.15178642
441.000000	-5.44174745
443.000000	36.46615704
444.000000	-68.52202275
445.000000	-45.23200369
446.000000	19.01094489
447.000000	10.09336633
448.000000	-31.01712107
449.000000	-66.87008626
450.000000	-89.22881963
451.000000	86.86383352
452.000000	22.94137820
453.000000	-12.47883046
454.000000	-45.17179458
455.000000	17.99131008
456.000000	-6.33862653
457.000000	92.63574666
458.000000	-27.77217618
459.000000	10.78582352
460.000000	-39.31269425
461.000000	-64.47672119
462.000000	2.26482607
463.000000	73.91174840
464.000000	-15.53908965
465.000000	4.10205694
466.000000	63.51679873
467.000000	-6.99176015
468.000000	-0.91280649
469.000000	22.26420257
470.000000	-33.98947259
471.000000	55.88379469
472.000000	47.97604479
473.000000	-89.98239263
474.000000	11.05011805
475.000000	6.45213486
476.000000	-66.26079516
477.000000	-37.56395317
478.000000	-29.08676624
479.000000	-51.86594122
480.000000	-10.23016354
481.000000	5.44808418
482.000000	14.75531402
483.000000	12.29319548
484.000000	52.43425764
485.000000	-24.31875935
486.000000	6.29220791
487.000000	-16.75154298
488.000000	-46.61984097
489.000000	-14.68847389
490.000000	7.88465850
491.000000	20.97387388
492.000000	70.36383212
493.000000	-23.39310363
494.000000	-32.22927877
495.000000	-10.85627742
496.000000	-104.08371043
497.000000	111.93001360
498.000000	-119.32766978
499.000000	-71.60120719
500.000000	-103.49351368
501.000000	3.16900319
502.000000	14.60344384
503.000000	42.10238523
504.000000	23.59159508
505.000000	14.12961991
506.000000	-29.92472426
507.000000	-58.92799563
508.000000	37.48407589
509.000000	-2.92037366
510.000000	82.44308754
511.000000	10.98943886
512.000000	117.28414117
513.000000	6.20819538
514.000000	-41.73718635
515.000000	-9.86882818
516.000000	-19.44504536
517.000000	15.19536594
518.000000	-67.48993120
519.000000	-85.30763295
520.000000	-137.13834170
521.000000	14.84111506
522.000000	-79.28231460
523.000000	-60.33690820
524.000000	13.67852055
525.000000	56.50230617
526.000000	21.30107110
527.000000	24.78420336
528.000000	43.54562970
529.000000	-57.34934779
530.000000	-50.11332047
531.000000	-2.42848125
532.000000	-71.20399947
533.000000	49.92780178
534.000000	18.42893345
535.000000	-30.50997463
536.000000	12.00570752
537.000000	-84.64955014
538.000000	71.80761261
539.000000	-72.69279710
540.000000	-37.94363313
541.000000	50.33720721
542.000000	0.20881753
543.000000	56.75180257
544.000000	9.27308448
545.000000	-93.33891592
546.000000	54.98484561
547.000000	82.79191075
548.000000	3.88379841
549.000000	36.94860978
550.000000	-37.75467415
551.000000	49.25578651
552.000000	-42.69293076
553.000000	71.24126496
554.000000	25.25038024
555.000000	-1.11849780
556.000000	9.81481059
557.000000	-6.87548696
558.000000	34.88341775
559.000000	-40.20950164
560.000000	-71.62709801
561.000000	-20.80835460
562.000000	-9.44808136
563.000000	27.60355730
564.000000	-9.05674922
565.000000	58.82660958
566.000000	5.56523289
567.000000	42.73361681
568.000000	3.58444035
569.000000	-3.30681913
570.000000	3.39616809
571.000000	-51.94034600
572.000000	81.69705561
573.000000	24.70476254
574.000000	-143.44231467
575.000000	-55.39482399
576.000000	88.65130009
577.000000	-80.12501549
578.000000	-43.31004178
579.000000	-53.97710200
580.000000	15.77372464
581.000000	-24.51784045
582.000000	12.83840730
583.000000	-34.68410263
584.000000	-18.72490769
585.000000	-42.87868584
586.000000	-94.31799161
587.000000	53.24875139
588.000000	11.03122221
589.000000	-18.44879982
590.000000	49.29266315
591.000000	5.71917080
592.000000	14.22992762
593.000000	54.80611653
594.000000	35.87962438
595.000000	-74.56679100
596.000000	12.79570781
597.000000	49.74081743
598.000000	115.09863389
599.000000	170.93066101
600.000000	3.92170409
601.000000	66.68044442
602.000000	34.64505532
603.000000	-49.80184863
604.000000	-66.53902264
605.000000	-16.07448615
606.000000	35.19606109
607.000000	71.64225415
608.000000	-35.63570755
609.000000	-37.39571160
610.000000	-131.06148834
611.000000	79.51691600
612.000000	9.23115233
613.000000	53.95309990
614.000000	-6.46403414
615.000000	56.95051964
616.000000	45.73704383
617.000000	29.07934886
618.000000	-15.65752310
619.000000	6.22319210
620.000000	10.93727102
621.000000	23.38862409
622.000000	-31.80164246
623.000000	56.88861241
624.000000	10.90948629
625.000000	-9.52753269
626.000000	-10.17963278
627.000000	81.92710563
628.000000	0.17714212
629.000000	-11.06800641
630.000000	-96.54758762
631.000000	16.42210156
632.000000	-58.26539579
633.000000	-20.28664781
634.000000	10.12919754
635.000000	85.56762558
636.000000	-48.68996915
637.000000	-13.98845713
638.000000	4.01734210
639.000000	-44.89667955
640.000000	-6.76041388
641.999000	70.83542080
642.999000	5.51546189
643.999000	20.75377477
644.999000	49.78349783
645.999000	22.18263463
646.999000	-41.54497002
647.999000	59.44869914
648.999000	-24.45827168
649.999000	-50.40610677
650.999000	15.72053337
651.999000	49.37008390
652.999000	-78.26436285
653.999000	86.62014622
654.999000	-14.05637923
655.999000	7.16836041
656.999000	-122.49660261
657.999000	-26.89498657
658.999000	2.66570401
659.999000	19.01771643
660.999000	1.90253746
661.999000	53.84616995
662.999000	-36.87549949
663.999000	75.41888907
664.999000	3.54265332
665.999000	2.78400804
666.999000	-4.78908257
667.999000	-27.61431729
668.999000	46.43370284
669.999000	5.03152916
670.999000	-0.64080201
671.999000	-29.30001461
672.999000	-14.61735792
673.999000	22.86140027
674.999000	93.11821052
675.999000	-104.42941175
676.999000	-101.06684537
677.999000	-25.56698948
678.999000	3.68047955
679.999000	-16.66415386
680.999000	-49.82689026
681.999000	94.56052873
682.999000	-4.91515235
683.999000	-78.19913588
684.999000	-29.45255144
685.999000	-9.24581626
686.999000	-65.45739636
687.999000	46.16754324
688.999000	16.67011262
689.999000	-21.79892964
690.999000	-19.18692755
691.999000	-64.78255912
692.999000	1.06814268
693.999000	-54.51824635
694.999000	-30.04643720
695.999000	60.21160913
696.999000	-1.81223415
697.999000	-28.45619362
698.999000	-38.70642016
699.999000	31.89351181
700.999000	35.42828227
701.999000	99.15092240
702.999000	-24.70235979
703.999000	2.12458857
704.999000	-72.66386188
705.999000	5.76641160
706.999000	17.61971126
707.999000	-3.48520345
708.999000	31.61712382
709.999000	-55.41582081
710.999000	-84.54436285
711.999000	-59.24486132
712.999000	-92.83488249
713.999000	-41.22823270
714.999000	-2.97331997
715.999000	-15.02480677
716.999000	6.51949603
717.999000	23.10034433
718.999000	-12.61781544
719.999000	-83.29887808
720.999000	-28.32152911
721.999000	53.95070366
722.999000	55.26789914
723.999000	32.84313689
724.999000	-83.29845182
725.999000	-7.09680899
726.999000	-155.62519004
727.999000	156.09698250
728.999000	-48.35133702
729.999000	-64.24534314
730.999000	-11.82392651
731.999000	45.86648823
732.999000	1.35647791
733.999000	0.65476091
734.999000	119.76638218
735.999000	43.86667285
736.999000	15.28382581
737.999000	-7.93330300
738.999000	-42.97299257
739.999000	6.39243153
740.999000	11.59167725
741.999000	42.74321781
742.999000	-29.69405957
743.999000	45.64929862
744.999000	18.62690544
745.999000	-57.59264428
746.999000	36.67590442
747.999000	-24.86758055
748.999000	-48.70579166
749.999000	100.52215421
750.999000	-59.65535880
751.999000	-33.40624388
752.999000	-19.67988148
753.999000	14.64417836
754.999000	4.13110202
755.999000	54.55213662
756.999000	6.65059667
757.999000	-59.70716138
758.999000	-57.51743987
759.999000	-28.80551218
760.999000	-31.02403273
761.999000	15.70626621
762.999000	25.14654801
763.999000	73.83899792
764.999000	-1.97910008
765.999000	14.49368665
766.999000	-58.86124638
767.999000	-41.94057380
768.999000	69.04159034
769.999000	-45.71196301
770.999000	-47.15929310
771.999000	-65.14971179
772.999000	0.87243425
773.999000	-25.85522979
774.999000	3.69637719
775.999000	13.42356880
776.999000	-16.57421222
777.999000	-54.59872279
778.999000	3.15912124
779.999000	20.21510474
780.999000	26.56063618
781.999000	21.91655065
782.999000	107.27915203
783.999000	-23.21134199
784.999000	-67.58390146
785.999000	98.48355612
786.999000	-18.71797734
787.999000	-7.51580078
788.999000	160.66285391
789.999000	132.95640644
790.999000	1.01132714
791.999000	82.66025067
792.999000	130.28949112
793.999000	49.31823908
794.999000	2.49960828
795.999000	8.51824027
796.999000	29.04349936
797.999000	-22.76286272
798.999000	4.44935497
799.999000	12.05362899
800.999000	47.25583894
801.999000	23.51608483
802.999000	94.57365971
803.999000	24.79561296
804.999000	39.94782361
805.999000	-29.25448643
806.999000	102.29648954
807.999000	47.13250148
808.999000	53.24469795
809.999000	20.88165917
810.999000	-31.77890857
811.999000	9.98906542
812.999000	-30.42034077
813.999000	-26.63989406
814.999000	-41.69023349
815.999000	-94.68036636
816.999000	55.55710582
817.999000	-19.31487544
818.999000	4.43154458
819.999000	14.06222297
820.999000	70.72560682
821.999000	4.46437408
822.999000	50.28343709
823.999000	-91.32735654
824.999000	-2.64134923
825.999000	-14.49726575
826.999000	-24.18586610
827.999000	-70.93210559
828.999000	-2.26860222
829.999000	23.10704254
830.999000	4.59567341
831.999000	52.18060662
832.999000	-61.69772316
833.999000	33.11774248
834.999000	-23.95794119
835.999000	33.52677595
836.999000	40.45644960
837.999000	-3.20202866
838.999000	-13.12235255
839.999000	4.49422216
840.999000	-10.46569464
841.999000	-56.67523384
842.999000	-20.53678645
843.999000	55.29359955
844.999000	-23.07918878
845.999000	-113.36993133
846.999000	34.00333984
847.999000	-138.67609447
848.999000	-20.53089674
849.999000	-59.47954558
850.999000	-69.46875690
851.999000	113.94276580
852.999000	17.71927508
853.999000	-9.94836682
854.999000	88.07012807
855.999000	-60.72585166
856.999000	53.35264003
857.999000	-140.87168667
858.999000	-30.14187109
859.999000	-41.71777308
860.999000	-17.24633685
861.999000	25.26769455
862.999000	90.17716913
863.999000	-73.37618837
864.999000	-13.73265020
865.999000	27.66261119
866.999000	-47.65142276
867.999000	-4.24261948
868.999000	15.72846426
869.999000	-69.24440188
870.999000	55.66915484
871.999000	-63.11834450
872.999000	-23.36623130
873.999000	-69.65031046
874.999000	-59.86806924
875.999000	-72.37392694
876.999000	-8.25019827
877.999000	-43.61193668
878.999000	-14.32863695
879.999000	7.24218277
880.999000	-27.80196685
881.999000	-76.15847793
882.999000	62.44524223
883.999000	-53.25552893
884.999000	44.85350178
885.999000	-0.03956739
886.999000	88.57998458
887.999000	-13.09859986
888.999000	-4.80579707
889.999000	12.53367341
890.999000	1.00521871
891.999000	36.77707785
892.999000	-19.99458453
893.999000	-26.85674419
