# F(k,t) correlation function
# Reference time: 2209.000 ps
# lag_time_ps	F(k,t)
0.000000	540.18625701
1.000000	3.78139905
2.000000	5.83811340
3.000000	-15.41029688
4.000000	18.40172802
5.000000	36.15639033
6.000000	45.27943814
7.000000	-16.85284250
8.000000	138.37857297
9.000000	45.08358000
10.000000	-99.65917652
11.000000	57.30734274
12.000000	20.81406422
13.000000	20.68382451
14.000000	63.04835872
15.000000	23.22054162
16.000000	-40.48253396
17.000000	15.00888113
18.000000	1.16757168
19.000000	-33.45452573
20.000000	-1.34543562
21.000000	-19.45164606
22.000000	-47.21158987
23.000000	79.28433456
24.000000	20.99821068
25.000000	22.22742679
26.000000	-87.37019713
27.000000	-72.74018787
28.000000	-29.87164611
29.000000	51.74746491
30.000000	-49.87396813
31.000000	26.42404311
32.000000	-68.14297554
33.000000	-7.91296866
34.000000	-88.62616617
35.000000	31.34015963
36.000000	-72.46968738
37.000000	58.84948638
38.000000	-14.66151203
39.000000	45.17001773
40.000000	30.77541495
41.000000	-9.50661408
42.000000	19.40228762
43.000000	90.41550316
44.000000	-60.45876549
45.000000	-21.02381881
46.000000	-1.28645591
47.000000	-52.42351296
48.000000	40.06758316
49.000000	-18.90291645
50.000000	14.23288988
51.000000	62.11664779
52.000000	-15.30971614
53.000000	-16.76027955
54.000000	-60.38586284
55.000000	3.13789196
56.000000	41.11218025
57.000000	73.69215969
58.000000	43.87037221
59.000000	51.29924305
60.000000	-101.10799647
61.000000	42.64378620
62.000000	-19.59495906
63.000000	-7.33746546
64.000000	-77.83175571
65.000000	-1.82714084
66.000000	1.00743699
67.000000	-61.17575346
68.000000	42.69911602
69.000000	-87.63758429
70.000000	-15.63075870
71.000000	-57.03221494
72.000000	40.01706099
73.000000	-45.20680258
74.000000	45.55818247
75.000000	-10.66043207
76.000000	29.18701843
77.000000	-79.89155618
78.000000	-66.89341303
79.000000	-93.77195326
80.000000	-2.19321110
81.000000	-20.94428949
82.000000	75.96732014
83.000000	-128.22985004
84.000000	22.74020278
85.000000	4.91910768
86.000000	-98.08814242
87.000000	63.18747786
88.000000	-69.97771183
89.000000	-8.14773027
90.000000	31.20158498
91.000000	-23.54937055
