# F(k,t) correlation function
# Reference time: 2008.001 ps
# lag_time_ps	F(k,t)
0.000000	458.96123920
1.000000	7.03966213
2.000000	-32.64527500
3.000000	42.22107860
4.000000	51.09355074
5.000000	17.53004159
6.000000	67.03239094
7.000000	-4.67407682
8.000000	0.38606007
9.000000	-15.84467698
10.000000	-44.36278331
11.000000	0.96742925
12.000000	85.72539720
13.000000	16.73839340
14.000000	-81.80335751
15.000000	25.75461115
16.000000	10.09235417
17.000000	35.92760500
18.000000	66.29803275
19.000000	-14.63655204
20.000000	30.88999022
21.000000	33.25873822
22.000000	12.17336350
23.000000	-94.33078648
24.000000	-31.31045300
25.000000	52.53701331
26.000000	-88.81536633
27.000000	77.83257340
28.000000	-43.15475905
29.000000	14.70849254
30.000000	-15.27040432
31.000000	19.06043384
32.000000	-27.82193345
33.000000	62.92324329
34.000000	-7.53311539
35.000000	6.47150061
36.000000	16.42418952
37.000000	-9.60510555
38.000000	-60.41903836
39.999000	-17.47069474
40.999000	-36.42482629
41.999000	-49.15766837
42.999000	40.49743173
43.999000	58.08531562
44.999000	-30.65413026
45.999000	46.37274711
46.999000	-16.76342199
47.999000	-19.55200117
48.999000	-37.10528163
49.999000	-51.35776978
50.999000	-34.84264885
51.999000	-11.80680585
52.999000	20.29629117
53.999000	-41.01936763
54.999000	-53.71819064
55.999000	31.28464691
56.999000	-0.25158898
57.999000	-0.08770359
58.999000	68.31508242
59.999000	-105.45858229
60.999000	39.32805241
61.999000	-49.89827654
62.999000	38.75334495
63.999000	-2.42805037
64.999000	-144.55053187
65.999000	6.40048463
66.999000	-36.77027419
67.999000	19.11987600
68.999000	-11.27742714
69.999000	11.98396451
70.999000	40.40363110
71.999000	-8.02763663
72.999000	-0.51779619
73.999000	-19.67215339
74.999000	65.83205426
75.999000	-79.73044807
76.999000	41.48088397
77.999000	-7.83767736
78.999000	-8.49268596
79.999000	21.99915440
80.999000	-49.72583447
81.999000	55.65181804
82.999000	106.22206638
83.999000	-59.40763511
84.999000	93.79017326
85.999000	-17.02306293
86.999000	-7.33952030
87.999000	-48.40502260
88.999000	108.71353160
89.999000	37.35468713
90.999000	-61.87344102
91.999000	-11.75195528
92.999000	-2.26825253
93.999000	-40.53954088
94.999000	1.39099339
95.999000	57.06757539
96.999000	56.80106535
97.999000	-27.99066898
98.999000	-128.28977128
99.999000	-10.34934349
100.999000	28.10636114
101.999000	11.20952161
102.999000	-98.15917361
103.999000	-32.54267827
104.999000	-4.71082171
105.999000	16.21830790
106.999000	-44.31392910
107.999000	26.23441077
108.999000	-19.55285516
109.999000	17.17370894
110.999000	-20.41785581
111.999000	-44.13529764
112.999000	32.18025614
113.999000	13.77997614
114.999000	-61.31261277
115.999000	25.96467620
116.999000	-69.08676455
117.999000	3.46615805
118.999000	5.97870766
119.999000	-0.25712927
120.999000	-29.26546959
121.999000	31.24942447
122.999000	67.54181753
123.999000	11.64485628
124.999000	10.20395574
125.999000	-38.48110666
126.999000	-92.38879922
127.999000	-37.22073921
128.999000	52.90445077
129.999000	49.39019220
130.999000	-31.27900964
131.999000	57.92668617
132.999000	21.20640229
133.999000	88.58220277
134.999000	-2.52351094
135.999000	-4.43488211
136.999000	4.81202800
137.999000	17.86040480
138.999000	-37.45977637
139.999000	50.68697496
140.999000	94.48906620
141.999000	9.43240259
142.999000	-69.21654260
143.999000	-3.43909239
144.999000	46.84297018
145.999000	-13.46967568
146.999000	-32.21633142
147.999000	-33.09589794
148.999000	-38.12184210
149.999000	-79.89821696
150.999000	-28.80874861
151.999000	-15.53100835
152.999000	50.77193391
153.999000	-18.46113253
154.999000	-17.70171688
155.999000	-117.04100756
156.999000	21.71648210
157.999000	-43.69606785
158.999000	-15.01143124
159.999000	-11.77748553
160.999000	-45.03161860
161.999000	-50.92564304
162.999000	7.74420783
163.999000	-9.31974174
164.999000	-76.68822124
165.999000	78.15786102
166.999000	48.07506047
167.999000	9.13661005
168.999000	-15.43982127
169.999000	-47.36895231
170.999000	0.98772928
171.999000	18.65774168
172.999000	-42.56287442
173.999000	-10.54038495
174.999000	33.21576855
175.999000	88.24826035
176.999000	0.82890064
177.999000	-33.19619329
178.999000	-49.47724952
179.999000	-15.11549435
180.999000	1.31547498
181.999000	-61.63260962
182.999000	-83.66951941
183.999000	7.10292852
184.999000	2.87286145
185.999000	-77.18761385
186.999000	27.96628440
187.999000	4.65438146
188.999000	-21.86218697
189.999000	20.22971942
190.999000	-28.80339735
191.999000	75.29664839
192.999000	-19.59968708
193.999000	5.91320919
194.999000	44.83844843
195.999000	-9.26008730
196.999000	-58.20277547
197.999000	-52.29299848
198.999000	30.21576441
199.999000	22.04689528
200.999000	-70.23663043
201.999000	21.93913251
202.999000	-21.42503738
203.999000	12.52794013
204.999000	-117.75681220
205.999000	-49.17674913
206.999000	-7.62369624
207.999000	-27.23757764
208.999000	-3.42416295
209.999000	-12.90626541
210.999000	-79.35487322
211.999000	-61.59666199
212.999000	29.21621057
213.999000	-15.91078511
214.999000	-7.80651472
215.999000	-19.32307347
216.999000	-46.36758449
217.999000	-32.80963767
218.999000	-49.20907845
219.999000	24.45291120
220.999000	-24.85363509
221.999000	75.72062967
222.999000	42.09368790
223.999000	13.62403798
224.999000	-55.64988050
225.999000	-104.35803601
226.999000	100.03232454
227.999000	64.70608531
228.999000	-55.43214385
229.999000	17.56072809
230.999000	36.55524285
231.999000	-35.05314088
232.999000	31.04826384
233.999000	-46.59354020
234.999000	22.27579116
235.999000	-3.38940531
236.999000	11.28460354
237.999000	-51.90000263
238.999000	-21.68834385
239.999000	38.90576001
240.999000	-7.66239280
241.999000	-19.20098481
242.999000	-64.80541772
243.999000	-57.46114212
244.999000	-75.39651021
245.999000	-37.83147719
246.999000	43.98522339
247.999000	-14.02170695
248.999000	-0.19963083
249.999000	49.23043266
250.999000	77.25731186
251.999000	64.70632477
252.999000	16.91761449
253.999000	45.32736468
254.999000	-25.03736915
255.999000	-61.12491948
256.999000	-1.08124818
257.999000	-26.66798091
258.999000	-13.76013362
259.999000	-106.45030420
260.999000	84.37763723
261.999000	-12.91619315
262.999000	105.81819223
263.999000	-60.52445156
264.999000	-23.86428223
265.999000	4.80235825
266.999000	41.10016272
267.999000	-52.88908562
268.999000	-8.93539728
269.999000	-94.68368280
270.999000	-19.15638275
271.999000	-48.74297640
272.999000	-11.70726244
273.999000	-53.49407516
274.999000	27.19004515
275.999000	-2.76249567
276.999000	-21.42109951
277.999000	-5.68347870
278.999000	-67.23520118
279.999000	41.91666765
280.999000	35.16175834
281.999000	108.24367923
282.999000	-101.84338303
283.999000	-39.63518404
284.999000	-29.63873958
285.999000	-86.36596608
286.999000	-27.81091299
287.999000	42.32722636
288.999000	-95.12813562
289.999000	-43.34659492
290.999000	-32.24586544
291.999000	-24.03577222
