# F(k,t) correlation function
# Reference time: 1004.001 ps
# lag_time_ps	F(k,t)
0.000000	532.69456164
1.000000	55.16171068
3.000000	84.70677003
5.000000	25.84060435
7.000000	-51.20809592
9.000000	-14.18261704
11.000000	43.74363519
13.000000	54.87302852
15.000000	10.71206193
17.000000	21.85425167
19.000000	61.88055421
21.000000	-141.46702417
23.000000	13.63563370
25.000000	-33.91688232
27.000000	-14.02687246
29.000000	112.78807409
31.000000	-15.52200004
33.000000	-28.30469592
35.000000	113.42722339
37.000000	-39.69822299
39.000000	-36.29742617
41.000000	-5.18579881
43.000000	-12.99835934
45.000000	-64.67422772
47.000000	12.40909817
49.000000	45.41753021
51.000000	61.65770463
53.000000	34.90041722
55.000000	66.88967741
57.000000	-35.10829093
59.000000	29.03042205
61.000000	-18.13329354
63.000000	-49.68730105
65.000000	0.49064945
67.000000	-47.04712070
69.000000	102.55434236
71.000000	-22.58386964
73.000000	-6.37783532
75.000000	-30.94854258
77.000000	53.94101794
79.000000	71.05271081
81.000000	-8.90426917
83.000000	-36.19756514
85.000000	-153.33786144
87.000000	92.78243154
89.000000	84.43128390
91.000000	-32.06384725
93.000000	-102.68966178
95.000000	-108.83358423
97.000000	42.02772461
99.000000	-44.38793139
101.000000	34.26110667
103.000000	-0.28830238
105.000000	6.86056833
107.000000	-1.07158431
109.000000	-44.56655544
111.000000	-88.05743332
113.000000	-16.63425015
115.000000	9.09067378
117.000000	-58.21892030
119.000000	77.69165950
121.000000	-14.04835590
123.000000	-8.21783827
125.000000	81.34850855
127.000000	-11.67094860
129.000000	-15.90751717
131.000000	-88.47493853
133.000000	45.46640511
135.000000	-115.01661670
137.000000	13.03627771
139.000000	23.63343220
141.000000	60.58007655
143.000000	-20.21250809
145.000000	73.09633645
147.000000	-17.28511620
149.000000	21.96875951
151.000000	21.95574815
153.000000	17.93257114
155.000000	-23.88171595
157.000000	-14.83444003
159.000000	-6.34417607
161.000000	-53.62345094
163.000000	-60.69823985
165.000000	17.00575197
167.000000	23.26363195
169.000000	-60.15767254
171.000000	-25.14988749
173.000000	55.12903887
175.000000	-2.83837885
177.000000	-0.70788615
179.000000	65.46843068
181.000000	45.61260603
183.000000	48.49764261
185.000000	33.93677575
187.000000	53.90516568
189.000000	-18.35046322
191.000000	16.18292697
193.000000	-132.06485426
195.000000	-3.81416339
197.000000	4.93831719
199.000000	-10.49454582
201.000000	58.95209145
203.000000	74.96409618
205.000000	76.86642162
207.000000	-46.16046937
209.000000	-107.89744420
211.000000	20.54403717
213.000000	25.07298514
215.000000	-1.82792752
217.000000	21.58628680
219.000000	39.54767817
221.000000	-20.52982681
223.000000	11.51318998
225.000000	120.43195037
227.000000	-34.52354622
229.000000	-33.84557107
231.000000	80.74657015
233.000000	-70.52176315
235.000000	33.70479339
237.000000	44.35955361
239.000000	-158.20401351
241.000000	2.52335677
243.000000	-60.33708070
245.000000	-53.59106122
247.000000	9.15065247
249.000000	-0.32051728
251.000000	40.80329435
253.000000	0.33817626
255.000000	54.98105954
257.000000	11.46065304
259.000000	-58.44768244
261.000000	-64.98405341
263.000000	13.31381250
265.000000	30.36731294
267.000000	31.07746576
269.000000	8.69261605
271.000000	-47.27925707
273.000000	40.09338001
275.000000	-111.30331193
277.000000	62.42186522
279.000000	-26.37769267
281.000000	-30.73247379
283.000000	-56.93174952
285.000000	-0.51814093
287.000000	-59.90786879
289.000000	-51.63399219
291.000000	-54.29300568
293.000000	6.96073117
295.000000	-69.71377180
297.000000	-54.45585515
299.000000	139.67952361
301.000000	-5.64432275
303.000000	-68.26216643
305.000000	-0.62141044
307.000000	10.91905646
309.000000	-46.52980822
311.000000	68.20406586
313.000000	-37.89369041
315.000000	23.71661348
317.000000	23.35538668
319.000000	76.00577258
321.000000	-10.09036885
323.000000	-53.15955257
325.000000	-14.38230343
327.000000	-20.63221186
329.000000	44.36791772
331.000000	-24.33973499
333.000000	-88.92272846
335.000000	-31.90452843
337.000000	19.28641297
339.000000	-33.19696103
341.000000	-18.21137104
343.000000	-44.43608631
345.000000	17.02982218
347.000000	26.51873171
349.000000	26.26092280
351.000000	-14.54550448
353.000000	32.76124298
355.000000	-39.53337094
357.000000	21.72784975
359.000000	-45.83471853
361.000000	-35.65965329
363.000000	-42.47896032
365.000000	88.51389620
367.000000	32.55309182
369.000000	60.42833459
371.000000	-32.00919768
373.000000	-4.94105577
375.000000	52.68115387
377.000000	37.23305833
379.000000	12.82757553
381.000000	-69.55872407
383.000000	-86.29304822
385.000000	4.05683444
387.000000	36.73625607
389.000000	141.34751895
391.000000	-20.66398027
393.000000	-43.61717270
395.000000	5.66691821
397.000000	26.66129796
399.000000	-64.88135099
401.000000	-61.96497846
403.000000	22.11313408
405.000000	8.51900868
407.000000	6.59583786
409.000000	-16.41465515
411.000000	-12.89878101
413.000000	-3.00761394
415.000000	47.03305953
417.000000	36.16442795
419.000000	20.49047882
421.000000	9.56384450
423.000000	25.71446792
425.000000	-19.85974193
427.000000	100.70496386
429.000000	-8.11185843
431.000000	-150.27701625
433.000000	-75.21099301
435.000000	165.40136237
437.000000	-45.76493750
439.000000	89.19354683
441.000000	21.35777656
443.000000	67.00982047
445.000000	3.00904797
447.000000	-20.58433086
449.000000	61.28986430
451.000000	67.55730891
453.000000	-29.15185559
455.000000	31.08601695
457.000000	-143.23315357
459.000000	25.33914031
461.000000	15.06488075
463.000000	-17.29378956
465.000000	-55.62479184
467.000000	23.99646429
469.000000	5.83771544
471.000000	-46.30134466
473.000000	135.11442527
475.000000	-14.54912671
477.000000	-28.12698262
479.000000	-41.73386689
481.000000	-58.25311976
483.000000	-2.11991525
485.000000	-88.35767725
487.000000	-63.27377506
489.000000	29.44624947
491.000000	12.70074411
493.000000	-12.08622632
495.000000	-59.81077159
497.000000	-68.52568336
499.000000	-116.04548054
501.000000	46.23007025
503.000000	94.82741263
505.000000	158.51252976
507.000000	-9.69231893
509.000000	-60.33039032
511.000000	-7.70717172
513.000000	-13.69558170
515.000000	115.18047564
517.000000	39.21596776
519.000000	-23.52135964
521.000000	-44.49939221
523.000000	73.55798462
525.000000	72.16022032
527.000000	5.11989576
529.000000	59.31367849
531.000000	-57.04704726
533.000000	-14.35263972
535.000000	51.20655420
537.000000	-23.27476766
539.000000	19.29278835
541.000000	-73.21404671
543.000000	8.37023629
545.000000	-90.24784664
547.000000	37.92645743
549.000000	-41.86873240
551.000000	30.97236294
553.000000	74.80332692
555.000000	8.46648351
557.000000	-34.90970807
559.000000	18.92023539
561.000000	31.74904831
563.000000	-94.35275367
565.000000	28.42316609
567.000000	29.27387965
569.000000	-57.92622557
571.000000	-15.68410641
573.000000	73.54048814
575.000000	37.90018242
577.000000	-36.91568968
579.000000	39.10674452
581.000000	-60.83862055
583.000000	-85.73877378
585.000000	-1.47086000
587.000000	-57.71509132
589.000000	32.03577300
591.000000	-4.39285530
593.000000	6.87403668
595.000000	-55.64024784
597.000000	-15.18590680
599.000000	-9.97920021
601.000000	17.11911440
603.000000	26.60102383
605.000000	121.38169225
607.000000	50.11573137
609.000000	-2.52270951
611.000000	13.71863617
613.000000	7.32005517
615.000000	-3.91367083
617.000000	-40.48704334
619.000000	-3.47514448
621.000000	13.03369480
623.000000	-65.81455967
625.000000	-4.84750622
627.000000	21.80301688
629.000000	49.83346508
631.000000	15.22928853
633.000000	35.40806650
635.000000	-33.27937289
637.000000	-131.42329535
639.000000	-42.08062516
641.000000	-1.47049461
643.000000	-58.04983105
645.000000	83.36024106
647.000000	-81.58293106
649.000000	-62.84292627
651.000000	-37.56587451
653.000000	-12.15266782
655.000000	5.86858808
657.000000	18.58610785
659.000000	-2.38651564
661.000000	91.35412191
663.000000	125.84668557
665.000000	-33.63171054
667.000000	19.49923082
669.000000	8.23118877
671.000000	-49.78577396
673.000000	-21.97964400
675.000000	-62.18269194
677.000000	132.17981780
679.000000	7.45665767
681.000000	-68.76409043
683.000000	-43.15424173
685.000000	-41.41799522
687.000000	70.93840706
689.000000	-105.13436229
691.000000	-21.71891731
693.000000	-39.13466553
695.000000	-57.31695053
697.000000	11.88338390
699.000000	-87.69560964
701.000000	49.09211196
703.000000	-65.21940675
705.000000	9.96178685
707.000000	42.17837792
709.000000	3.63728616
711.000000	48.11035980
713.000000	-61.40561739
715.000000	3.00320825
717.000000	-86.23867132
719.000000	9.56185954
721.000000	-105.61962163
723.000000	49.63008430
725.000000	-55.76798297
727.000000	-4.33804473
729.000000	5.74847787
731.000000	-23.59267554
733.000000	7.67393789
735.000000	-155.23323010
737.000000	15.32280868
739.000000	-74.02794723
741.000000	10.91821780
743.000000	-76.41003969
745.000000	63.77279589
747.000000	31.99473347
749.000000	10.52927586
751.000000	-83.25139200
753.000000	84.31544379
755.000000	-7.11651180
757.000000	110.97582918
759.000000	-1.38560525
761.000000	-68.77482329
763.000000	-90.41014388
765.000000	-35.70738507
767.000000	-58.71579856
769.000000	-92.68729214
771.000000	-22.99698655
773.000000	-47.15974012
775.000000	-34.69589138
777.000000	-6.55756278
779.000000	-3.07234079
781.000000	34.02345164
783.000000	-0.02067410
785.000000	-81.30357403
787.000000	36.61698299
789.000000	4.85600275
791.000000	50.58829426
793.000000	-18.67923897
795.000000	34.68136376
797.000000	-26.10754547
799.000000	-33.82460073
801.000000	24.83015691
803.000000	76.96015475
805.000000	-3.33745861
807.000000	-21.58347758
809.000000	-72.60156713
811.000000	-99.95902400
813.000000	25.47450735
815.000000	8.24450800
817.000000	-30.04098823
819.000000	62.43406198
821.000000	62.26796032
823.000000	11.18255411
825.000000	7.31081779
827.000000	52.72044715
829.000000	90.01451802
831.000000	-33.71804554
833.000000	0.74631948
835.000000	10.85375635
837.000000	-5.40037811
839.000000	-48.95251726
841.000000	45.25532291
843.000000	14.24544397
845.000000	82.92672705
846.000000	29.79949893
847.000000	101.26127370
848.000000	71.00134950
849.000000	5.20739269
850.000000	48.28594863
851.000000	34.72479642
852.000000	7.26388163
853.000000	18.84205560
854.000000	37.23756864
855.000000	13.55863884
856.000000	-49.09220427
857.000000	-55.29383626
858.000000	18.51895077
859.000000	142.89369901
860.000000	-26.72896310
861.000000	-72.11049725
862.000000	-19.10950939
863.000000	72.82293752
864.000000	86.02745288
865.000000	-27.21815398
866.000000	17.12842042
867.000000	44.80377518
868.000000	84.81485410
869.000000	71.56926646
870.000000	-1.19271457
871.000000	28.07838508
872.000000	65.26064877
873.000000	-1.15076601
874.000000	-22.98327544
875.000000	-0.43572942
876.000000	133.18114265
877.000000	-38.47758466
878.000000	22.35463933
879.000000	75.56132718
880.000000	-49.42002352
881.000000	95.81907107
882.000000	-88.46121559
883.000000	-25.42872914
884.000000	81.36366703
885.000000	46.94974215
886.000000	-51.01234216
887.000000	-13.26426965
888.000000	-67.62902150
889.000000	101.33979929
890.000000	-24.38995191
891.000000	17.03575882
892.000000	-103.43152032
893.000000	-63.91358560
894.000000	69.67035033
895.000000	46.17714453
896.000000	19.44803822
897.000000	30.00221721
898.000000	-34.83424848
899.000000	7.28566491
900.000000	19.43436815
901.000000	-55.16381786
902.000000	29.38966582
903.000000	-13.15475611
904.000000	146.64042562
905.000000	59.51910022
906.000000	-57.09517322
907.000000	70.90015307
908.000000	-25.50611467
909.000000	-51.45604349
910.000000	33.24042080
911.000000	28.93215909
912.000000	11.35323517
913.000000	-5.91640413
914.000000	-71.43270061
915.000000	-24.06057430
916.000000	25.00849846
917.000000	4.16997966
918.000000	-67.33541850
919.000000	-135.02908273
920.000000	-10.14432354
921.000000	26.08874566
922.000000	20.30542459
923.000000	-92.64079049
924.000000	76.54667834
925.000000	59.17495321
926.000000	-122.01712707
927.000000	25.23005300
928.000000	-4.20383439
929.000000	-5.46407685
930.000000	33.13326191
931.000000	-24.71727129
932.000000	-75.75673348
933.000000	46.77938631
934.000000	-42.71128192
935.000000	38.20712171
936.000000	-30.70100713
937.000000	59.85434390
938.000000	121.64861860
939.000000	58.67022108
940.000000	-6.76886406
941.000000	-1.48935066
942.000000	97.73382734
943.000000	-10.64087396
944.000000	9.75241414
945.000000	23.98348732
946.000000	95.78168867
947.000000	96.31240006
948.000000	14.62444294
949.000000	68.75562842
950.000000	-0.40326187
951.000000	-97.42270240
952.000000	1.45349986
953.000000	64.87695350
954.000000	-28.22484505
955.000000	23.04728483
956.000000	-25.05453409
957.000000	-29.46192446
958.000000	68.80635910
959.000000	-91.89854935
960.000000	12.27173060
961.000000	-2.93697115
962.000000	-11.10844473
963.000000	2.74365893
964.000000	78.81420371
965.000000	105.41124043
966.000000	55.58140835
967.000000	-7.17170606
968.000000	-55.76471594
969.000000	55.21069298
970.000000	108.76169220
971.000000	-72.79023456
972.000000	-38.93983834
973.000000	-70.83376692
974.000000	-41.89706358
975.000000	10.25309492
976.000000	-43.50937903
977.000000	50.67460674
978.000000	-67.91151695
979.000000	-29.67711505
980.000000	-44.86726192
981.000000	27.42452719
982.000000	-76.18962142
983.000000	-13.49559758
984.000000	64.03633343
985.000000	-131.23064879
986.000000	-81.90582824
987.000000	13.76721456
988.000000	122.90427020
989.000000	58.74811599
990.000000	137.00185117
991.000000	-33.00360302
992.000000	-10.23270505
993.000000	54.25602113
994.000000	50.73289438
995.000000	42.17193993
996.000000	-44.06192369
997.000000	7.73549248
998.000000	-39.92109504
999.000000	-55.05303878
1000.000000	-10.86846883
1001.000000	-63.42028511
1002.000000	-57.51735463
1003.000000	-19.70965335
1004.000000	115.27046956
1005.000000	4.23334125
1006.000000	11.18377326
1007.000000	-67.66278524
1008.000000	-123.84228387
1009.000000	24.04842074
1010.000000	-9.52102219
1011.000000	79.54903243
1012.000000	95.59908379
1013.000000	39.00792822
1014.000000	-44.84158848
1015.000000	-68.09560903
1016.000000	5.97637894
1017.000000	-99.40406640
1018.000000	2.77246517
1019.000000	-63.12718298
1020.000000	32.65323837
1021.000000	3.51049133
1022.000000	9.48604859
1023.000000	7.12173525
1024.000000	-47.71585010
1025.000000	16.21962716
1026.000000	94.10896806
1027.000000	-65.62425339
1028.000000	6.71190014
1029.000000	-24.86512476
1030.000000	-69.49107127
1031.000000	-17.66306608
1032.000000	-67.08726583
1033.000000	-31.24916320
1034.000000	-62.64945487
1035.000000	28.18369425
1036.000000	95.44273793
1037.000000	-2.60323245
1038.000000	11.28762987
1039.000000	17.67547981
1040.000000	29.43561634
1041.000000	62.93429474
1042.000000	-54.36665799
1043.999000	-34.24874634
1044.999000	48.95661881
1045.999000	-0.96623085
1046.999000	-13.85874794
1047.999000	-4.09644210
1048.999000	17.33194059
1049.999000	-7.80476735
1050.999000	-1.15470449
1051.999000	-9.38919396
1052.999000	-114.38455097
1053.999000	97.47640699
1054.999000	6.79898114
1055.999000	-142.21839628
1056.999000	-24.12366708
1057.999000	7.33145177
1058.999000	37.24842329
1059.999000	38.70930694
1060.999000	39.05491005
1061.999000	25.49504910
1062.999000	-20.38265026
1063.999000	9.58618879
1064.999000	-37.19726135
1065.999000	-2.30184569
1066.999000	21.95893355
1067.999000	-97.04421348
1068.999000	-39.51458371
1069.999000	-108.21168319
1070.999000	89.20721451
1071.999000	9.06505508
1072.999000	2.62580983
1073.999000	44.87751725
1074.999000	-26.36765350
1075.999000	70.14847415
1076.999000	-56.45905588
1077.999000	67.79801679
1078.999000	63.15369555
1079.999000	-86.13987174
1080.999000	28.18975601
1081.999000	-12.25177158
1082.999000	117.52861430
1083.999000	-10.62923124
1084.999000	74.02283925
1085.999000	84.39768760
1086.999000	46.89473761
1087.999000	17.14925342
1088.999000	137.67467663
1089.999000	-26.50417239
1090.999000	-11.44370200
1091.999000	63.18583189
1092.999000	60.38380475
1093.999000	72.64174962
1094.999000	-28.05445332
1095.999000	-11.97666391
1096.999000	46.92721160
1097.999000	-28.61379581
1098.999000	44.24432833
1099.999000	4.56889065
1100.999000	41.26734965
1101.999000	19.42575337
1102.999000	-59.80621254
1103.999000	61.67657741
1104.999000	-142.00726572
1105.999000	-21.04069498
1106.999000	-0.55648330
1107.999000	-43.46877770
1108.999000	31.55002409
1109.999000	-52.47833915
1110.999000	17.47576810
1111.999000	60.49724731
1112.999000	-81.49987185
1113.999000	2.58409223
1114.999000	-74.61991318
1115.999000	-7.83177941
1116.999000	-43.38692537
1117.999000	-61.09021617
1118.999000	-85.25648906
1119.999000	84.67770750
1120.999000	-68.88088588
1121.999000	31.99672295
1122.999000	-0.46490601
1123.999000	-18.51919769
1124.999000	-51.31295182
1125.999000	-13.64760777
1126.999000	-82.78320966
1127.999000	-43.94425877
1128.999000	-19.85767681
1129.999000	2.32312985
1130.999000	-23.67773699
1131.999000	-80.11828875
1132.999000	-22.41640050
1133.999000	195.38320654
1134.999000	24.47883422
1135.999000	-31.83323545
1136.999000	-19.43999887
1137.999000	-9.48476448
1138.999000	-17.74372706
1139.999000	53.85313287
1140.999000	10.10014240
1141.999000	24.03016613
1142.999000	17.01716348
1143.999000	0.01096360
1144.999000	5.62088010
1145.999000	40.48647420
1146.999000	58.29982498
1147.999000	86.30008175
1148.999000	25.36716219
1149.999000	1.00453415
1150.999000	-32.16766241
1151.999000	-41.43217611
1152.999000	-39.47448251
1153.999000	21.13346016
1154.999000	112.18950769
1155.999000	97.12812928
1156.999000	35.96924640
1157.999000	-13.23114274
1158.999000	95.74418366
1159.999000	-107.69813978
1160.999000	-11.43696410
1161.999000	-59.11461554
1162.999000	32.57728192
1163.999000	-16.30784609
1164.999000	-36.19041119
1165.999000	-26.44692659
1166.999000	74.46617520
1167.999000	20.34984696
1168.999000	-10.47749182
1169.999000	-76.39683801
1170.999000	-9.44760522
1171.999000	75.18689165
1172.999000	-40.18300375
1173.999000	19.72180025
1174.999000	-26.29636476
1175.999000	-1.41129497
1176.999000	-44.50775514
1177.999000	-173.05675976
1178.999000	55.92770933
1179.999000	65.76223431
1180.999000	55.56953318
1181.999000	17.36480182
1182.999000	16.08093995
1183.999000	29.06933760
1184.999000	-76.92742730
1185.999000	-35.79526788
1186.999000	-36.26959731
1187.999000	38.95290618
1188.999000	-14.47886587
1189.999000	90.49754150
1190.999000	58.08188529
1191.999000	114.21164437
1192.999000	88.63427510
1193.999000	-32.97774464
1194.999000	-51.63994054
1195.999000	39.18725114
1196.999000	29.71991003
1197.999000	51.50496079
1198.999000	-36.24250508
1199.999000	55.23851363
1200.999000	11.99276793
1201.999000	-33.83765014
1202.999000	-10.74410711
1203.999000	3.63073357
1204.999000	-30.67435715
1205.999000	-49.93996270
1206.999000	-9.97257282
1207.999000	-3.04112119
1208.999000	6.27237173
1209.999000	71.32526427
1210.999000	29.51587730
1211.999000	-13.02159754
1212.999000	96.96133880
1213.999000	-12.97038239
1214.999000	34.19756625
1215.999000	-6.55416295
1216.999000	-21.67745737
1217.999000	16.82076676
1218.999000	33.05843466
1219.999000	-74.46186661
1220.999000	-6.20625518
1221.999000	-55.76453887
1222.999000	-11.17254843
1223.999000	37.02914657
1224.999000	-80.79880060
1225.999000	-3.31263388
1226.999000	21.70507329
1227.999000	-92.16946213
1228.999000	-5.15919743
1229.999000	67.73208082
1230.999000	9.75863617
1231.999000	39.86526102
1232.999000	4.47521257
1233.999000	-22.39370666
1234.999000	-36.95263776
1235.999000	70.75807072
1236.999000	-10.51075125
1237.999000	-17.97852111
1238.999000	1.45819214
1239.999000	-108.57389387
1240.999000	-26.59308920
1241.999000	-30.28622697
1242.999000	26.52865802
1243.999000	65.52940009
1244.999000	-26.44042872
1245.999000	57.68261406
1246.999000	31.91781260
1247.999000	-7.16345155
1248.999000	-34.73566220
1249.999000	-19.42732699
1250.999000	27.04751729
1251.999000	29.30237157
1252.999000	4.58888096
1253.999000	-17.51313719
1254.999000	62.43065370
1255.999000	-155.03327465
1256.999000	-18.29010771
1257.999000	43.37312783
1258.999000	92.22996716
1259.999000	108.95299387
1260.999000	-26.80265163
1261.999000	-5.27233904
1262.999000	20.91979440
1263.999000	26.03481998
1264.999000	-14.75299257
1265.999000	24.25043458
1266.999000	-19.70375116
1267.999000	49.98157125
1268.999000	-6.66946721
1269.999000	21.93674767
1270.999000	18.28981934
1271.999000	-75.93982541
1272.999000	75.22413887
1273.999000	-16.87645694
1274.999000	99.51162198
1275.999000	-38.63268383
1276.999000	-65.88836361
1277.999000	-35.35338245
1278.999000	61.44602825
1279.999000	41.83002544
1280.999000	-27.36578419
1281.999000	-8.84366735
1282.999000	-70.52757988
1283.999000	14.59085406
1284.999000	0.99687158
1285.999000	-105.76183776
1286.999000	27.44453159
1287.999000	64.38613893
1288.999000	59.05344210
1289.999000	56.28328639
1290.999000	-16.77968981
1291.999000	6.83480143
1292.999000	38.83690124
1293.999000	-31.81004748
1294.999000	88.24363626
1295.999000	28.79306836
