# F(k,t) correlation function
# Reference time: 200.001 ps
# lag_time_ps	F(k,t)
0.000000	508.14759994
1.000000	-27.16289128
3.000000	-58.23382545
5.000000	-12.19137516
7.000000	-96.80589707
9.000000	141.78652101
11.000000	-72.08788489
13.000000	-13.70766363
15.000000	-12.24322795
17.000000	-24.72494642
19.000000	23.21713469
21.000000	52.44821045
23.000000	-1.92029489
25.000000	-29.47221491
27.000000	-5.37430645
29.000000	31.46307050
31.000000	-42.43488666
33.000000	57.04054707
35.000000	-7.38965968
37.000000	89.62458828
39.000000	-7.41618982
41.000000	45.41892564
43.000000	60.28335243
45.000000	-107.05176295
47.000000	19.96906372
49.000000	-84.79397407
51.000000	23.40974328
53.000000	44.62523398
55.000000	165.62432354
57.000000	-60.74635560
59.000000	-7.17719162
61.000000	-2.81437353
63.000000	36.79513640
65.000000	42.59368942
67.000000	60.32390242
69.000000	104.73799851
71.000000	74.28090787
73.000000	-75.43445273
75.000000	16.30044775
77.000000	-27.54558399
79.000000	62.48655430
81.000000	-19.85846090
83.000000	-74.64873423
85.000000	-75.51000937
87.000000	24.14448788
89.000000	-18.10259975
91.000000	-110.33005690
93.000000	67.51048953
95.000000	1.45820748
97.000000	-85.97250846
99.000000	-84.85464833
101.000000	-69.33715155
103.000000	22.37241512
105.000000	-49.67954340
107.000000	22.83575278
109.000000	72.49962190
111.000000	-27.50485129
113.000000	38.24290966
115.000000	71.60021117
117.000000	73.79608100
119.000000	55.96986014
121.000000	8.79812607
123.000000	-55.89512838
125.000000	9.09212214
127.000000	40.59457986
129.000000	-37.10602988
131.000000	-39.60663204
133.000000	32.52496243
135.000000	-5.74025334
137.000000	-94.49250406
139.000000	-7.04126558
141.000000	108.33469715
143.000000	-51.54980721
145.000000	-83.00736513
147.000000	-21.30916392
149.000000	-50.86873327
151.000000	28.10457283
153.000000	26.39549320
155.000000	81.78113577
157.000000	-23.76344885
159.000000	4.47047719
161.000000	59.22160723
163.000000	-31.37357473
165.000000	-1.72701470
167.000000	113.11597106
169.000000	43.76529564
171.000000	-23.50610842
173.000000	9.00508647
175.000000	19.08614640
177.000000	113.97190782
179.000000	-45.95508246
181.000000	11.79955889
183.000000	55.35964503
185.000000	18.47733902
187.000000	54.97756180
189.000000	-55.49287078
191.000000	53.74879699
193.000000	49.38427388
195.000000	-4.70791970
197.000000	29.49731408
199.000000	46.61713574
201.000000	-30.03273610
203.000000	-39.38900407
205.000000	27.99544418
207.000000	-39.16165493
209.000000	78.83364863
211.000000	18.42864996
213.000000	-61.18818318
215.000000	-55.23833846
217.000000	110.92621817
219.000000	-2.79063023
221.000000	-25.61782418
223.000000	12.00998887
225.000000	-6.82499932
227.000000	18.24629569
229.000000	-0.31697124
231.000000	-71.16872453
233.000000	-15.67904930
235.000000	-73.79071255
237.000000	49.91693063
239.000000	23.66133464
241.000000	-5.23800971
243.000000	-150.73530492
245.000000	1.40896333
247.000000	-47.91033688
249.000000	-84.88649899
251.000000	-5.75660604
253.000000	-39.17040912
255.000000	-9.70622115
257.000000	25.51014336
259.000000	44.86858790
261.000000	-95.68823496
263.000000	-0.22178842
265.000000	-116.69003355
267.000000	-37.65136487
269.000000	1.10011242
271.000000	-59.54174880
273.000000	-88.75962873
275.000000	-15.74293227
277.000000	14.75595755
279.000000	-41.89208656
281.000000	49.31467591
283.000000	2.49792681
285.000000	-23.10514356
287.000000	2.26882239
289.000000	81.85220377
291.000000	-80.97195049
293.000000	12.99015203
295.000000	-12.35050149
297.000000	-15.25342008
299.000000	20.41359102
301.000000	-108.90372177
303.000000	40.35418930
305.000000	-1.46726367
307.000000	-54.49093602
309.000000	94.45061888
311.000000	-86.80712036
313.000000	-5.14754059
315.000000	66.72642561
317.000000	46.85823093
319.000000	11.36944312
321.000000	11.98724035
323.000000	27.37832292
325.000000	-52.37710401
327.000000	-31.58204416
329.000000	-4.92565335
331.000000	-82.39961896
333.000000	-24.37092876
335.000000	-26.22267331
337.000000	-31.31432160
339.000000	-26.98397604
341.000000	14.39372969
343.000000	24.16658667
345.000000	-20.28143857
347.000000	-25.45686936
349.000000	27.59340185
351.000000	41.51445499
353.000000	79.83124059
355.000000	4.03587077
357.000000	-8.96314279
359.000000	-8.63937084
361.000000	31.48593658
363.000000	-110.36205094
365.000000	-106.32099646
367.000000	16.25687780
369.000000	-10.30525937
371.000000	83.75572018
373.000000	7.19408774
375.000000	41.88435899
377.000000	-69.72639334
379.000000	56.42813507
381.000000	-30.92078277
383.000000	7.39241726
385.000000	-21.32903257
387.000000	6.72208113
389.000000	-50.05392638
391.000000	11.74898252
393.000000	43.99206437
395.000000	56.14763975
397.000000	44.53561775
399.000000	-61.60898711
401.000000	26.99197528
403.000000	-70.31466922
405.000000	7.47438127
407.000000	10.71392890
409.000000	-100.49103133
411.000000	23.90289071
413.000000	-44.56029032
415.000000	13.74210369
417.000000	25.00392845
419.000000	48.23489258
421.000000	38.56062121
423.000000	-41.71222427
425.000000	-37.11653281
427.000000	-79.91649295
429.000000	38.99649429
431.000000	116.52687103
433.000000	63.51585552
435.000000	51.83956904
437.000000	160.54588753
439.000000	54.25889977
441.000000	-11.56819033
443.000000	-11.52257697
445.000000	26.36441004
447.000000	-23.77587231
449.000000	-30.12115517
451.000000	-34.33743263
453.000000	94.29565802
455.000000	53.41486871
457.000000	-85.53059658
459.000000	-112.47155335
461.000000	-22.43601809
463.000000	9.42346935
465.000000	19.20788035
467.000000	-39.89245682
469.000000	-45.69991598
471.000000	16.88410256
473.000000	-46.96442127
475.000000	49.94939611
477.000000	7.05894704
479.000000	-81.59420346
481.000000	-3.45737929
483.000000	-30.06297211
485.000000	-81.83865759
487.000000	-84.91246295
489.000000	63.68595515
491.000000	26.68502297
493.000000	-90.85864767
495.000000	-11.92388628
497.000000	-93.01648407
499.000000	-25.61021901
501.000000	-10.58098351
503.000000	-147.65960809
505.000000	20.71242205
507.000000	52.92586275
509.000000	80.09833781
511.000000	-11.29570745
513.000000	44.21107568
515.000000	18.97524978
517.000000	-31.82318581
519.000000	-32.84900201
521.000000	82.44085586
523.000000	7.66419263
525.000000	-26.30444994
527.000000	-31.68169552
529.000000	27.03833987
531.000000	-29.10462663
533.000000	17.93993685
535.000000	-10.00292011
537.000000	148.50191049
539.000000	15.49377123
541.000000	-110.96031239
543.000000	54.63210553
545.000000	-100.51606943
547.000000	10.97727977
549.000000	-25.30248474
551.000000	101.65578160
553.000000	130.43436668
555.000000	38.57399901
557.000000	-79.32916571
559.000000	26.27274085
561.000000	-80.05701030
563.000000	58.00558700
565.000000	-146.27061173
567.000000	-46.22907470
569.000000	-28.37567880
571.000000	-7.03292112
573.000000	-99.40922931
575.000000	39.71277136
577.000000	0.21203473
579.000000	-13.13664192
581.000000	42.63118854
583.000000	-7.91329872
585.000000	14.03416879
587.000000	17.78642419
589.000000	-89.18448441
591.000000	-9.58510739
593.000000	-76.62918146
595.000000	-63.19311455
597.000000	83.76786960
599.000000	-48.93924701
601.000000	23.39863930
603.000000	-136.42607922
605.000000	39.77489786
607.000000	3.14713123
609.000000	3.19216453
611.000000	102.31831691
613.000000	11.10491663
615.000000	-6.11704108
617.000000	-51.22367206
619.000000	84.22071683
621.000000	-7.17371726
623.000000	-102.91452497
625.000000	-67.68896927
627.000000	90.84499144
629.000000	19.54053947
631.000000	-28.34846140
633.000000	-9.58208700
635.000000	-15.97957636
637.000000	-21.85433599
639.000000	-37.57873046
641.000000	65.27883535
643.000000	94.55007099
645.000000	12.13875822
647.000000	63.20032200
649.000000	35.97353398
651.000000	57.69182212
653.000000	-42.24678673
655.000000	-36.27751343
657.000000	-4.85733558
659.000000	98.07935037
661.000000	-9.68597661
663.000000	-29.47116392
665.000000	36.94872943
667.000000	79.39812127
669.000000	-111.60309358
671.000000	-40.37094442
673.000000	39.67903006
675.000000	80.99678429
677.000000	-47.09236115
679.000000	45.05639488
681.000000	39.04792649
683.000000	26.10326959
685.000000	-31.02694567
687.000000	-1.02831039
689.000000	32.32942267
691.000000	15.38284005
693.000000	-86.31849263
695.000000	-29.11050585
697.000000	42.82425760
699.000000	-30.39433123
701.000000	2.29509096
703.000000	32.63129516
705.000000	40.54445364
707.000000	13.09126131
709.000000	-69.02837498
711.000000	48.06646519
713.000000	46.98248867
715.000000	84.03696004
717.000000	-97.86921479
719.000000	-30.26881703
721.000000	-35.83954717
723.000000	2.72552578
725.000000	26.63510423
727.000000	40.28014390
729.000000	-58.98017438
731.000000	-11.21842844
733.000000	32.78594476
735.000000	27.61680561
737.000000	-49.92665220
739.000000	125.97093325
741.000000	-10.88299813
743.000000	20.84843690
745.000000	-51.98275273
747.000000	-53.84946708
749.000000	-65.61218170
751.000000	-43.65879108
753.000000	37.28656935
755.000000	67.19475476
757.000000	82.23989201
759.000000	50.95201487
761.000000	47.11343224
763.000000	-24.67753983
765.000000	76.78092327
767.000000	-81.02952946
769.000000	126.91775652
771.000000	93.95799845
773.000000	-42.66525572
775.000000	10.34907221
777.000000	5.19769790
779.000000	85.00905607
781.000000	-21.09417007
783.000000	-24.32397361
785.000000	18.94774785
787.000000	113.17313080
789.000000	75.76171352
791.000000	-1.35942261
793.000000	-18.40553753
795.000000	-3.60337097
797.000000	-52.48907210
799.000000	-68.06137011
801.000000	-8.17044164
803.000000	-82.61068424
805.000000	55.41224958
807.000000	56.77795160
809.000000	54.28475701
811.000000	5.99640927
813.000000	-55.41323000
815.000000	-45.97128056
817.000000	59.84366813
819.000000	28.77508860
821.000000	-23.52684891
823.000000	-75.80004976
825.000000	136.47742847
827.000000	27.53436847
829.000000	1.05201599
831.000000	-0.61149907
833.000000	95.23866582
835.000000	50.29497273
837.000000	61.45768412
839.000000	18.46074634
841.000000	27.76750790
843.000000	-59.86361946
845.000000	11.24459034
847.000000	38.77334767
849.000000	-35.04124931
851.000000	-7.01506928
853.000000	-131.61724422
855.000000	-112.73335974
857.000000	-15.85924960
859.000000	0.78156470
861.000000	-12.84738613
863.000000	-11.97851439
865.000000	3.80142900
867.000000	30.88347395
869.000000	-24.20428460
871.000000	-13.06431277
873.000000	-20.00888986
875.000000	44.00440657
877.000000	28.24489865
879.000000	-69.62446579
881.000000	-14.27005347
883.000000	22.02809316
885.000000	-66.41495315
887.000000	-14.44412770
889.000000	-41.43271697
891.000000	12.40797146
893.000000	6.27341540
895.000000	61.45817573
897.000000	5.30087678
899.000000	17.06149045
901.000000	-79.68285854
903.000000	45.08030752
905.000000	20.85325780
907.000000	-107.01680159
909.000000	11.86075466
911.000000	-58.43621722
913.000000	44.66567087
915.000000	-22.35752608
917.000000	-93.66883976
919.000000	18.38626637
921.000000	40.92372848
923.000000	1.63460260
925.000000	36.15494993
927.000000	-71.90410573
929.000000	26.73420077
931.000000	34.48805215
933.000000	9.39234092
935.000000	46.43280152
937.000000	32.74726375
939.000000	-21.24944526
941.000000	-97.99958485
943.000000	36.57572735
945.000000	-19.31260179
947.000000	57.49853565
949.000000	-40.59602185
951.000000	-43.53444109
953.000000	-59.83721782
955.000000	49.20725449
957.000000	23.87669483
959.000000	-19.46768703
961.000000	-7.55821585
963.000000	18.63380967
965.000000	12.61616381
967.000000	5.05764642
969.000000	90.16607801
971.000000	-51.97621686
973.000000	-42.09322872
975.000000	-34.72134418
977.000000	-19.68655728
979.000000	-35.13110435
981.000000	-48.56823793
983.000000	20.05147171
985.000000	123.88299185
987.000000	-40.90042366
989.000000	76.64200260
991.000000	23.57213283
993.000000	21.33903840
995.000000	-23.92169389
997.000000	-58.72456590
999.000000	37.78786094
1001.000000	-36.52744619
1003.000000	-98.38060501
1005.000000	-137.38110322
1007.000000	-15.30779832
1009.000000	-57.87155371
1011.000000	-21.12525257
1013.000000	-54.44001541
1015.000000	-47.62539631
1017.000000	16.79153694
1019.000000	-39.03203138
1021.000000	-44.62957343
1023.000000	-38.53637337
1025.000000	31.86710606
1027.000000	23.45270653
1029.000000	-62.42187814
1031.000000	51.92726200
1033.000000	0.23111187
1035.000000	104.90671814
1037.000000	-29.00793252
1039.000000	-89.06031771
1041.000000	38.59143039
1043.000000	32.39746359
1045.000000	-62.26406213
1047.000000	20.17491302
1049.000000	-133.05077944
1051.000000	-8.92518794
1053.000000	-69.55054651
1055.000000	-1.07053279
1057.000000	35.79488029
1059.000000	95.88148843
1061.000000	-39.49614741
1063.000000	-82.97618868
1065.000000	-12.47641741
1067.000000	-44.49912202
1069.000000	30.19170050
1071.000000	125.49802919
1073.000000	59.49643726
1075.000000	-2.76077354
1077.000000	46.90248762
1079.000000	3.20954977
1081.000000	116.30419954
1083.000000	26.91622527
1085.000000	-77.50224826
1087.000000	34.04341332
1089.000000	15.42183165
1091.000000	36.33055498
1093.000000	4.46620899
1095.000000	-15.24012117
1097.000000	77.65381392
1099.000000	-22.70944825
1101.000000	33.88189937
1103.000000	-50.61498309
1105.000000	1.53948129
1107.000000	-25.57385068
1109.000000	-12.28554964
1111.000000	24.83642851
1113.000000	26.68129660
1115.000000	22.39489165
1117.000000	32.83367472
1119.000000	72.53587954
1121.000000	-35.86486376
1123.000000	-6.21873218
1125.000000	16.10450469
1127.000000	55.65607718
1129.000000	-68.80328448
1131.000000	64.88705581
1133.000000	3.23665722
1135.000000	57.96229686
1137.000000	-3.06462626
1139.000000	17.85840068
1141.000000	-41.04318452
1143.000000	-19.36405708
1145.000000	82.52951225
1147.000000	47.96815256
1149.000000	-17.33819358
1151.000000	-18.12520674
1153.000000	96.01851229
1155.000000	-11.91311933
1157.000000	-54.10019693
1159.000000	37.20744168
1161.000000	-42.54216088
1163.000000	18.47562864
1165.000000	-4.65920807
1167.000000	0.11559280
1169.000000	16.40685051
1171.000000	-45.78329662
1173.000000	8.75043137
1175.000000	41.50431750
1177.000000	-64.22198904
1179.000000	-12.46832588
1181.000000	-6.52321129
1183.000000	-36.64282090
1185.000000	11.89704969
1187.000000	97.63911975
1189.000000	-49.97582658
1191.000000	34.80077924
1193.000000	-49.63646087
1195.000000	71.42826949
1197.000000	-22.88578000
1199.000000	26.00995442
1201.000000	11.20996173
1203.000000	1.97754471
1205.000000	30.74841156
1207.000000	-88.36473183
1209.000000	-60.79176381
1211.000000	54.43618824
1213.000000	30.41958200
1215.000000	11.69125021
1217.000000	0.22590328
1219.000000	71.42541387
1221.000000	9.03494298
1223.000000	-34.59518899
1225.000000	73.17352535
1227.000000	-21.56691964
1229.000000	73.98545373
1231.000000	43.87339592
1233.000000	41.68211075
1235.000000	-16.53859776
1237.000000	28.93163112
1239.000000	-79.36586992
1241.000000	-16.67366674
1243.000000	-51.70082477
1245.000000	-90.48575981
1247.000000	-19.76890488
1249.000000	-61.18168916
1251.000000	82.26447541
1253.000000	-62.07077088
1255.000000	50.08419419
1257.000000	63.90449873
1259.000000	-48.84966567
1261.000000	-74.45743782
1263.000000	4.23192387
1265.000000	5.34551238
1267.000000	22.51167738
1269.000000	77.28004321
1271.000000	11.80655043
1273.000000	62.39466526
1275.000000	45.97512537
1277.000000	-22.16003492
1279.000000	-79.51796921
1281.000000	-31.16699044
1283.000000	-35.84266337
1285.000000	75.48195228
1287.000000	32.19055442
1289.000000	25.91269139
1291.000000	156.12679428
1293.000000	36.31467493
1295.000000	-53.62568598
1297.000000	0.97289674
1299.000000	-72.39689253
1301.000000	42.11378246
1303.000000	19.58322744
1305.000000	56.44539695
1307.000000	-3.44421977
1309.000000	-85.96975165
1311.000000	-3.56319492
1313.000000	-61.29598721
1315.000000	-2.28129866
1317.000000	-73.96698690
1319.000000	-65.84406049
1321.000000	22.09429768
1323.000000	71.02728036
1325.000000	23.19275140
1327.000000	-84.39975437
1329.000000	-7.54820050
1331.000000	-23.30964212
1333.000000	-13.24358999
1335.000000	48.49828899
1337.000000	-30.86148821
1339.000000	-21.41464390
1341.000000	67.32888203
1343.000000	89.31246249
1345.000000	-1.01064178
1347.000000	-1.26120322
1349.000000	4.53527397
1351.000000	182.90747696
1353.000000	55.71615259
1355.000000	-18.06620938
1357.000000	-79.16547365
1359.000000	29.03122981
1361.000000	-18.68870431
1363.000000	87.18248496
1365.000000	-46.63463590
1367.000000	-27.27249954
1369.000000	58.72373111
1371.000000	-35.32314447
1373.000000	-53.07298113
1375.000000	53.94355873
1377.000000	59.08207815
1379.000000	63.85096364
1381.000000	-22.42997897
1383.000000	-60.51289860
1385.000000	-8.53816335
1387.000000	-34.23444803
1389.000000	-35.71002745
1391.000000	-115.58625242
1393.000000	-29.38615048
1395.000000	15.37970303
1397.000000	-57.75371332
1399.000000	-39.22543712
1401.000000	0.43023094
1403.000000	90.10426281
1405.000000	-15.13316569
1407.000000	-19.78983422
1409.000000	-70.73330123
1411.000000	-13.54508649
1413.000000	26.18527458
1415.000000	24.37475375
1417.000000	105.43102308
1419.000000	-12.35853856
1421.000000	-38.82111231
1423.000000	14.64299314
1425.000000	-41.10634393
1427.000000	40.04465732
1429.000000	-15.30331648
1431.000000	53.33877371
1433.000000	-76.38544195
1435.000000	20.21532317
1437.000000	-59.61767128
1439.000000	27.08247253
1441.000000	26.99365836
1443.000000	28.21093750
1445.000000	7.90856279
1447.000000	-66.02608772
1449.000000	-31.74118275
1451.000000	27.03729795
1453.000000	-76.19484312
1455.000000	55.81174035
1457.000000	91.10428641
1459.000000	20.71097899
1461.000000	-4.87962325
1463.000000	132.56687621
1465.000000	-26.53923137
1467.000000	-57.02928097
1469.000000	41.17398385
1471.000000	39.87957917
1473.000000	-38.14235915
1475.000000	17.08504385
1477.000000	141.62184473
1479.000000	-24.65961606
1481.000000	39.70560885
1483.000000	-10.96598090
1485.000000	52.06217740
1487.000000	-23.14196267
1489.000000	33.46472823
1491.000000	85.70504420
1493.000000	5.98242869
1495.000000	-124.70564670
1497.000000	-8.03388693
1499.000000	-33.30699312
1501.000000	-18.81604307
1503.000000	-19.42769166
1505.000000	-17.04257510
1507.000000	-73.69398910
1509.000000	-116.84505655
1511.000000	-60.76521818
1513.000000	37.74558232
1515.000000	27.21411896
1517.000000	-19.76613007
1519.000000	-85.55516057
1521.000000	11.85205529
1523.000000	-34.26356881
1525.000000	-57.89520806
1527.000000	42.50354329
1529.000000	29.18542408
1531.000000	6.93911765
1533.000000	61.97353600
1535.000000	18.55280010
1537.000000	-11.92145836
1539.000000	-77.76468092
1541.000000	12.53203968
1543.000000	-67.14277989
1545.000000	20.69729554
1547.000000	39.32114974
1549.000000	88.70118846
1551.000000	-49.10650783
1553.000000	-72.09790774
1555.000000	-52.36380939
1557.000000	-21.65246539
1559.000000	-33.12804221
1561.000000	-35.01749533
1563.000000	41.62767785
1565.000000	-47.87912780
1567.000000	42.07698283
1569.000000	7.89603243
1571.000000	-47.18529160
1573.000000	-112.91719813
1575.000000	-61.10636222
1577.000000	-38.00800834
1579.000000	-42.16510665
1581.000000	77.42945053
1583.000000	-93.73190988
1585.000000	-42.75499086
1587.000000	-22.93764531
1589.000000	-17.12879213
1591.000000	46.74770266
1593.000000	16.48266595
1595.000000	10.78796547
1597.000000	8.52179716
1599.000000	59.96182119
1601.000000	93.85317012
1603.000000	-17.61425495
1605.000000	47.06064654
1607.000000	30.66219443
1609.000000	12.00230656
1611.000000	21.10357983
1613.000000	11.48131807
1615.000000	-6.15190420
1617.000000	-51.02768587
1619.000000	0.03979026
1621.000000	20.41604009
1623.000000	49.01540681
1625.000000	22.16694768
1627.000000	-116.39607883
1629.000000	32.75051924
1631.000000	-45.05531785
1633.000000	34.82921156
1635.000000	63.19964557
1637.000000	-16.68056089
1639.000000	69.72754853
1641.000000	10.54480427
1643.000000	-39.58285415
1645.000000	-128.12159092
1647.000000	69.02300335
1649.000000	-71.71549665
1650.000000	-16.11926818
1651.000000	-114.11508224
1652.000000	-31.27690975
1653.000000	45.85479067
1654.000000	-28.93436420
1655.000000	6.20571336
1656.000000	-37.69257569
1657.000000	-13.39189811
1658.000000	-149.44642386
1659.000000	64.75740606
1660.000000	83.28953476
1661.000000	35.44923435
1662.000000	-22.13553598
1663.000000	-56.29058925
1664.000000	-32.45132513
1665.000000	23.66833605
1666.000000	-12.17984899
1667.000000	24.47924313
1668.000000	-51.64399816
1669.000000	4.45909765
1670.000000	-55.52181268
1671.000000	-13.92391183
1672.000000	24.72571202
1673.000000	1.27315217
1674.000000	-26.44530247
1675.000000	92.59435724
1676.000000	-66.56812767
1677.000000	-124.71518920
1678.000000	-20.15130061
1679.000000	-53.45889613
1680.000000	-83.72700577
1681.000000	2.27718111
1682.000000	54.42104839
1683.000000	12.79696213
1684.000000	8.73133586
1685.000000	55.12573047
1686.000000	12.96278511
1687.000000	0.90411948
1688.000000	-86.72569922
1689.000000	-93.97262867
1690.000000	24.31532584
1691.000000	45.82223277
1692.000000	68.72417577
1693.000000	43.79826306
1694.000000	25.28658648
1695.000000	-13.97584460
1696.000000	-14.44274709
1697.000000	45.97375182
1698.000000	85.39955949
1699.000000	-28.76100335
1700.000000	43.89142975
1701.000000	10.11515679
1702.000000	-49.49182108
1703.000000	107.99798944
1704.000000	2.44509203
1705.000000	56.47047986
1706.000000	86.30466658
1707.000000	-17.16756169
1708.000000	-42.31399725
1709.000000	0.04540773
1710.000000	-49.97158313
1711.000000	-28.80805870
1712.000000	-71.44009635
1713.000000	36.31353931
1714.000000	31.34454748
1715.000000	-62.61306613
1716.000000	-44.20043736
1717.000000	35.42800094
1718.000000	-10.59692736
1719.000000	-28.47418645
1720.000000	-22.51158398
1721.000000	10.21690641
1722.000000	-1.06217943
1723.000000	35.84668908
1724.000000	-33.45803221
1725.000000	17.57638095
1726.000000	-4.79085365
1727.000000	9.79991704
1728.000000	-3.65484399
1729.000000	52.92509610
1730.000000	-52.23703764
1731.000000	30.03816895
1732.000000	-8.49411631
1733.000000	37.09568597
1734.000000	32.37628953
1735.000000	-17.50483235
1736.000000	23.45553435
1737.000000	-23.47271065
1738.000000	-22.72762036
1739.000000	10.74601865
1740.000000	-1.04043974
1741.000000	34.48787739
1742.000000	19.61989779
1743.000000	18.27763796
1744.000000	118.42490484
1745.000000	-43.79050809
1746.000000	-30.87479518
1747.000000	49.11223234
1748.000000	77.32284667
1749.000000	-76.26390604
1750.000000	46.95524182
1751.000000	-16.05802438
1752.000000	-61.62315596
1753.000000	15.90994328
1754.000000	18.85314148
1755.000000	4.60068383
1756.000000	-1.98621089
1757.000000	28.44418618
1758.000000	79.34000667
1759.000000	7.34534034
1760.000000	14.86430162
1761.000000	2.53510590
1762.000000	2.44222998
1763.000000	-16.31368369
1764.000000	-12.67013167
1765.000000	-7.46939959
1766.000000	14.64927058
1767.000000	-78.09998762
1768.000000	90.39303849
1769.000000	-14.10899256
1770.000000	-22.92584390
1771.000000	8.35871000
1772.000000	-64.45030439
1773.000000	57.51260640
1774.000000	-17.83784361
1775.000000	-45.48263909
1776.000000	89.88416643
1777.000000	-3.01136447
1778.000000	50.97897896
1779.000000	36.46614939
1780.000000	-4.93853423
1781.000000	54.93965792
1782.000000	99.86429521
1783.000000	-44.08899230
1784.000000	32.54352165
1785.000000	4.07539477
1786.000000	35.26523020
1787.000000	128.32583825
1788.000000	5.99714514
1789.000000	3.63025102
1790.000000	-89.77659859
1791.000000	-77.84647549
1792.000000	45.39491158
1793.000000	10.53674650
1794.000000	4.61432378
1795.000000	35.14143280
1796.000000	76.70983794
1797.000000	43.50922033
1798.000000	7.99127390
1799.000000	-25.40962295
1800.000000	-44.79569946
1801.000000	3.74740130
1802.000000	-40.36340896
1803.000000	-71.19515364
1804.000000	8.47350873
1805.000000	-14.24632210
1806.000000	-80.44667806
1807.000000	6.80268455
1808.000000	9.57360057
1809.000000	6.70930438
1810.000000	15.75970457
1811.000000	-76.62823789
1812.000000	84.36757421
1813.000000	55.16961169
1814.000000	82.24266196
1815.000000	-20.61794662
1816.000000	19.84635556
1817.000000	82.57707213
1818.000000	75.09148865
1819.000000	-8.74668057
1820.000000	26.51923257
1821.000000	-7.49293753
1822.000000	34.28312076
1823.000000	85.30828408
1824.000000	3.28666123
1825.000000	-26.52396105
1826.000000	-9.97671328
1827.000000	-31.78209983
1828.000000	7.18391906
1829.000000	-67.46093498
1830.000000	-65.09760879
1831.000000	-28.86222658
1832.000000	-45.09991047
1833.000000	22.30365944
1834.000000	-38.40847337
1835.000000	70.68148525
1836.000000	-28.03589405
1837.000000	-31.92753120
1838.000000	-3.87737821
1839.000000	32.14993492
1840.000000	-4.37763633
1841.000000	29.76474801
1842.000000	53.74652313
1843.000000	-65.18926055
1844.000000	22.68201260
1845.000000	39.75694667
1846.000000	25.51554728
1847.999000	128.73035132
1848.999000	21.81585518
1849.999000	60.04234613
1850.999000	22.83257745
1851.999000	12.22608324
1852.999000	124.23077712
1853.999000	8.95897367
1854.999000	-89.84223440
1855.999000	6.96015447
1856.999000	-45.44114541
1857.999000	-83.46192377
1858.999000	-60.50224944
1859.999000	-16.82758795
1860.999000	30.51804599
1861.999000	25.78144131
1862.999000	67.96719551
1863.999000	-40.58877041
1864.999000	-17.48367286
1865.999000	60.61307233
1866.999000	-10.20786791
1867.999000	-18.59543059
1868.999000	13.12809124
1869.999000	23.56600470
1870.999000	-20.11405694
1871.999000	22.76945590
1872.999000	62.55934187
1873.999000	-7.17098531
1874.999000	-81.48277750
1875.999000	-18.38702717
1876.999000	102.70118072
1877.999000	-75.78853493
1878.999000	112.71460698
1879.999000	56.65405030
1880.999000	-11.63521808
1881.999000	18.16567372
1882.999000	114.57474488
1883.999000	-15.61438156
1884.999000	20.84328762
1885.999000	-37.55224926
1886.999000	-6.75290072
1887.999000	32.69986826
1888.999000	-83.99043730
1889.999000	-12.96356378
1890.999000	-78.24174004
1891.999000	100.61913698
1892.999000	-68.13232864
1893.999000	67.31045233
1894.999000	-7.60641172
1895.999000	-54.96560131
1896.999000	52.54740280
1897.999000	-69.70276061
1898.999000	-60.20464177
1899.999000	-18.39743526
1900.999000	-76.94947296
1901.999000	-69.08687402
1902.999000	58.79255078
1903.999000	-90.14240069
1904.999000	53.28869177
1905.999000	2.65185522
1906.999000	-12.05127045
1907.999000	-19.69851322
1908.999000	-7.42638210
1909.999000	44.50716574
1910.999000	37.17490685
1911.999000	-135.69238868
1912.999000	12.74607755
1913.999000	-23.37845879
1914.999000	19.85813620
1915.999000	-7.51881662
1916.999000	6.45147589
1917.999000	-38.34501153
1918.999000	3.78126676
1919.999000	-62.71963366
1920.999000	-31.85809353
1921.999000	-79.99846813
1922.999000	112.05812146
1923.999000	79.16858058
1924.999000	-46.56957029
1925.999000	55.30233493
1926.999000	42.11963913
1927.999000	-50.99114446
1928.999000	-27.52696024
1929.999000	-18.07968847
1930.999000	-24.43137937
1931.999000	-20.84142887
1932.999000	-35.55678183
1933.999000	-21.09578394
1934.999000	-30.99534399
1935.999000	-20.63325352
1936.999000	58.32723301
1937.999000	-0.60581609
1938.999000	-19.54617178
1939.999000	-1.37986615
1940.999000	-15.94147665
1941.999000	32.72733530
1942.999000	-74.30515391
1943.999000	72.42043322
1944.999000	36.46973577
1945.999000	48.84369857
1946.999000	-96.34140347
1947.999000	13.73881731
1948.999000	141.77641210
1949.999000	58.71568027
1950.999000	127.57531879
1951.999000	64.12955922
1952.999000	-22.57660467
1953.999000	49.13486011
1954.999000	-120.60675318
1955.999000	38.36423468
1956.999000	-8.35078438
1957.999000	72.65960821
1958.999000	73.80909421
1959.999000	-52.36830278
1960.999000	92.17866894
1961.999000	-41.90734088
1962.999000	2.30913354
1963.999000	1.57583982
1964.999000	-0.67941622
1965.999000	73.59739094
1966.999000	-46.28142582
1967.999000	103.31848268
1968.999000	43.38622118
1969.999000	-57.54937718
1970.999000	-49.88632494
1971.999000	28.91462088
1972.999000	71.24793164
1973.999000	-47.00629837
1974.999000	-44.26302809
1975.999000	-59.78855931
1976.999000	-19.98766642
1977.999000	-1.13270211
1978.999000	-60.63079321
1979.999000	32.57902485
1980.999000	-24.75266201
1981.999000	61.30118272
1982.999000	-41.97263943
1983.999000	26.88632880
1984.999000	3.86563560
1985.999000	-83.01674155
1986.999000	-19.28434422
1987.999000	-56.90890652
1988.999000	1.05907714
1989.999000	-33.13474248
1990.999000	-10.11790277
1991.999000	-8.51682515
1992.999000	32.02456096
1993.999000	-50.83450094
1994.999000	24.25435210
1995.999000	-32.89818038
1996.999000	41.54391478
1997.999000	-60.72818491
1998.999000	84.42858520
1999.999000	21.17803540
2000.999000	9.20247429
2001.999000	-114.14484255
2002.999000	-11.24884030
2003.999000	50.37824178
2004.999000	76.65956304
2005.999000	-9.59626702
2006.999000	-13.50324436
2007.999000	-78.30965165
2008.999000	-43.16505244
2009.999000	-55.70352317
2010.999000	-15.00219449
2011.999000	51.38635160
2012.999000	92.49544918
2013.999000	-68.70430930
2014.999000	-11.72896330
2015.999000	21.07767870
2016.999000	80.47868096
2017.999000	-20.29170521
2018.999000	114.29389745
2019.999000	60.60856312
2020.999000	-124.52953719
2021.999000	37.66892257
2022.999000	32.23146214
2023.999000	10.82042466
2024.999000	34.10793470
2025.999000	3.06166513
2026.999000	18.01297457
2027.999000	43.22985431
2028.999000	1.03244791
2029.999000	-52.66169320
2030.999000	62.05945242
2031.999000	-137.25922922
2032.999000	-78.36822289
2033.999000	-25.77519428
2034.999000	1.78967045
2035.999000	25.34167807
2036.999000	-23.19665060
2037.999000	18.49390716
2038.999000	-27.79437358
2039.999000	39.92112956
2040.999000	45.38047415
2041.999000	13.13406659
2042.999000	15.85834769
2043.999000	-87.29788084
2044.999000	75.95722021
2045.999000	27.48821802
2046.999000	17.87811418
2047.999000	28.67657868
2048.999000	76.40916151
2049.999000	-19.52409493
2050.999000	-35.00075762
2051.999000	-51.44545590
2052.999000	70.14731734
2053.999000	-83.36290152
2054.999000	-40.49881446
2055.999000	108.41576313
2056.999000	5.00390487
2057.999000	19.99701058
2058.999000	-41.04457453
2059.999000	29.43368359
2060.999000	-36.66626695
2061.999000	-31.71062369
2062.999000	96.10067263
2063.999000	36.54262188
2064.999000	-9.30638737
2065.999000	79.31956542
2066.999000	73.74359732
2067.999000	-138.48087654
2068.999000	91.60473355
2069.999000	23.31640969
2070.999000	73.16623060
2071.999000	12.02995512
2072.999000	43.27026683
2073.999000	33.57051498
2074.999000	-68.39588661
2075.999000	30.40728180
2076.999000	-15.01101765
2077.999000	-56.91727976
2078.999000	-83.97188575
2079.999000	-45.75653217
2080.999000	46.89417922
2081.999000	-62.50934621
2082.999000	25.00016083
2083.999000	88.57251845
2084.999000	59.77034566
2085.999000	33.02172737
2086.999000	14.60915022
2087.999000	43.63157414
2088.999000	11.08852588
2089.999000	18.65429519
2090.999000	-17.41502207
2091.999000	-42.77449749
2092.999000	52.42801191
2093.999000	20.07710587
2094.999000	-17.16720088
2095.999000	-38.60691606
2096.999000	94.91100209
2097.999000	-58.16795801
2098.999000	37.86577773
2099.999000	74.42036734
