# F(k,t) correlation function
# Reference time: 1004.001 ps
# lag_time_ps	F(k,t)
0.000000	534.11188625
1.000000	-29.32320330
3.000000	-61.56869844
5.000000	9.23505897
7.000000	35.36980920
9.000000	-29.70813651
11.000000	8.14324573
13.000000	41.97824848
15.000000	59.04346006
17.000000	32.34450825
19.000000	-70.78249749
21.000000	-22.84394720
23.000000	-114.09630467
25.000000	22.41215691
27.000000	-36.30575210
29.000000	-66.74482857
31.000000	-72.50940397
33.000000	-6.39005193
35.000000	-52.32226700
37.000000	-14.56346404
39.000000	92.54918314
41.000000	-37.02156657
43.000000	-39.53633372
45.000000	-12.46175578
47.000000	-4.13007399
49.000000	38.30985907
51.000000	82.70609415
53.000000	-7.59055538
55.000000	-54.11665899
57.000000	-40.86886082
59.000000	-2.28390748
61.000000	14.89435496
63.000000	20.88464228
65.000000	99.35183285
67.000000	88.38932299
69.000000	46.29445842
71.000000	-12.99370668
73.000000	7.06033837
75.000000	5.75597343
77.000000	77.12517005
79.000000	57.38917132
81.000000	73.98259540
83.000000	15.93740978
85.000000	26.71997441
87.000000	14.26047683
89.000000	103.75425663
91.000000	-58.97300896
93.000000	35.85489377
95.000000	23.46538319
97.000000	-43.68767589
99.000000	-9.89712198
101.000000	54.07130473
103.000000	104.09434434
105.000000	-28.65787677
107.000000	25.47080334
109.000000	57.82164303
111.000000	-26.80468249
113.000000	-3.07886566
115.000000	25.17464725
117.000000	128.38270233
119.000000	-14.94221275
121.000000	-3.10860280
123.000000	4.66790919
125.000000	-13.47423640
127.000000	-10.24218872
129.000000	-46.18085092
131.000000	-11.86881366
133.000000	64.52526372
135.000000	113.10798363
137.000000	220.56507737
139.000000	37.12210834
141.000000	-34.52315271
143.000000	8.32451156
145.000000	47.23087201
147.000000	23.84549279
149.000000	-59.40614561
151.000000	-43.97258814
153.000000	144.30603385
155.000000	-65.49574235
157.000000	28.45600790
159.000000	14.15178338
161.000000	58.24706132
163.000000	-68.20997520
165.000000	26.77032082
167.000000	22.41861615
169.000000	61.59766291
171.000000	-70.09633213
173.000000	34.65864577
175.000000	32.58190239
177.000000	-73.27806248
179.000000	-39.82874891
181.000000	-16.40596431
183.000000	119.21566986
185.000000	6.30502580
187.000000	17.79553044
189.000000	28.87138772
191.000000	-37.07142178
193.000000	6.50017662
195.000000	-8.02946317
197.000000	-7.00578275
199.000000	90.55980933
201.000000	111.28177327
203.000000	-84.32461811
205.000000	53.69686617
207.000000	-15.10316904
209.000000	55.03949138
211.000000	15.91387959
213.000000	-3.77582177
215.000000	-73.04308645
217.000000	-29.50519667
219.000000	-6.87472671
221.000000	46.90784425
223.000000	-15.15553545
225.000000	-4.86356949
227.000000	-11.43468093
229.000000	-35.62969553
231.000000	-5.49055959
233.000000	16.30578476
235.000000	26.99914717
237.000000	-71.44682515
239.000000	1.47096133
241.000000	43.48440755
243.000000	54.20066749
245.000000	31.59323056
247.000000	56.02661862
249.000000	76.53716628
251.000000	8.55389220
253.000000	-17.04962121
255.000000	-168.70840849
257.000000	-53.49208849
259.000000	-31.12293628
261.000000	-64.23696877
263.000000	-5.24143829
265.000000	41.89883632
267.000000	3.65468423
269.000000	16.04479395
271.000000	-54.98593121
273.000000	0.47377157
275.000000	37.13247868
277.000000	-25.03686896
279.000000	3.57660204
281.000000	-18.61558226
283.000000	61.80848582
285.000000	10.10110265
287.000000	32.52784465
289.000000	-22.53933041
291.000000	18.96306784
293.000000	-36.58300294
295.000000	28.35260853
297.000000	116.12915218
299.000000	54.93024842
301.000000	22.75631310
303.000000	27.93890453
305.000000	-9.70058875
307.000000	-20.99448476
309.000000	14.19459447
311.000000	34.88085913
313.000000	95.25646964
315.000000	4.22120204
317.000000	-54.36290896
319.000000	73.64856630
321.000000	-37.62164291
323.000000	-24.70756874
325.000000	23.31036738
327.000000	-95.85604913
329.000000	14.85215642
331.000000	-105.38414367
333.000000	-88.17448836
335.000000	106.79378038
337.000000	35.08377846
339.000000	-32.77654543
341.000000	9.36343706
343.000000	-8.47246144
345.000000	-45.31207772
347.000000	56.19191006
349.000000	-35.01938796
351.000000	48.65526520
353.000000	34.81529542
355.000000	0.04355498
357.000000	-51.58653158
359.000000	-67.79643587
361.000000	-108.76097598
363.000000	-48.62611326
365.000000	-20.18510793
367.000000	-12.84490668
369.000000	53.61161298
371.000000	1.92449853
373.000000	85.20807837
375.000000	34.46723977
377.000000	-24.46355576
379.000000	-16.76672029
381.000000	-63.17797516
383.000000	3.21798882
385.000000	18.12007923
387.000000	44.60722053
389.000000	-95.70199946
391.000000	122.49557239
393.000000	-69.46133713
395.000000	-28.14699647
397.000000	-21.54336330
399.000000	88.13853675
401.000000	-41.67818412
403.000000	63.60728255
405.000000	-63.16146655
407.000000	-158.79677353
409.000000	36.49560293
411.000000	-33.48673410
413.000000	-109.50134422
415.000000	94.09466882
417.000000	40.27692551
419.000000	11.60379573
421.000000	-49.87713098
423.000000	-37.80429776
425.000000	9.65246831
427.000000	-12.82062910
429.000000	-51.37149138
431.000000	83.55873705
433.000000	6.78341733
435.000000	11.25710794
437.000000	-53.70030964
439.000000	-20.27444303
441.000000	15.84228229
443.000000	-66.45614350
445.000000	38.02184778
447.000000	-28.38470871
449.000000	44.47119742
451.000000	-19.66356948
453.000000	53.12015475
455.000000	59.61956663
457.000000	-16.34279721
459.000000	-85.72460526
461.000000	17.00454519
463.000000	66.25019487
465.000000	0.74463509
467.000000	44.62116105
469.000000	-45.53557244
471.000000	-2.09186606
473.000000	-54.02601431
475.000000	-7.17738537
477.000000	-20.73086312
479.000000	62.88133255
481.000000	27.30277344
483.000000	-57.98459172
485.000000	2.81622546
487.000000	-10.68747558
489.000000	12.82556418
491.000000	-58.61549858
493.000000	-61.83302980
495.000000	22.87345077
497.000000	-24.06854059
499.000000	-108.20213138
501.000000	-15.45116703
503.000000	79.24269267
505.000000	20.73575702
507.000000	-12.47249626
509.000000	35.20451532
511.000000	53.90802341
513.000000	4.83365811
515.000000	-18.96439341
517.000000	-38.94464224
519.000000	-86.32094300
521.000000	26.32929164
523.000000	-74.25583662
525.000000	-11.81339620
527.000000	-14.41188598
529.000000	119.32078460
531.000000	56.90990374
533.000000	25.31361815
535.000000	-25.91405918
537.000000	76.61522680
539.000000	0.06646838
541.000000	1.20961330
543.000000	26.02100481
545.000000	39.47989688
547.000000	-39.05125286
549.000000	33.14877351
551.000000	-31.74949216
553.000000	-71.18664739
555.000000	-8.72322892
557.000000	29.13977392
559.000000	68.08414026
561.000000	-26.76464035
563.000000	57.54696996
565.000000	92.70617856
567.000000	-42.85226375
569.000000	10.93868662
571.000000	89.60945013
573.000000	11.68789251
575.000000	32.65616194
577.000000	-132.32361798
579.000000	39.89455440
581.000000	0.66428107
583.000000	-5.58915805
585.000000	-22.04647861
587.000000	-74.40488395
589.000000	-80.53495724
591.000000	-2.15297875
593.000000	13.16816968
595.000000	54.91866170
597.000000	89.02562404
599.000000	42.82239372
601.000000	-12.30223419
603.000000	75.04167093
605.000000	-78.77396357
607.000000	-96.18180740
609.000000	7.84512844
611.000000	-41.52103462
613.000000	-3.53754907
615.000000	-79.99881214
617.000000	19.28622802
619.000000	-70.11840314
621.000000	-23.63751399
623.000000	20.86670754
625.000000	-20.51607674
627.000000	46.60807939
629.000000	28.90971235
631.000000	-27.25060825
633.000000	-43.89821717
635.000000	24.14468114
637.000000	31.79708522
639.000000	24.29705639
641.000000	-32.12966872
643.000000	-79.99262973
645.000000	26.89884995
647.000000	84.87745773
649.000000	-28.96678928
651.000000	4.00696806
653.000000	7.24620648
655.000000	-67.10765798
657.000000	5.87233288
659.000000	-23.42337232
661.000000	-70.66514698
663.000000	56.39569843
665.000000	11.28885614
667.000000	-118.48069971
669.000000	14.08376837
671.000000	33.40238703
673.000000	-10.34292388
675.000000	47.47428855
677.000000	35.71697570
679.000000	6.00081383
681.000000	-13.89330902
683.000000	39.27220081
685.000000	-20.52630209
687.000000	30.24547968
689.000000	38.50080602
691.000000	59.58004506
693.000000	54.07108647
695.000000	0.50625184
697.000000	-15.47184429
699.000000	-76.71796761
701.000000	69.59514782
703.000000	-50.26917376
705.000000	-38.97468636
707.000000	-13.15835923
709.000000	-31.11997213
711.000000	22.39028615
713.000000	-34.82134784
715.000000	-4.57058739
717.000000	97.48520203
719.000000	30.56403896
721.000000	19.79991757
723.000000	36.32162255
725.000000	42.30358692
727.000000	-12.82521123
729.000000	42.49524055
731.000000	13.01262463
733.000000	-76.77033456
735.000000	-4.39736073
737.000000	43.99485126
739.000000	-60.55353800
741.000000	6.57539006
743.000000	56.02567378
745.000000	21.53122609
747.000000	28.95353709
749.000000	14.11722707
751.000000	-87.40008821
753.000000	75.50016861
755.000000	-55.28535549
757.000000	-9.45389829
759.000000	59.98025833
761.000000	-44.14621313
763.000000	73.97181371
765.000000	-32.63420528
767.000000	-4.05373280
769.000000	2.53600093
771.000000	5.37483721
773.000000	42.16853838
775.000000	15.72704305
777.000000	17.66055158
779.000000	-67.24476980
781.000000	14.07768423
783.000000	-36.23521391
785.000000	-91.71977604
787.000000	-51.02466697
789.000000	-37.20736433
791.000000	35.86910235
793.000000	30.09554090
795.000000	15.72107809
797.000000	31.94686444
799.000000	68.88421846
801.000000	33.57522702
803.000000	-82.62490342
805.000000	99.55971515
807.000000	31.37436910
809.000000	-26.56209762
811.000000	-26.81721276
813.000000	7.52146710
815.000000	81.91643922
817.000000	70.62163417
819.000000	39.49679873
821.000000	19.67254747
823.000000	105.61278233
825.000000	-69.59685050
827.000000	-57.69259522
829.000000	2.59406167
831.000000	69.10179789
833.000000	-49.18249794
835.000000	91.70470953
837.000000	-12.88013771
839.000000	73.60190051
841.000000	-3.11247017
843.000000	-9.69008037
845.000000	-21.52862690
846.000000	-47.47370977
847.000000	9.68241307
848.000000	-102.60848533
849.000000	-69.52306946
850.000000	17.07469490
851.000000	-9.47619258
852.000000	85.01825301
853.000000	55.15557641
854.000000	5.08771899
855.000000	-53.36308026
856.000000	-23.53618168
857.000000	-61.83095701
858.000000	-47.70148506
859.000000	5.52333463
860.000000	-0.95022325
861.000000	43.13531636
862.000000	80.19257026
863.000000	3.16283633
864.000000	-0.35742084
865.000000	-13.05193159
866.000000	40.96559666
867.000000	118.40654530
868.000000	27.04973154
869.000000	-1.80935130
870.000000	67.58182570
871.000000	-27.12893402
872.000000	134.14453296
873.000000	-12.13945753
874.000000	9.60043114
875.000000	24.86173684
876.000000	-21.40954394
877.000000	-30.46923815
878.000000	18.01763697
879.000000	5.61524644
880.000000	141.45262057
881.000000	-47.41828897
882.000000	103.12556590
883.000000	95.57159095
884.000000	20.38270363
885.000000	6.14068324
886.000000	-83.83821624
887.000000	133.44244110
888.000000	35.31368184
889.000000	58.34402219
890.000000	-56.62654533
891.000000	-61.51435780
892.000000	34.73173886
893.000000	-11.45486497
894.000000	80.07418162
895.000000	-125.39783904
896.000000	109.47788406
897.000000	69.09668543
898.000000	94.58443599
899.000000	-6.39885191
900.000000	4.22240289
901.000000	79.48561560
902.000000	15.93783014
903.000000	51.33299702
904.000000	-55.16800158
905.000000	18.69784115
906.000000	21.98514106
907.000000	6.75570124
908.000000	-116.17576018
909.000000	-1.42057658
910.000000	81.19911890
911.000000	40.48897399
912.000000	9.13351836
913.000000	-99.42606580
914.000000	23.00343657
915.000000	-59.79614949
916.000000	-43.39111017
917.000000	62.50555402
918.000000	36.88663159
919.000000	-172.35568271
920.000000	1.38258809
921.000000	-32.51506760
922.000000	38.56923053
923.000000	-14.45432361
924.000000	-47.53245405
925.000000	-26.38433702
926.000000	14.37879962
927.000000	-21.18102451
928.000000	-43.29956757
929.000000	33.08515937
930.000000	-71.17891565
931.000000	-115.48296862
932.000000	-30.96570952
933.000000	89.68504800
934.000000	-53.43149222
935.000000	26.55127372
936.000000	35.94509562
937.000000	2.34146791
938.000000	-47.71672459
939.000000	-3.07205164
940.000000	-18.10939730
941.000000	-28.35275649
942.000000	103.04887559
943.000000	-70.29228570
944.000000	-19.40358611
945.000000	-83.94792354
946.000000	89.87904306
947.000000	-41.67462578
948.000000	16.68020330
949.000000	-27.34348128
950.000000	-82.36847951
951.000000	-56.84908332
952.000000	32.07191051
953.000000	-75.16912021
954.000000	-76.42364669
955.000000	46.59157900
956.000000	24.69892249
957.000000	-6.08251524
958.000000	-8.58953026
959.000000	-48.28264033
960.000000	-24.87849263
961.000000	140.85576428
962.000000	32.09422563
963.000000	-64.44436805
964.000000	-2.64722850
965.000000	-4.24537032
966.000000	30.54652525
967.000000	-4.50723712
968.000000	-2.73745460
969.000000	-80.28713956
970.000000	-27.30384849
971.000000	48.55023576
972.000000	82.55837732
973.000000	49.65262338
974.000000	100.74389727
975.000000	8.48526907
976.000000	84.50780886
977.000000	-45.67595634
978.000000	-68.33315409
979.000000	-44.77205374
980.000000	103.56224113
981.000000	-58.79448806
982.000000	71.80823195
983.000000	-111.29301403
984.000000	-8.44927331
985.000000	-22.29495261
986.000000	-40.00411077
987.000000	-80.95458770
988.000000	50.89612289
989.000000	-14.39452240
990.000000	-14.05077005
991.000000	-58.80921012
992.000000	29.01657942
993.000000	-54.42383268
994.000000	66.52367840
995.000000	37.00166265
996.000000	46.57826417
997.000000	-50.14447467
998.000000	41.39586432
999.000000	51.75819750
1000.000000	29.21777040
1001.000000	2.87852169
1002.000000	18.98526305
1003.000000	-65.80726441
1004.000000	-32.48691351
1005.000000	21.06277597
1006.000000	-61.60696812
1007.000000	104.69314924
1008.000000	-56.36110954
1009.000000	-5.07520171
1010.000000	-4.26921681
1011.000000	-5.42864424
1012.000000	66.03842974
1013.000000	20.29542915
1014.000000	21.72750040
1015.000000	8.15674633
1016.000000	-37.79448000
1017.000000	-42.67274074
1018.000000	-26.99338169
1019.000000	52.56903918
1020.000000	-39.42044868
1021.000000	6.94203517
1022.000000	13.87032003
1023.000000	31.69349074
1024.000000	0.99194436
1025.000000	-50.38326868
1026.000000	-2.26972618
1027.000000	49.18321838
1028.000000	-119.97047309
1029.000000	6.18121187
1030.000000	12.86914940
1031.000000	-42.62765347
1032.000000	1.82411031
1033.000000	-30.49921350
1034.000000	21.25482320
1035.000000	29.07307272
1036.000000	-51.45389558
1037.000000	1.70937490
1038.000000	-78.49570062
1039.000000	2.55785124
1040.000000	33.02182634
1041.000000	39.46425163
1042.000000	-21.27285451
1043.999000	71.24495350
1044.999000	-42.16167982
1045.999000	46.98200891
1046.999000	96.76887596
1047.999000	28.74275283
1048.999000	-3.75156303
1049.999000	-15.76774068
1050.999000	5.22269512
1051.999000	-98.38435658
1052.999000	9.71425798
1053.999000	-4.94523960
1054.999000	66.55567447
1055.999000	-77.52098101
1056.999000	-3.07163872
1057.999000	34.90182257
1058.999000	7.89301075
1059.999000	-17.07351214
1060.999000	9.70616456
1061.999000	4.35874801
1062.999000	-6.64697492
1063.999000	65.90925056
1064.999000	101.44672272
1065.999000	51.56750801
1066.999000	23.08856020
1067.999000	-20.08776911
1068.999000	2.43301878
1069.999000	-78.82548579
1070.999000	-10.59150315
1071.999000	-25.19771216
1072.999000	-64.27137209
1073.999000	42.96145043
1074.999000	-100.75860082
1075.999000	9.41527222
1076.999000	7.94594528
1077.999000	98.14144596
1078.999000	-20.75452238
1079.999000	59.77804514
1080.999000	4.05557075
1081.999000	79.91907488
1082.999000	78.75376183
1083.999000	20.19749564
1084.999000	-28.33258596
1085.999000	89.62898122
1086.999000	15.31131872
1087.999000	64.15509510
1088.999000	22.22992049
1089.999000	58.59992302
1090.999000	-100.48061518
1091.999000	49.71532450
1092.999000	61.00200637
1093.999000	-101.78860218
1094.999000	5.66658782
1095.999000	46.70585732
1096.999000	4.72944475
1097.999000	101.65801427
1098.999000	17.62428656
1099.999000	-0.13551349
1100.999000	16.78859618
1101.999000	-44.74335043
1102.999000	15.00532879
1103.999000	-97.85388764
1104.999000	61.85617598
1105.999000	26.47593953
1106.999000	-46.69564815
1107.999000	-8.28230520
1108.999000	3.96209958
1109.999000	-45.13661687
1110.999000	-76.30621287
1111.999000	43.49679277
1112.999000	118.79334419
1113.999000	-88.83069286
1114.999000	25.81067372
1115.999000	43.80099127
1116.999000	-52.72854089
1117.999000	55.57209125
1118.999000	-66.69535757
1119.999000	63.84237152
1120.999000	-15.47082618
1121.999000	-25.92631424
1122.999000	-8.11745909
1123.999000	-96.57997365
1124.999000	96.91411447
1125.999000	-20.06726812
1126.999000	-66.82529463
1127.999000	42.69175698
1128.999000	-46.50599760
1129.999000	77.02141510
1130.999000	-34.31792389
1131.999000	-59.41363860
1132.999000	-41.48891933
1133.999000	-15.42361226
1134.999000	19.36989533
1135.999000	-49.38435295
1136.999000	-84.82538197
1137.999000	-61.61164363
1138.999000	23.97177601
1139.999000	-30.81789779
1140.999000	-27.90039172
1141.999000	-26.45218796
1142.999000	-12.63375547
1143.999000	-50.56922952
1144.999000	6.24789561
1145.999000	-6.73335074
1146.999000	-22.97233447
1147.999000	-71.35471128
1148.999000	-5.13714431
1149.999000	42.34713589
1150.999000	28.44316900
1151.999000	-71.48112206
1152.999000	3.40608842
1153.999000	-66.45906765
1154.999000	-26.77929816
1155.999000	127.46766379
1156.999000	17.33358289
1157.999000	30.44600986
1158.999000	-32.35947779
1159.999000	-75.81357004
1160.999000	-11.47939584
1161.999000	48.72410085
1162.999000	9.18038674
1163.999000	83.43120145
1164.999000	-57.96622731
1165.999000	-50.58282536
1166.999000	-0.74484107
1167.999000	17.64617272
1168.999000	-98.29061502
1169.999000	14.85369558
1170.999000	-28.81152116
1171.999000	150.06996566
1172.999000	-33.28734397
1173.999000	9.90954571
1174.999000	1.81686674
1175.999000	17.53842992
1176.999000	52.69574717
1177.999000	18.87577193
1178.999000	78.61815991
1179.999000	86.41557034
1180.999000	35.17350910
1181.999000	-38.19229134
1182.999000	76.56738391
1183.999000	7.32835757
1184.999000	14.15939729
1185.999000	4.90176361
1186.999000	-5.68934976
1187.999000	31.49731340
1188.999000	-65.47610559
1189.999000	52.76566150
1190.999000	49.17243558
1191.999000	5.88110038
1192.999000	2.49528432
1193.999000	-10.14395961
1194.999000	33.14598864
1195.999000	-62.68553343
1196.999000	37.38269188
1197.999000	95.77201397
1198.999000	2.18504772
1199.999000	-41.28053561
1200.999000	63.50524696
1201.999000	-10.35608767
1202.999000	-159.85054028
1203.999000	-28.35263504
1204.999000	-81.05383358
1205.999000	-45.16076063
1206.999000	-115.23627682
1207.999000	-1.68485746
1208.999000	-72.99925569
1209.999000	46.89109917
1210.999000	83.79138297
1211.999000	99.42756373
1212.999000	-17.37719936
1213.999000	-68.14013238
1214.999000	-37.52270520
1215.999000	56.85719623
1216.999000	-15.17519776
1217.999000	12.43939378
1218.999000	-77.85690560
1219.999000	-19.98198100
1220.999000	15.41100330
1221.999000	-19.78700355
1222.999000	-59.86405928
1223.999000	45.87435145
1224.999000	-83.82238639
1225.999000	16.03490267
1226.999000	50.99721910
1227.999000	47.61308552
1228.999000	-93.28431709
1229.999000	6.62248272
1230.999000	48.98888765
1231.999000	101.12193087
1232.999000	-24.99884759
1233.999000	8.28373584
1234.999000	-25.17534016
1235.999000	20.89150777
1236.999000	100.68262271
1237.999000	-23.11578336
1238.999000	81.67044120
1239.999000	41.22948419
1240.999000	48.43482921
1241.999000	-17.36304025
1242.999000	26.19366780
1243.999000	-13.64461062
1244.999000	92.20689256
1245.999000	79.21542098
1246.999000	94.58738619
1247.999000	-21.28726213
1248.999000	15.43327691
1249.999000	40.58940918
1250.999000	24.54356503
1251.999000	4.24810859
1252.999000	27.22626382
1253.999000	75.43406464
1254.999000	40.10317146
1255.999000	19.36148328
1256.999000	98.41048308
1257.999000	4.00719364
1258.999000	20.68252634
1259.999000	-19.22757674
1260.999000	93.26996872
1261.999000	-16.01578569
1262.999000	-20.58363949
1263.999000	28.36734440
1264.999000	-61.52857679
1265.999000	58.03249663
1266.999000	40.44510530
1267.999000	-145.40144093
1268.999000	-57.28437081
1269.999000	60.49459097
1270.999000	35.98592748
1271.999000	6.42124075
1272.999000	-8.11003402
1273.999000	1.10717990
1274.999000	67.05756915
1275.999000	28.83597241
1276.999000	-9.78000574
1277.999000	-91.57438507
1278.999000	8.72221342
1279.999000	55.23694332
1280.999000	-17.22252742
1281.999000	-64.13252434
1282.999000	17.45479015
1283.999000	46.20844857
1284.999000	22.21120002
1285.999000	4.99502099
1286.999000	-104.70193449
1287.999000	-20.06168757
1288.999000	-64.46794371
1289.999000	-132.24550435
1290.999000	-15.86463671
1291.999000	-43.13879059
1292.999000	-63.40183945
1293.999000	-30.58983594
1294.999000	-11.48413344
1295.999000	-35.31451660
