# F(k,t) correlation function
# Reference time: 401.001 ps
# lag_time_ps	F(k,t)
0.000000	385.65252164
2.000000	48.41766449
4.000000	-49.72369574
6.000000	-4.84171137
8.000000	13.96670298
10.000000	-58.93310881
12.000000	43.54813194
14.000000	-1.45980538
16.000000	3.00956035
18.000000	-9.39504873
20.000000	2.12856318
22.000000	102.90396313
24.000000	43.06735266
26.000000	-133.20532003
28.000000	-19.74398867
30.000000	-2.24287072
32.000000	11.77997122
34.000000	13.14295080
36.000000	23.78613674
38.000000	-17.31677979
40.000000	-58.40818878
42.000000	-7.07051832
44.000000	-1.52395215
46.000000	-19.34316896
48.000000	10.77800262
50.000000	63.52525820
52.000000	27.83143461
54.000000	60.22073513
56.000000	-18.02901873
58.000000	-18.76162960
60.000000	58.24160693
62.000000	58.22279565
64.000000	39.82019350
66.000000	87.59008999
68.000000	-100.80669025
70.000000	34.91130555
72.000000	-48.34532784
74.000000	67.64290045
76.000000	-25.70088472
78.000000	-47.31451200
80.000000	-22.73545795
82.000000	-25.35513455
84.000000	16.97822672
86.000000	42.57804693
88.000000	122.70939928
90.000000	14.40363127
92.000000	-34.39539896
94.000000	26.45041992
96.000000	-67.54099371
98.000000	-5.77636447
100.000000	44.26176676
102.000000	8.41141778
104.000000	120.52785233
106.000000	-1.64212941
108.000000	-37.99630708
110.000000	2.12172179
112.000000	-29.33413410
114.000000	-16.10268559
116.000000	-85.31144566
118.000000	64.73077463
120.000000	47.48927012
122.000000	-4.90391855
124.000000	1.65655785
126.000000	42.21409830
128.000000	-57.30019144
130.000000	-83.31466384
132.000000	-69.02420216
134.000000	24.35112836
136.000000	-27.77758793
138.000000	-8.53237148
140.000000	-37.38323193
142.000000	-19.17473762
144.000000	-30.35044703
146.000000	-63.78747724
148.000000	47.81634498
150.000000	-21.68758124
152.000000	-50.15947954
154.000000	39.30769185
156.000000	-20.81355241
158.000000	7.76564520
160.000000	2.01578380
162.000000	37.34074171
164.000000	-14.83554337
166.000000	3.67504253
168.000000	28.55575434
170.000000	12.49875611
172.000000	-46.90248569
174.000000	68.91390643
176.000000	-60.61557931
178.000000	-52.55445405
180.000000	39.42151421
182.000000	89.54216068
184.000000	-15.10922335
186.000000	-15.73868971
188.000000	27.20910011
190.000000	-45.73333115
192.000000	-58.65472343
194.000000	40.79748179
196.000000	57.73123652
198.000000	2.16519059
200.000000	-35.52104258
202.000000	59.06159078
204.000000	29.59665207
206.000000	46.02754702
208.000000	-53.54720615
210.000000	29.46045684
212.000000	-101.24628398
214.000000	-42.13626430
216.000000	-23.40441481
218.000000	25.93196017
220.000000	101.04656889
222.000000	18.54558773
224.000000	42.09302731
226.000000	37.38731889
228.000000	33.50409740
230.000000	52.85242040
232.000000	-54.99999957
234.000000	9.35836327
236.000000	10.15324472
238.000000	-6.75548395
240.000000	-82.57056264
242.000000	2.49934759
244.000000	-59.59975091
246.000000	-36.22117568
248.000000	23.57118651
250.000000	50.10161231
252.000000	-17.51029231
254.000000	11.65533534
256.000000	-7.19431145
258.000000	58.20240235
260.000000	-74.79980882
262.000000	5.59281320
264.000000	-8.40698849
266.000000	-47.55987683
268.000000	40.71643572
270.000000	-7.48535431
272.000000	17.57130686
274.000000	3.67437179
276.000000	-8.02448922
278.000000	-65.78351197
280.000000	18.02892259
282.000000	43.52661230
284.000000	58.10999758
286.000000	23.74403297
288.000000	-125.05896832
290.000000	-71.80292216
292.000000	0.01298102
294.000000	-23.01228570
296.000000	42.79612680
298.000000	31.23055433
300.000000	20.98884572
302.000000	32.37155374
304.000000	43.32582687
306.000000	89.72470395
308.000000	-8.65134906
310.000000	5.77427300
312.000000	33.83100877
314.000000	-57.83798517
316.000000	-19.00678259
318.000000	-59.45459835
320.000000	-23.53831497
322.000000	-28.90539836
324.000000	-67.96806076
326.000000	-40.89830122
328.000000	-20.23490780
330.000000	29.48538063
332.000000	32.16533384
334.000000	138.59796695
336.000000	14.28810685
338.000000	-4.36040182
340.000000	-31.15556776
342.000000	-50.18626734
344.000000	93.68592138
346.000000	-80.26212514
348.000000	-93.18558492
350.000000	18.87251701
352.000000	11.03936529
354.000000	-62.18520463
356.000000	-32.54261116
358.000000	57.92343586
360.000000	41.27785303
362.000000	-30.49241967
364.000000	66.72563117
366.000000	-34.07934121
368.000000	-36.16797934
370.000000	-31.12343886
372.000000	16.40794524
374.000000	-24.04510219
376.000000	-77.44535097
378.000000	-46.11061735
380.000000	-1.13332931
382.000000	20.25653907
384.000000	-10.67850045
386.000000	-1.79320285
388.000000	-24.66723989
390.000000	-1.94468189
392.000000	17.46581264
394.000000	14.45374672
396.000000	31.45321091
398.000000	0.98599655
400.000000	-67.00004632
402.000000	-18.19826545
404.000000	-25.98566142
406.000000	-5.55629163
408.000000	-16.24882125
410.000000	55.02084783
412.000000	-43.85817140
414.000000	-106.49689735
416.000000	-33.68857436
418.000000	-58.05123872
420.000000	2.88167803
422.000000	67.59843113
424.000000	-19.73022573
426.000000	-42.26416807
428.000000	113.35528625
430.000000	-32.92750771
432.000000	27.69664218
434.000000	-25.42148732
436.000000	122.86247146
438.000000	91.90966614
440.000000	-69.68289723
442.000000	62.55661432
444.000000	-44.53784411
446.000000	-13.88179931
448.000000	-3.02667462
450.000000	-3.73018390
452.000000	36.55697612
454.000000	-5.96322535
456.000000	28.89442803
458.000000	-35.36485168
460.000000	31.50956192
462.000000	-44.92117807
464.000000	-15.51492057
466.000000	-22.22856788
468.000000	-9.64283133
470.000000	-35.87651829
472.000000	-53.91514476
474.000000	88.70649345
476.000000	38.41005888
478.000000	27.93030883
480.000000	3.33509747
482.000000	-46.86386059
484.000000	11.60589316
486.000000	-59.81678619
488.000000	71.61555996
490.000000	15.47650156
492.000000	-25.66771730
494.000000	10.07197459
496.000000	42.52770247
498.000000	54.78270146
500.000000	-32.48225287
502.000000	9.88678222
504.000000	-63.13689777
506.000000	-8.95641835
508.000000	6.71651102
510.000000	0.00579151
512.000000	-44.31648750
514.000000	-8.36147597
516.000000	-6.90220476
518.000000	-10.45001538
520.000000	-94.23799997
522.000000	-62.77770326
524.000000	-4.43191922
526.000000	-29.89714756
528.000000	-50.73407696
530.000000	60.15755984
532.000000	-23.09657786
534.000000	-15.41609743
536.000000	-74.91056670
538.000000	-23.78692778
540.000000	-70.33117746
542.000000	-66.63569093
544.000000	-23.19672837
546.000000	8.60932799
548.000000	-19.68212005
550.000000	-30.17493522
552.000000	-125.59406305
554.000000	-4.76131902
556.000000	-18.42433978
558.000000	-50.78300140
560.000000	-40.77222827
562.000000	52.97034731
564.000000	-72.75048753
566.000000	31.16072746
568.000000	27.49206413
570.000000	-9.01355064
572.000000	44.98011857
574.000000	-41.62110434
576.000000	-47.23212518
578.000000	-23.41111388
580.000000	3.60945039
582.000000	-50.19747293
584.000000	-76.89583787
586.000000	-38.62405485
588.000000	0.18926029
590.000000	0.73446276
592.000000	70.29948227
594.000000	-18.16164973
596.000000	-62.12410061
598.000000	-79.00364695
600.000000	-23.34341072
602.000000	-46.34448353
604.000000	3.36979270
606.000000	-16.57472163
608.000000	-52.76415635
610.000000	-32.17012974
612.000000	-39.05620621
614.000000	65.60110082
616.000000	-8.28340794
618.000000	21.75861934
620.000000	0.47337311
622.000000	-23.43135182
624.000000	-37.26833807
626.000000	16.61557583
628.000000	39.80577756
630.000000	44.62884839
632.000000	102.17319401
634.000000	-36.65005274
636.000000	-88.13950465
638.000000	-22.92701647
640.000000	111.53148033
642.000000	-27.33783988
644.000000	-39.07561415
646.000000	94.81235217
648.000000	-45.41343966
650.000000	-19.62344216
652.000000	-77.09012319
654.000000	42.94700251
656.000000	-6.30808007
658.000000	-21.12146115
660.000000	25.48024666
662.000000	-18.86156429
664.000000	17.84720883
666.000000	-68.03163706
668.000000	3.95069851
670.000000	65.79850726
672.000000	-0.30359158
674.000000	11.63354648
676.000000	-46.10500074
678.000000	53.22415069
680.000000	-5.99563817
682.000000	64.46012077
684.000000	90.30356197
686.000000	-63.56659197
688.000000	18.17748365
690.000000	7.35677144
692.000000	-7.64667778
694.000000	47.39339736
696.000000	49.16167715
698.000000	100.99329017
700.000000	100.42408468
702.000000	22.68742021
704.000000	-115.08730795
706.000000	23.80291857
708.000000	-40.93700111
710.000000	41.75110999
712.000000	-59.74476883
714.000000	14.06259818
716.000000	-11.48168410
718.000000	-20.07427788
720.000000	-26.29274289
722.000000	26.87122153
724.000000	52.33278526
726.000000	122.51913420
728.000000	-6.94574290
730.000000	26.08778382
732.000000	-7.99369740
734.000000	-46.66849156
736.000000	88.78132985
738.000000	23.14588145
740.000000	27.65106354
742.000000	84.29852850
744.000000	54.42915591
746.000000	-41.49512624
748.000000	59.84470229
750.000000	-39.04938563
752.000000	-93.53683334
754.000000	-74.90736130
756.000000	-10.00124869
758.000000	76.33863328
760.000000	37.03227069
762.000000	-68.34857934
764.000000	9.17345330
766.000000	-13.18834568
768.000000	-47.28297388
770.000000	-53.46505506
772.000000	60.19792084
774.000000	-48.62204148
776.000000	67.53535130
778.000000	68.18175862
780.000000	23.16362104
782.000000	-23.17929982
784.000000	29.36238607
786.000000	-25.64273917
788.000000	98.10653443
790.000000	-44.07984367
792.000000	3.44821916
794.000000	-67.97696460
796.000000	-13.75952126
798.000000	4.44154123
800.000000	13.73221812
802.000000	-33.77565053
804.000000	-1.83919348
806.000000	2.01258249
808.000000	26.27993992
810.000000	-44.32214956
812.000000	-14.66232031
814.000000	44.77242513
816.000000	49.06033251
818.000000	77.42559337
820.000000	-22.54577599
822.000000	91.00925561
824.000000	-16.78167270
826.000000	-56.58477673
828.000000	-59.76874572
830.000000	-23.27384036
832.000000	13.91999072
834.000000	17.72634246
836.000000	58.14422098
838.000000	19.84628295
840.000000	7.02776592
842.000000	17.46485478
844.000000	-38.28120951
846.000000	-23.02189103
848.000000	-19.78687578
850.000000	36.27558643
852.000000	31.84832942
854.000000	-77.78697887
856.000000	-26.32340131
858.000000	-39.16015062
860.000000	-27.52476812
862.000000	15.88277381
864.000000	-101.49136663
866.000000	35.70905733
868.000000	42.99798583
870.000000	-19.06699589
872.000000	45.32782907
874.000000	54.00462692
876.000000	-22.62506417
878.000000	-25.94166810
880.000000	-12.78921165
882.000000	10.32085770
884.000000	-5.87540472
886.000000	-25.72958107
888.000000	-7.52878726
890.000000	105.18458061
892.000000	16.15059843
894.000000	32.67602529
896.000000	31.30393514
898.000000	28.12735787
900.000000	-33.09828881
902.000000	-7.05460843
904.000000	-23.50016079
906.000000	-27.67824042
908.000000	-11.89640089
910.000000	44.44059420
912.000000	-51.90984303
914.000000	46.76931870
916.000000	-20.17929380
918.000000	61.16725977
920.000000	50.00730020
922.000000	32.80425997
924.000000	62.05404485
926.000000	-21.39125751
928.000000	23.92330073
930.000000	53.03783950
932.000000	-28.88848655
934.000000	-18.91043277
936.000000	-17.33835781
938.000000	18.48229204
940.000000	97.05663634
942.000000	-15.56881317
944.000000	17.08242908
946.000000	55.13596403
948.000000	-130.95577132
950.000000	-10.56736793
952.000000	85.27469986
954.000000	13.51031644
956.000000	18.09013728
958.000000	-15.26712128
960.000000	-0.91560197
962.000000	39.69472101
964.000000	65.28265151
966.000000	10.47020089
968.000000	69.72192600
970.000000	-30.22683752
972.000000	-60.21161397
974.000000	29.46542714
976.000000	-22.46669513
978.000000	-40.26514576
980.000000	59.38459371
982.000000	4.74978216
984.000000	-39.72126576
986.000000	41.53311343
988.000000	2.13720760
990.000000	20.67060094
992.000000	33.77678953
994.000000	44.57305349
996.000000	-81.05730798
998.000000	34.86781820
1000.000000	-34.60317532
1002.000000	-41.30141023
1004.000000	-0.21522118
1006.000000	30.41619291
1008.000000	-74.26560262
1010.000000	8.88326047
1012.000000	40.08712865
1014.000000	7.49761828
1016.000000	-60.01435037
1018.000000	42.92268312
1020.000000	-45.13823366
1022.000000	33.12890376
1024.000000	-3.69237613
1026.000000	-78.94434807
1028.000000	19.22467371
1030.000000	31.23077051
1032.000000	-57.51502240
1034.000000	55.99853059
1036.000000	12.01710805
1038.000000	-32.89035985
1040.000000	84.12972080
1042.000000	-64.84538541
1044.000000	-29.51139772
1046.000000	-42.26385636
1048.000000	97.34251931
1050.000000	-3.22197990
1052.000000	-86.66770675
1054.000000	4.39886649
1056.000000	87.64519534
1058.000000	17.09171853
1060.000000	-23.57884494
1062.000000	-19.20813320
1064.000000	65.98021613
1066.000000	-16.75663967
1068.000000	-5.72895077
1070.000000	-41.07432411
1072.000000	-117.25740494
1074.000000	54.58404240
1076.000000	-42.37032403
1078.000000	65.95477631
1080.000000	1.22063036
1082.000000	7.19920516
1084.000000	70.93197272
1086.000000	-32.22454342
1088.000000	51.80538900
1090.000000	79.32002304
1092.000000	-3.03233203
1094.000000	-8.31997487
1096.000000	-53.36627151
1098.000000	5.43620973
1100.000000	39.35729640
1102.000000	34.77725518
1104.000000	53.20572691
1106.000000	31.69964694
1108.000000	-23.47963387
1110.000000	90.16848717
1112.000000	-20.26831888
1114.000000	21.20996355
1116.000000	-38.00955212
1118.000000	-42.31739439
1120.000000	22.70064731
1122.000000	45.28085861
1124.000000	43.21811541
1126.000000	-12.12339794
1128.000000	-53.75125925
1130.000000	97.35276310
1132.000000	-2.91034412
1134.000000	-56.55163975
1136.000000	-24.46763058
1138.000000	-18.50454061
1140.000000	-11.99050018
1142.000000	-67.61950109
1144.000000	-16.07475039
1146.000000	33.67534936
1148.000000	4.97861366
1150.000000	-41.79414575
1152.000000	3.87378776
1154.000000	-55.25379576
1156.000000	-24.51064980
1158.000000	-63.09982040
1160.000000	87.34014452
1162.000000	24.84117528
1164.000000	12.90167182
1166.000000	19.59031989
1168.000000	38.35543365
1170.000000	68.78271758
1172.000000	-24.31648033
1174.000000	42.97138953
1176.000000	-24.84856845
1178.000000	58.14801001
1180.000000	14.43694556
1182.000000	15.17508762
1184.000000	80.73823236
1186.000000	-98.76228047
1188.000000	11.19625255
1190.000000	-40.05420455
1192.000000	105.62282768
1194.000000	-49.46580571
1196.000000	10.75293433
1198.000000	67.15937206
1200.000000	47.97733178
1202.000000	6.16198822
1204.000000	-41.23549213
1206.000000	50.99384269
1208.000000	-20.03422817
1210.000000	16.43537524
1212.000000	-88.00559382
1214.000000	-39.27232973
1216.000000	-23.01972990
1218.000000	10.13099192
1220.000000	82.61448955
1222.000000	74.05459941
1224.000000	67.20155244
1226.000000	19.81461059
1228.000000	48.90570879
1230.000000	56.58414768
1232.000000	1.71865005
1234.000000	11.71486402
1236.000000	25.21733814
1238.000000	11.76230096
1240.000000	22.59819659
1242.000000	7.39755996
1244.000000	28.43009117
1246.000000	34.83236729
1248.000000	9.66282240
1250.000000	8.31792479
1252.000000	0.75165770
1254.000000	62.16983773
1256.000000	-48.31961614
1258.000000	-50.76865101
1260.000000	-5.05577651
1262.000000	96.52269949
1264.000000	-14.51603372
1266.000000	37.94193057
1268.000000	10.57984723
1270.000000	-6.55165687
1272.000000	23.95264447
1274.000000	15.61158329
1276.000000	-90.88046241
1278.000000	40.95342868
1280.000000	57.49533893
1282.000000	21.64500081
1284.000000	36.77119323
1286.000000	-44.06894880
1288.000000	-42.04577448
1290.000000	17.68812517
1292.000000	-19.15630719
1294.000000	136.53433156
1296.000000	15.63290901
1298.000000	10.68682196
1300.000000	-39.51256833
1302.000000	23.56121421
1304.000000	78.43864021
1306.000000	38.73532767
1308.000000	-54.46795182
1310.000000	45.51022692
1312.000000	-84.24845829
1314.000000	4.71101889
1316.000000	-152.39220008
1318.000000	75.06392303
1320.000000	81.00342668
1322.000000	-1.06231701
1324.000000	-19.91004397
1326.000000	31.30345683
1328.000000	-7.89101781
1330.000000	-7.35002626
1332.000000	-29.25248761
1334.000000	-106.30289699
1336.000000	4.55710709
1338.000000	47.66083092
1340.000000	-4.04648556
1342.000000	35.64309806
1344.000000	53.70854467
1346.000000	71.44869166
1348.000000	4.69769213
1350.000000	-43.09567610
1352.000000	42.02913534
1354.000000	22.04664189
1356.000000	31.64255886
1358.000000	57.97324012
1360.000000	-67.16575351
1362.000000	-8.62408088
1364.000000	37.64726816
1366.000000	-68.19473653
1368.000000	-90.03870667
1370.000000	4.63403148
1372.000000	-121.80859612
1374.000000	44.90694955
1376.000000	86.77364771
1378.000000	-19.12935408
1380.000000	-30.99066810
1382.000000	108.52647161
1384.000000	34.43141993
1386.000000	-9.90646997
1388.000000	3.84693486
1390.000000	24.51191519
1392.000000	47.14255291
1394.000000	-109.30513586
1396.000000	50.82994707
1398.000000	25.39780496
1400.000000	-0.14331937
1402.000000	-34.46775889
1404.000000	19.83362688
1406.000000	-46.65157899
1408.000000	-32.15429057
1410.000000	26.43370510
1412.000000	-18.83312719
1414.000000	19.49166528
1416.000000	10.61444740
1418.000000	-0.68166075
1420.000000	-27.53983664
1422.000000	62.29356841
1424.000000	-26.24388595
1426.000000	-1.92056806
1428.000000	-69.83365524
1430.000000	-38.56995897
1432.000000	49.09188783
1434.000000	-2.14329721
1436.000000	-75.23463287
1438.000000	9.56294992
1440.000000	-55.16695610
1442.000000	-44.36608249
1444.000000	-31.51194420
1446.000000	-33.65108789
1448.000000	-69.13123616
1449.000000	-12.69891091
1450.000000	117.07137157
1451.000000	28.88790467
1452.000000	1.60801785
1453.000000	27.23832615
1454.000000	40.82832963
1455.000000	-68.96010073
1456.000000	20.32034197
1457.000000	-34.81455871
1458.000000	-52.93968440
1459.000000	17.84065600
1460.000000	-47.15617411
1461.000000	-37.64678670
1462.000000	66.65292171
1463.000000	-28.87157743
1464.000000	102.78303713
1465.000000	48.04327450
1466.000000	-23.38910692
1467.000000	-27.52004128
1468.000000	26.86371139
1469.000000	2.06270740
1470.000000	-4.98170482
1471.000000	5.96548103
1472.000000	-54.25064746
1473.000000	-32.83692162
1474.000000	111.16962056
1475.000000	12.71704325
1476.000000	6.84845135
1477.000000	-35.93523835
1478.000000	47.84342174
1479.000000	14.35571625
1480.000000	-58.34192968
1481.000000	0.74432990
1482.000000	-21.95393231
1483.000000	-10.29578279
1484.000000	102.37968789
1485.000000	-4.61746128
1486.000000	2.52016160
1487.000000	-16.74675919
1488.000000	-20.94319651
1489.000000	14.03803707
1490.000000	9.41781800
1491.000000	32.01883038
1492.000000	40.09676591
1493.000000	-79.97737798
1494.000000	-82.21412761
1495.000000	-17.75636545
1496.000000	-30.89258436
1497.000000	-7.35510193
1498.000000	36.24661560
1499.000000	-25.74407966
1500.000000	-70.89913879
1501.000000	13.80851208
1502.000000	23.17059661
1503.000000	-13.19698852
1504.000000	24.65855629
1505.000000	7.90453162
1506.000000	31.94293941
1507.000000	-110.99141319
1508.000000	-81.70536045
1509.000000	28.81228419
1510.000000	-41.19184865
1511.000000	-75.71445484
1512.000000	19.43572183
1513.000000	-23.67141017
1514.000000	45.87623634
1515.000000	42.23491169
1516.000000	43.89284131
1517.000000	-60.85288509
1518.000000	0.75644989
1519.000000	-31.78671637
1520.000000	66.49778276
1521.000000	-19.72427255
1522.000000	-27.50963570
1523.000000	30.25666692
1524.000000	-41.51176036
1525.000000	-29.96412808
1526.000000	-44.22877513
1527.000000	52.84192216
1528.000000	23.21125961
1529.000000	0.81667632
1530.000000	0.57294794
1531.000000	5.00862678
1532.000000	33.64751234
1533.000000	-66.13781045
1534.000000	-1.15599618
1535.000000	-6.36707629
1536.000000	49.76291788
1537.000000	-27.14168409
1538.000000	57.25789573
1539.000000	22.25393408
1540.000000	-145.86143274
1541.000000	24.84166090
1542.000000	-94.67399850
1543.000000	-9.52632759
1544.000000	33.03842447
1545.000000	25.22423957
1546.000000	11.23868011
1547.000000	85.10716917
1548.000000	-15.25426503
1549.000000	128.37352887
1550.000000	-26.56292546
1551.000000	6.82035209
1552.000000	23.76320502
1553.000000	-79.42856444
1554.000000	4.85305430
1555.000000	30.52130912
1556.000000	-27.36068991
1557.000000	36.09449719
1558.000000	1.75707904
1559.000000	-25.68568716
1560.000000	-21.81598598
1561.000000	10.84925632
1562.000000	-4.37197573
1563.000000	29.97443558
1564.000000	-35.80917207
1565.000000	56.54465788
1566.000000	-12.58030093
1567.000000	27.99428618
1568.000000	17.79984988
1569.000000	-53.02617067
1570.000000	92.46102475
1571.000000	27.06246262
1572.000000	-79.22347544
1573.000000	17.18056395
1574.000000	13.49708632
1575.000000	38.53741199
1576.000000	-1.36635187
1577.000000	-33.54887031
1578.000000	-52.84470970
1579.000000	9.46687101
1580.000000	-32.20294097
1581.000000	77.99092204
1582.000000	8.59964468
1583.000000	-9.93368405
1584.000000	5.40444423
1585.000000	-66.61954658
1586.000000	41.42650036
1587.000000	71.89862057
1588.000000	69.02810131
1589.000000	13.90508349
1590.000000	107.41727850
1591.000000	-17.21322569
1592.000000	1.16024747
1593.000000	42.41897774
1594.000000	-12.22506456
1595.000000	12.64337793
1596.000000	-41.42368722
1597.000000	-34.64990402
1598.000000	13.13656671
1599.000000	54.30712484
1600.000000	109.73020524
1601.000000	1.44240245
1602.000000	-18.29520688
1603.000000	-53.63799864
1604.000000	72.59215978
1605.000000	-62.81181376
1606.000000	-21.04928570
1607.000000	21.45334968
1608.000000	49.99131542
1609.000000	7.68937472
1610.000000	26.70424007
1611.000000	-10.74900892
1612.000000	25.36788334
1613.000000	-36.27178026
1614.000000	120.48410089
1615.000000	-41.09337965
1616.000000	-35.92609693
1617.000000	6.32961948
1618.000000	-4.57126345
1619.000000	-105.95161750
1620.000000	-53.78758209
1621.000000	-3.80435719
1622.000000	-13.02781997
1623.000000	-32.44664882
1624.000000	28.39831542
1625.000000	-46.92348742
1626.000000	-28.16942344
1627.000000	45.11460709
1628.000000	2.45351609
1629.000000	-12.23946102
1630.000000	52.73785095
1631.000000	-37.62255197
1632.000000	-23.68416874
1633.000000	31.46021576
1634.000000	44.68140361
1635.000000	45.58073992
1636.000000	-62.38317776
1637.000000	19.93949803
1638.000000	-47.98873644
1639.000000	13.29390009
1640.000000	140.41156784
1641.000000	-84.44486639
1642.000000	88.41194360
1643.000000	113.80285212
1644.000000	38.60435023
1645.000000	-13.34969854
1646.999000	24.76600582
1647.999000	-59.30601957
1648.999000	-60.50950483
1649.999000	167.05450121
1650.999000	-38.73998278
1651.999000	-35.55407706
1652.999000	6.50029034
1653.999000	4.94595229
1654.999000	-7.04640901
1655.999000	-23.92944905
1656.999000	3.65425658
1657.999000	44.46440401
1658.999000	63.92616232
1659.999000	12.03080969
1660.999000	18.81106576
1661.999000	4.74123340
1662.999000	-10.29318812
1663.999000	23.95211462
1664.999000	-59.01894073
1665.999000	-31.29337500
1666.999000	22.94794323
1667.999000	-42.88984511
1668.999000	-25.97143413
1669.999000	4.69574000
1670.999000	-30.90811463
1671.999000	19.38272948
1672.999000	3.62221254
1673.999000	-76.30553878
1674.999000	-24.13069480
1675.999000	-81.78312071
1676.999000	-25.16929006
1677.999000	9.85386486
1678.999000	-40.95669319
1679.999000	-4.74078500
1680.999000	29.04550812
1681.999000	12.11656931
1682.999000	-29.03840797
1683.999000	72.17407506
1684.999000	-3.08348052
1685.999000	-39.52081011
1686.999000	11.85755936
1687.999000	1.03777352
1688.999000	-37.23761721
1689.999000	-35.29277169
1690.999000	-117.22495653
1691.999000	-61.74776871
1692.999000	22.06675886
1693.999000	35.52470067
1694.999000	0.34093080
1695.999000	62.47824203
1696.999000	-54.85511919
1697.999000	22.82371203
1698.999000	0.76643516
1699.999000	-60.69848295
1700.999000	-51.98164042
1701.999000	0.02695496
1702.999000	-3.55229078
1703.999000	-39.15869354
1704.999000	23.59495471
1705.999000	-39.62946884
1706.999000	-53.31968613
1707.999000	-36.59650516
1708.999000	-15.66407623
1709.999000	70.44452021
1710.999000	24.53281746
1711.999000	71.14290670
1712.999000	-67.47412928
1713.999000	-25.00444062
1714.999000	43.58865110
1715.999000	39.38602651
1716.999000	19.14085542
1717.999000	-14.67908096
1718.999000	57.06106716
1719.999000	-9.75527427
1720.999000	97.64679538
1721.999000	11.03134776
1722.999000	56.44192576
1723.999000	-22.87311104
1724.999000	-19.55070913
1725.999000	-52.00274962
1726.999000	-18.69601580
1727.999000	13.92265527
1728.999000	11.86900145
1729.999000	58.83167577
1730.999000	8.51471538
1731.999000	103.50523033
1732.999000	-10.78078204
1733.999000	-4.67322445
1734.999000	27.55158343
1735.999000	-78.54101034
1736.999000	34.08014234
1737.999000	-28.85426329
1738.999000	-2.90031852
1739.999000	-79.53825925
1740.999000	-28.01157655
1741.999000	137.72995250
1742.999000	-11.25688596
1743.999000	33.23949268
1744.999000	-5.68131398
1745.999000	24.60011659
1746.999000	-12.43024376
1747.999000	-32.12074231
1748.999000	-14.33512332
1749.999000	45.56673327
1750.999000	-40.71875633
1751.999000	41.48332274
1752.999000	64.96676557
1753.999000	-38.20400034
1754.999000	26.65063125
1755.999000	-26.48765307
1756.999000	-15.82107938
1757.999000	50.43367650
1758.999000	86.73067343
1759.999000	29.72823258
1760.999000	-85.95376999
1761.999000	51.48436079
1762.999000	-17.75353475
1763.999000	20.98708189
1764.999000	-28.44832639
1765.999000	21.68443280
1766.999000	-32.01212031
1767.999000	-12.31763775
1768.999000	-114.89228043
1769.999000	-31.88730762
1770.999000	53.68009906
1771.999000	9.12520219
1772.999000	-109.08095807
1773.999000	10.74419724
1774.999000	80.73614961
1775.999000	-63.75844966
1776.999000	-23.60406531
1777.999000	61.38084113
1778.999000	-52.00332432
1779.999000	-40.69233284
1780.999000	35.85844334
1781.999000	-13.02556430
1782.999000	-5.75528285
1783.999000	-53.44879390
1784.999000	-5.16369167
1785.999000	12.50897957
1786.999000	-98.25868021
1787.999000	7.08877858
1788.999000	35.37803606
1789.999000	-77.96239754
1790.999000	73.47250664
1791.999000	-15.02829648
1792.999000	39.45887770
1793.999000	54.40419114
1794.999000	29.41957420
1795.999000	17.28200054
1796.999000	51.54287067
1797.999000	-26.79464165
1798.999000	13.85868700
1799.999000	30.43420712
1800.999000	42.18225789
1801.999000	-67.36070201
1802.999000	101.84699251
1803.999000	-10.59461141
1804.999000	-41.95708770
1805.999000	-34.14858912
1806.999000	38.06850440
1807.999000	-17.42945820
1808.999000	17.57023159
1809.999000	-120.88583548
1810.999000	10.82858164
1811.999000	-32.89981019
1812.999000	49.50277763
1813.999000	-2.86130849
1814.999000	18.91328660
1815.999000	10.84124047
1816.999000	17.01582386
1817.999000	-31.37710578
1818.999000	102.28576145
1819.999000	-37.73493494
1820.999000	-57.22739011
1821.999000	8.63558425
1822.999000	-111.21181618
1823.999000	4.12962362
1824.999000	0.09471773
1825.999000	29.07474145
1826.999000	66.90155627
1827.999000	72.45815048
1828.999000	48.67141945
1829.999000	-12.76120833
1830.999000	-20.94429149
1831.999000	52.94259922
1832.999000	-50.42237097
1833.999000	15.19099071
1834.999000	-14.39660113
1835.999000	-32.99421455
1836.999000	33.86111691
1837.999000	24.30026860
1838.999000	-88.06597506
1839.999000	18.03304066
1840.999000	-5.51874102
1841.999000	-2.69919128
1842.999000	48.01357361
1843.999000	87.36998060
1844.999000	51.89593407
1845.999000	18.59052416
1846.999000	-58.15515894
1847.999000	-47.89530020
1848.999000	32.04345743
1849.999000	-36.61812733
1850.999000	43.52856506
1851.999000	-11.10959463
1852.999000	38.92752512
1853.999000	-8.54486571
1854.999000	-3.91985186
1855.999000	26.62718522
1856.999000	52.44723679
1857.999000	65.85706001
1858.999000	86.08426852
1859.999000	5.95100803
1860.999000	-68.49651310
1861.999000	28.70746746
1862.999000	21.33392797
1863.999000	-25.89848570
1864.999000	24.80595608
1865.999000	61.09544434
1866.999000	13.66313949
1867.999000	26.79688299
1868.999000	-9.55073721
1869.999000	66.97307150
1870.999000	45.59770688
1871.999000	-29.15001662
1872.999000	41.33760590
1873.999000	22.89931542
1874.999000	49.86605991
1875.999000	8.82730638
1876.999000	61.65399502
1877.999000	-62.33508470
1878.999000	-5.92041912
1879.999000	-22.08292564
1880.999000	-39.23083815
1881.999000	-12.02461523
1882.999000	41.67701944
1883.999000	84.63801610
1884.999000	-35.99686924
1885.999000	-21.57429528
1886.999000	100.51260525
1887.999000	-29.86424057
1888.999000	19.36367323
1889.999000	-10.08821305
1890.999000	-7.09142423
1891.999000	18.18999441
1892.999000	-40.93486580
1893.999000	-96.05868408
1894.999000	-15.19939555
1895.999000	-99.98660240
1896.999000	-40.00619921
1897.999000	-5.62021393
1898.999000	-17.94896112
