# F(k,t) correlation function
# Reference time: 803.001 ps
# lag_time_ps	F(k,t)
0.000000	499.99528446
2.000000	-55.28864383
4.000000	-39.52482660
6.000000	-37.41108060
8.000000	-34.37409715
10.000000	-69.88512236
12.000000	21.62008464
14.000000	3.90788113
16.000000	-12.59667869
18.000000	-9.71560894
20.000000	50.07639265
22.000000	64.84893866
24.000000	-91.36726012
26.000000	46.82191359
28.000000	-93.42479916
30.000000	-1.31229921
32.000000	78.03675786
34.000000	-11.38534504
36.000000	33.86020722
38.000000	-61.76592075
40.000000	-0.10877155
42.000000	-101.64067541
44.000000	-4.04532039
46.000000	68.29160552
48.000000	4.20297989
50.000000	12.57977233
52.000000	12.30406146
54.000000	-39.61404560
56.000000	-67.62328238
58.000000	-15.80121781
60.000000	14.22611178
62.000000	-3.81619479
64.000000	-78.81375073
66.000000	-17.99203974
68.000000	25.62420589
70.000000	37.25856819
72.000000	-37.67748576
74.000000	29.26873458
76.000000	31.33274552
78.000000	66.26016826
80.000000	-15.45673003
82.000000	-96.06991111
84.000000	-16.38427828
86.000000	-41.05180234
88.000000	-43.25517618
90.000000	71.77884682
92.000000	58.04506751
94.000000	-29.85353966
96.000000	-57.45362452
98.000000	28.63433144
100.000000	53.54677166
102.000000	-4.87725226
104.000000	-127.03724027
106.000000	5.87244038
108.000000	-44.31497917
110.000000	72.42909624
112.000000	17.62219644
114.000000	31.82443879
116.000000	-26.65009988
118.000000	69.46700142
120.000000	-27.13741029
122.000000	-38.29003568
124.000000	111.88800141
126.000000	-13.90221931
128.000000	28.10003028
130.000000	-4.26443024
132.000000	15.40270192
134.000000	-5.64258825
136.000000	-31.50829940
138.000000	49.46530546
140.000000	-50.03922544
142.000000	37.49675888
144.000000	-40.18601955
146.000000	-23.00840900
148.000000	12.06954279
150.000000	-28.37785935
152.000000	-35.87887977
154.000000	-31.13594455
156.000000	23.18194655
158.000000	-123.91463395
160.000000	4.15097116
162.000000	48.46861632
164.000000	-52.40282231
166.000000	44.85605103
168.000000	55.48321777
170.000000	-62.49493591
172.000000	-17.56339820
174.000000	-14.63106167
176.000000	22.03684512
178.000000	8.98217875
180.000000	-18.90285422
182.000000	11.90666063
184.000000	-37.71476299
186.000000	-12.19887729
188.000000	-17.50064487
190.000000	18.98354454
192.000000	-7.50531183
194.000000	25.36462100
196.000000	-48.65830213
198.000000	22.53025543
200.000000	-21.60776396
202.000000	55.08928964
204.000000	-54.75770483
206.000000	95.18561991
208.000000	-29.47779761
210.000000	-25.75097787
212.000000	-22.85373895
214.000000	-46.19785366
216.000000	60.85875050
218.000000	-25.24627159
220.000000	48.35645744
222.000000	64.80251921
224.000000	109.92000631
226.000000	-19.75528611
228.000000	-8.31654094
230.000000	-12.62770867
232.000000	-93.69291335
234.000000	15.82579744
236.000000	-21.06359175
238.000000	14.15780555
240.000000	44.38292967
242.000000	-54.12645170
244.000000	-80.72637259
246.000000	34.06535605
248.000000	37.84446191
250.000000	6.59249949
252.000000	-1.40525338
254.000000	-42.50185394
256.000000	-77.12947147
258.000000	90.59294911
260.000000	-4.59168785
262.000000	80.08897003
264.000000	-9.29324190
266.000000	-13.85055986
268.000000	-15.40168999
270.000000	-15.96141129
272.000000	-113.78946408
274.000000	-5.53183333
276.000000	0.42239212
278.000000	68.60221324
280.000000	-20.04917927
282.000000	46.86385024
284.000000	-61.87002118
286.000000	5.40603726
288.000000	-88.36466757
290.000000	9.77310646
292.000000	-56.36936851
294.000000	86.66163718
296.000000	-7.56060172
298.000000	-69.68690124
300.000000	51.48392135
302.000000	38.03196832
304.000000	-25.60104933
306.000000	22.54786303
308.000000	10.98366927
310.000000	-18.66393279
312.000000	-73.68435186
314.000000	42.36380223
316.000000	-85.09086420
318.000000	-35.74575538
320.000000	190.13624120
322.000000	25.16573606
324.000000	45.97529616
326.000000	-29.59077045
328.000000	33.52895799
330.000000	71.71051733
332.000000	22.38175602
334.000000	-5.03655074
336.000000	-64.08123164
338.000000	42.61199923
340.000000	-36.55589159
342.000000	-27.27348411
344.000000	-53.12654918
346.000000	57.93993814
348.000000	-10.58659615
350.000000	-46.88641778
352.000000	-30.33372924
354.000000	-53.60769007
356.000000	-25.65819486
358.000000	-84.12261481
360.000000	22.17671868
362.000000	-28.36621807
364.000000	-74.88181953
366.000000	-23.96608282
368.000000	-16.91492077
370.000000	-14.45828350
372.000000	47.86586708
374.000000	20.32913736
376.000000	50.72675515
378.000000	28.69949784
380.000000	41.41058197
382.000000	38.32001268
384.000000	41.10531554
386.000000	46.46695453
388.000000	27.97127852
390.000000	-46.05964347
392.000000	26.61641334
394.000000	5.97799948
396.000000	-82.80546185
398.000000	-85.14312753
400.000000	-24.19767582
402.000000	-41.31907853
404.000000	9.39302560
406.000000	-19.99409568
408.000000	-40.95790420
410.000000	35.13923954
412.000000	61.38144437
414.000000	-64.48705930
416.000000	-66.73712580
418.000000	-18.39574237
420.000000	-62.18990699
422.000000	-74.82921581
424.000000	-80.84854394
426.000000	12.28260446
428.000000	16.22585596
430.000000	-27.32075910
432.000000	30.93859288
434.000000	-35.47826121
436.000000	-10.94537071
438.000000	-97.89877233
440.000000	30.70125988
442.000000	-6.88692588
444.000000	-39.51566188
446.000000	52.73823609
448.000000	27.30052822
450.000000	-1.76574331
452.000000	-61.70522127
454.000000	85.98404995
456.000000	39.15768350
458.000000	31.58493236
460.000000	-40.37980017
462.000000	-45.01644042
464.000000	-29.47815679
466.000000	13.09082647
468.000000	-33.12418820
470.000000	-1.63619804
472.000000	-20.86475162
474.000000	-71.73060860
476.000000	-34.86161253
478.000000	43.94689779
480.000000	10.06327631
482.000000	53.97913998
484.000000	-2.63989010
486.000000	-30.76456721
488.000000	56.07233537
490.000000	40.52591025
492.000000	-6.57269110
494.000000	-106.05181835
496.000000	-60.22913217
498.000000	-8.71463416
500.000000	28.61017891
502.000000	-8.96142097
504.000000	-71.56667463
506.000000	-35.11745690
508.000000	98.38104398
510.000000	-35.41461641
512.000000	-60.03208922
514.000000	53.96833660
516.000000	-5.49675850
518.000000	33.47494284
520.000000	21.48613128
522.000000	44.24770956
524.000000	-58.68142449
526.000000	-7.83262125
528.000000	27.49671109
530.000000	-1.01062158
532.000000	2.50132739
534.000000	2.24551689
536.000000	51.12953830
538.000000	-20.97949964
540.000000	0.33650097
542.000000	-30.00772314
544.000000	14.14703112
546.000000	-32.47595766
548.000000	59.86333517
550.000000	-6.12334989
552.000000	38.06980092
554.000000	5.47177315
556.000000	116.13125801
558.000000	1.70616552
560.000000	45.92035981
562.000000	-0.14201488
564.000000	-46.17754973
566.000000	56.81170408
568.000000	-7.37646854
570.000000	-5.68719804
572.000000	22.13438711
574.000000	41.25847458
576.000000	79.33286254
578.000000	13.35169710
580.000000	29.20488734
582.000000	65.35142284
584.000000	52.46406938
586.000000	2.30489655
588.000000	-29.48837328
590.000000	30.94720701
592.000000	13.30972411
594.000000	-36.72485091
596.000000	44.07399218
598.000000	26.89626120
600.000000	-31.25863531
602.000000	-53.63238910
604.000000	58.90220874
606.000000	-84.03311908
608.000000	-45.44463051
610.000000	-13.24208598
612.000000	9.33421004
614.000000	67.47491437
616.000000	13.95170381
618.000000	-15.99525601
620.000000	9.28331503
622.000000	44.56542675
624.000000	-60.01470978
626.000000	19.93749932
628.000000	68.74190081
630.000000	-47.07221412
632.000000	77.21093795
634.000000	-80.14910506
636.000000	-7.17710665
638.000000	-1.04220884
640.000000	52.02427833
642.000000	-59.60983751
644.000000	-86.35225404
646.000000	-81.08326836
648.000000	-39.82367511
650.000000	-27.39516000
652.000000	-5.54879546
654.000000	4.87279753
656.000000	38.82520643
658.000000	106.24260292
660.000000	-100.78947643
662.000000	70.38751150
664.000000	63.33261925
666.000000	48.55364752
668.000000	-15.94330446
670.000000	10.25517481
672.000000	-75.10918351
674.000000	19.33284166
676.000000	48.01433485
678.000000	42.77838316
680.000000	-3.33844708
682.000000	3.97905824
684.000000	-98.89503576
686.000000	-16.43673909
688.000000	12.33089231
690.000000	58.26291541
692.000000	144.19559140
694.000000	-63.45370509
696.000000	23.85578690
698.000000	-54.18141408
700.000000	110.27098822
702.000000	-64.39981781
704.000000	-1.09833641
706.000000	74.57413958
708.000000	10.22053627
710.000000	84.31920143
712.000000	16.13730466
714.000000	-77.18615889
716.000000	-42.08051168
718.000000	64.22010070
720.000000	98.50332152
722.000000	-44.72201927
724.000000	-78.12711219
726.000000	-25.74389528
728.000000	52.68827766
730.000000	-49.25485490
732.000000	-1.55458483
734.000000	36.23852068
736.000000	114.75963493
738.000000	-78.76353985
740.000000	-58.99425979
742.000000	-31.29658112
744.000000	83.89429500
746.000000	32.20176448
748.000000	6.92746558
750.000000	-63.96106527
752.000000	-24.16396863
754.000000	46.81887028
756.000000	-55.74591475
758.000000	35.18605651
760.000000	-32.33532721
762.000000	-14.18355171
764.000000	-27.63182268
766.000000	35.39777856
768.000000	12.99542447
770.000000	9.07737449
772.000000	37.83748743
774.000000	-92.49542460
776.000000	-61.10233318
778.000000	-18.21269392
780.000000	-12.26463897
782.000000	32.14068411
784.000000	-40.25937082
786.000000	-24.05034199
788.000000	48.53823399
790.000000	-49.79535749
792.000000	7.42379948
794.000000	76.85886453
796.000000	-86.97486835
798.000000	35.84895114
800.000000	80.86147795
802.000000	-23.53296875
804.000000	-15.25371802
806.000000	12.70006336
808.000000	-66.07500848
810.000000	10.62778455
812.000000	-20.58934281
814.000000	-83.58409747
816.000000	7.56813519
818.000000	-57.37855986
820.000000	13.84424717
822.000000	26.41810801
824.000000	-28.38761172
826.000000	-15.41144073
828.000000	-59.95683652
830.000000	29.57277996
832.000000	-38.69447435
834.000000	79.94035891
836.000000	-19.09083433
838.000000	-22.33014938
840.000000	-51.28840363
842.000000	-3.40339888
844.000000	11.11580243
846.000000	83.00449965
848.000000	-27.48379187
850.000000	-50.07998067
852.000000	3.85917793
854.000000	52.65707233
856.000000	47.04365579
858.000000	25.05508230
860.000000	27.92170836
862.000000	-27.17669915
864.000000	-10.20056173
866.000000	28.57236526
868.000000	35.21416657
870.000000	-54.49409223
872.000000	13.89109011
874.000000	-67.53753310
876.000000	57.83697527
878.000000	41.81878288
880.000000	-15.01842427
882.000000	-1.48114957
884.000000	-68.11418520
886.000000	-21.94541783
888.000000	2.86092820
890.000000	21.47935244
892.000000	-12.77374368
894.000000	-38.53885269
896.000000	22.91456765
898.000000	-46.70561255
900.000000	-25.49363059
902.000000	51.99265006
904.000000	8.40232621
906.000000	15.59375532
908.000000	28.08807773
910.000000	6.04142180
912.000000	58.82581117
914.000000	-14.32516598
916.000000	14.76526666
918.000000	64.46117936
920.000000	-38.39826966
922.000000	68.44440428
924.000000	23.22412266
926.000000	-14.44958412
928.000000	-11.98692327
930.000000	69.63163953
932.000000	-69.31792889
934.000000	143.96471079
936.000000	27.35626461
938.000000	-16.53238845
940.000000	12.61638892
942.000000	6.09414686
944.000000	-30.59463736
946.000000	36.12923518
948.000000	15.03381968
950.000000	-68.17216675
952.000000	-39.81858159
954.000000	-37.31588032
956.000000	31.76375391
958.000000	18.20213811
960.000000	-76.25148247
962.000000	166.61619393
964.000000	-23.37302999
966.000000	46.16773237
968.000000	46.36853832
970.000000	-11.19169693
972.000000	-28.44639978
974.000000	-6.43939385
976.000000	60.91242245
978.000000	-20.19051854
980.000000	69.10947589
982.000000	15.96024432
984.000000	-17.25298892
986.000000	-41.79035576
988.000000	35.14570680
990.000000	53.59791406
992.000000	-27.71634298
994.000000	-13.82604157
996.000000	-5.92667368
998.000000	57.05146420
1000.000000	-71.65903788
1002.000000	-62.04882220
1004.000000	-25.52183298
1006.000000	25.29410103
1008.000000	120.25703341
1010.000000	-62.39307146
1012.000000	51.07059453
1014.000000	9.67046118
1016.000000	-15.04306161
1018.000000	-28.62575055
1020.000000	52.33306481
1022.000000	119.18082187
1024.000000	-30.06516013
1026.000000	49.40842847
1028.000000	27.60949626
1030.000000	31.09181745
1032.000000	33.71606527
1034.000000	-53.75361355
1036.000000	-52.98075918
1038.000000	29.62158416
1040.000000	-75.52447646
1042.000000	-40.92630509
1044.000000	-48.40342225
1046.000000	-68.07348440
1047.000000	46.83318012
1048.000000	47.70916765
1049.000000	80.33363900
1050.000000	-5.07951432
1051.000000	28.75153311
1052.000000	-25.80530099
1053.000000	-62.99060249
1054.000000	-14.66535284
1055.000000	33.70612933
1056.000000	-45.92023779
1057.000000	125.12811621
1058.000000	-22.84019732
1059.000000	34.06065682
1060.000000	5.12203908
1061.000000	39.82844700
1062.000000	22.12372713
1063.000000	-24.87979245
1064.000000	2.91695851
1065.000000	37.60747749
1066.000000	-27.97751778
1067.000000	-66.18037122
1068.000000	67.08058892
1069.000000	-38.39222552
1070.000000	-17.12980751
1071.000000	51.46586701
1072.000000	-37.38508832
1073.000000	8.41609414
1074.000000	-88.25449614
1075.000000	-93.03859966
1076.000000	-4.73979577
1077.000000	62.63044239
1078.000000	63.85823070
1079.000000	-62.23045940
1080.000000	102.34674684
1081.000000	-7.53053089
1082.000000	-43.32503365
1083.000000	38.03431134
1084.000000	50.47970326
1085.000000	-87.43240573
1086.000000	-32.41177258
1087.000000	-77.68029606
1088.000000	-66.97100939
1089.000000	51.04598324
1090.000000	2.11430725
1091.000000	-49.13561535
1092.000000	-3.18330465
1093.000000	-11.78733791
1094.000000	13.35040454
1095.000000	60.67857758
1096.000000	-55.84605027
1097.000000	-90.20849739
1098.000000	-36.21850651
1099.000000	1.13792975
1100.000000	-87.71892301
1101.000000	-31.26748498
1102.000000	22.82049513
1103.000000	31.01221459
1104.000000	75.16236183
1105.000000	45.03028740
1106.000000	-149.22949058
1107.000000	-41.07692092
1108.000000	-161.86503858
1109.000000	-12.12174870
1110.000000	116.71138110
1111.000000	32.89280062
1112.000000	-20.19201520
1113.000000	25.88809601
1114.000000	38.74631939
1115.000000	-5.38434236
1116.000000	74.15908146
1117.000000	2.84353562
1118.000000	-14.16361881
1119.000000	-33.17600016
1120.000000	-62.55082612
1121.000000	32.91345884
1122.000000	-8.09179982
1123.000000	-86.35647753
1124.000000	43.23242369
1125.000000	-12.72450591
1126.000000	9.94527051
1127.000000	-50.44885016
1128.000000	11.53604331
1129.000000	-2.99813065
1130.000000	-15.98021148
1131.000000	-39.55512361
1132.000000	-40.68231619
1133.000000	-17.64856305
1134.000000	2.18866107
1135.000000	-39.50048697
1136.000000	-31.45362648
1137.000000	-49.67882463
1138.000000	-43.27191543
1139.000000	-41.46622302
1140.000000	158.75245762
1141.000000	-39.20202202
1142.000000	-139.71667203
1143.000000	-57.57513737
1144.000000	10.01204006
1145.000000	21.24377021
1146.000000	16.25228562
1147.000000	115.16188642
1148.000000	-7.39015955
1149.000000	-69.35538474
1150.000000	-27.83348050
1151.000000	34.45985898
1152.000000	24.98683559
1153.000000	-35.17107182
1154.000000	-7.60268580
1155.000000	-17.03791572
1156.000000	-36.35727183
1157.000000	-71.09052596
1158.000000	39.16996648
1159.000000	-109.55183759
1160.000000	-4.18011055
1161.000000	-2.06257820
1162.000000	7.34585297
1163.000000	-5.75224507
1164.000000	-51.08107576
1165.000000	134.81406954
1166.000000	15.34191591
1167.000000	-38.96783840
1168.000000	-48.11344543
1169.000000	44.46495528
1170.000000	-58.13345812
1171.000000	-6.52885543
1172.000000	-74.86269916
1173.000000	53.14469573
1174.000000	75.46135618
1175.000000	-34.60398456
1176.000000	-6.41847205
1177.000000	50.48216335
1178.000000	14.61963314
1179.000000	-28.17948959
1180.000000	-43.22577695
1181.000000	-62.51722273
1182.000000	22.45188176
1183.000000	-45.16523212
1184.000000	-105.95459622
1185.000000	-6.07146165
1186.000000	19.90974391
1187.000000	-65.67918770
1188.000000	48.38385907
1189.000000	-3.18233809
1190.000000	-44.95344375
1191.000000	-2.18487219
1192.000000	-56.54405493
1193.000000	-49.62821442
1194.000000	28.15493524
1195.000000	66.68579169
1196.000000	-31.68074905
1197.000000	9.78093456
1198.000000	28.58127547
1199.000000	70.78941063
1200.000000	92.91410638
1201.000000	49.17230797
1202.000000	9.13469964
1203.000000	-43.91418214
1204.000000	-0.85810429
1205.000000	-33.73753213
1206.000000	-48.38687912
1207.000000	61.61534765
1208.000000	39.35162213
1209.000000	-38.97751250
1210.000000	27.23058959
1211.000000	-15.48464661
1212.000000	26.15239473
1213.000000	76.93167823
1214.000000	72.94255554
1215.000000	-14.41781701
1216.000000	-39.38530716
1217.000000	90.52750624
1218.000000	1.24246677
1219.000000	-39.29589268
1220.000000	-9.12687128
1221.000000	64.13474258
1222.000000	-21.73691085
1223.000000	11.63013549
1224.000000	57.27473855
1225.000000	25.63548439
1226.000000	-93.68610977
1227.000000	-41.06917503
1228.000000	-96.98317993
1229.000000	-21.51586208
1230.000000	-14.22362257
1231.000000	-9.26366822
1232.000000	-18.22957021
1233.000000	-77.08122353
1234.000000	-90.03336307
1235.000000	6.67998247
1236.000000	-7.40070822
1237.000000	6.91180515
1238.000000	-3.29273802
1239.000000	-58.23431899
1240.000000	-15.83527060
1241.000000	56.89244068
1242.000000	88.11529863
1243.000000	30.53971608
1244.999000	26.72785658
1245.999000	100.52303964
1246.999000	85.63738430
1247.999000	-24.16180864
1248.999000	10.00024959
1249.999000	-11.16416538
1250.999000	-16.34203211
1251.999000	-112.30964310
1252.999000	91.89171136
1253.999000	-23.80216385
1254.999000	48.93644093
1255.999000	56.60040601
1256.999000	5.79424569
1257.999000	99.21577331
1258.999000	1.49922736
1259.999000	-4.20194647
1260.999000	32.14927614
1261.999000	12.20510925
1262.999000	-82.75051343
1263.999000	54.88589831
1264.999000	22.82207638
1265.999000	54.01128659
1266.999000	36.24692431
1267.999000	23.61220910
1268.999000	49.71581938
1269.999000	-82.94095776
1270.999000	15.75601072
1271.999000	-1.26383960
1272.999000	-81.89374692
1273.999000	13.07631364
1274.999000	-74.26436954
1275.999000	-66.23076535
1276.999000	-2.11675235
1277.999000	-23.67947359
1278.999000	-15.39940516
1279.999000	-77.89098980
1280.999000	-114.54354869
1281.999000	3.16097479
1282.999000	17.59695197
1283.999000	58.51546660
1284.999000	6.50749176
1285.999000	-110.63631235
1286.999000	104.03588978
1287.999000	16.72116880
1288.999000	-52.55729443
1289.999000	60.90394132
1290.999000	38.66919131
1291.999000	5.03744615
1292.999000	38.81402333
1293.999000	5.88053788
1294.999000	2.97560514
1295.999000	-29.86653478
1296.999000	70.80706904
1297.999000	-12.67370074
1298.999000	70.28148119
1299.999000	-61.99155550
1300.999000	-31.47093243
1301.999000	-14.34242568
1302.999000	1.00980158
1303.999000	70.17875397
1304.999000	-124.14942520
1305.999000	8.26344206
1306.999000	-10.76374781
1307.999000	-7.97853058
1308.999000	25.27105125
1309.999000	45.23242290
1310.999000	-97.61466093
1311.999000	-46.38154787
1312.999000	4.93420916
1313.999000	-57.86739353
1314.999000	20.20860696
1315.999000	13.04158876
1316.999000	-112.50227627
1317.999000	28.42542787
1318.999000	-33.77241948
1319.999000	21.54033905
1320.999000	-69.86778320
1321.999000	-39.76168784
1322.999000	11.61175547
1323.999000	-33.00117491
1324.999000	50.80286720
1325.999000	79.42259396
1326.999000	-66.64105499
1327.999000	12.38637023
1328.999000	-61.25764040
1329.999000	-34.36010543
1330.999000	28.99680525
1331.999000	-46.04076772
1332.999000	-2.29268123
1333.999000	41.07894530
1334.999000	32.00483977
1335.999000	-15.82456883
1336.999000	13.76430000
1337.999000	32.54133953
1338.999000	21.77002784
1339.999000	-37.72682722
1340.999000	-10.79044300
1341.999000	-123.70130525
1342.999000	-17.18697649
1343.999000	52.35775335
1344.999000	4.44032174
1345.999000	-59.76650222
1346.999000	-9.58848198
1347.999000	18.62590335
1348.999000	-27.74143865
1349.999000	55.50887751
1350.999000	-25.71752890
1351.999000	-15.54839668
1352.999000	-15.78099845
1353.999000	-80.95083282
1354.999000	-70.46644615
1355.999000	-26.52951941
1356.999000	14.98021176
1357.999000	147.92726425
1358.999000	44.65891914
1359.999000	13.94449293
1360.999000	132.52265840
1361.999000	28.46720922
1362.999000	36.07630342
1363.999000	-66.53200711
1364.999000	-34.68437114
1365.999000	15.71404123
1366.999000	5.38529041
1367.999000	18.03972420
1368.999000	25.51885615
1369.999000	15.16422301
1370.999000	-38.89541406
1371.999000	62.45705433
1372.999000	16.02701596
1373.999000	1.59432619
1374.999000	31.29396572
1375.999000	14.83060546
1376.999000	-11.94986182
1377.999000	1.64712918
1378.999000	-28.33895427
1379.999000	-6.88826583
1380.999000	0.28386264
1381.999000	-35.40296955
1382.999000	-39.44095663
1383.999000	-7.97909732
1384.999000	30.86511706
1385.999000	4.63046400
1386.999000	120.41490659
1387.999000	-40.78282157
1388.999000	-6.06409756
1389.999000	40.65336175
1390.999000	27.54632737
1391.999000	65.62815600
1392.999000	22.25351971
1393.999000	-31.79635822
1394.999000	-107.92989387
1395.999000	-58.86939315
1396.999000	110.79612375
1397.999000	-12.01682923
1398.999000	-32.00880062
1399.999000	6.08669837
1400.999000	-74.88675937
1401.999000	14.31952844
1402.999000	-29.04274686
1403.999000	74.98938060
1404.999000	18.11128065
1405.999000	-51.21199074
1406.999000	-4.45027568
1407.999000	31.17673773
1408.999000	4.10767933
1409.999000	77.15872355
1410.999000	20.45229148
1411.999000	35.45141308
1412.999000	40.97007302
1413.999000	53.55164694
1414.999000	1.87622645
1415.999000	-45.69448501
1416.999000	-67.54773519
1417.999000	10.17456929
1418.999000	-5.99443689
1419.999000	-45.27636113
1420.999000	-18.32230092
1421.999000	67.96640375
1422.999000	59.88910137
1423.999000	-64.28670819
1424.999000	51.78219827
1425.999000	86.38182509
1426.999000	16.36878141
1427.999000	-54.38214834
1428.999000	-77.36535233
1429.999000	21.10303443
1430.999000	-54.61987057
1431.999000	16.90848139
1432.999000	-54.41062391
1433.999000	-9.74833183
1434.999000	48.19522772
1435.999000	12.11293574
1436.999000	39.47610999
1437.999000	28.53055523
1438.999000	45.65656640
1439.999000	44.93309703
1440.999000	-55.92153901
1441.999000	28.37189883
1442.999000	-71.15713222
1443.999000	29.08376242
1444.999000	-5.55757811
1445.999000	-6.06466411
1446.999000	-9.07743968
1447.999000	38.92873616
1448.999000	-21.74495503
1449.999000	3.16553072
1450.999000	32.22115031
1451.999000	-72.69052179
1452.999000	17.50682831
1453.999000	-28.16406746
1454.999000	18.68437766
1455.999000	-4.35124052
1456.999000	15.10961436
1457.999000	-3.79886537
1458.999000	6.16929296
1459.999000	-46.11272453
1460.999000	-13.78752327
1461.999000	-34.09108078
1462.999000	-36.48019838
1463.999000	-47.82846761
1464.999000	61.55029217
1465.999000	133.52433895
1466.999000	-42.32205438
1467.999000	9.72702989
1468.999000	27.31462971
1469.999000	-48.00838479
1470.999000	-59.51105144
1471.999000	31.14421134
1472.999000	-3.32369360
1473.999000	-22.91080481
1474.999000	53.38985133
1475.999000	29.68816452
1476.999000	-88.80323186
1477.999000	29.70128609
1478.999000	7.29734689
1479.999000	82.41488903
1480.999000	23.95629265
1481.999000	77.31112191
1482.999000	-6.16514074
1483.999000	84.91969690
1484.999000	16.74879191
1485.999000	93.28621436
1486.999000	-49.72728560
1487.999000	-85.34597079
1488.999000	-48.30262772
1489.999000	37.82360968
1490.999000	-31.99512121
1491.999000	-49.78835282
1492.999000	-39.68321864
1493.999000	-27.92026368
1494.999000	-2.60049732
1495.999000	-2.36065290
1496.999000	-44.03145586
