# F(k,t) correlation function
# Reference time: 803.001 ps
# lag_time_ps	F(k,t)
0.000000	560.42536817
2.000000	-54.87982824
4.000000	-10.37083978
6.000000	-25.13020467
8.000000	-25.20249800
10.000000	27.08517772
12.000000	98.23241159
14.000000	88.77936215
16.000000	24.62616771
18.000000	-55.47503130
20.000000	105.97173271
22.000000	50.21136737
24.000000	40.81425187
26.000000	55.59477300
28.000000	-13.32258940
30.000000	-51.13495618
32.000000	-20.80206373
34.000000	29.41893465
36.000000	107.18465154
38.000000	0.21997591
40.000000	98.26229351
42.000000	28.14109708
44.000000	110.64533367
46.000000	48.93901213
48.000000	-78.15465748
50.000000	-15.05657079
52.000000	-81.32706481
54.000000	13.59744437
56.000000	-15.98263185
58.000000	29.98457452
60.000000	-56.52089155
62.000000	40.93799781
64.000000	40.31261916
66.000000	80.03537811
68.000000	-55.58744350
70.000000	49.41487240
72.000000	23.58599473
74.000000	-3.93222744
76.000000	-84.03371396
78.000000	1.87788403
80.000000	61.05877529
82.000000	20.37116696
84.000000	3.98536948
86.000000	116.25793699
88.000000	-2.46482156
90.000000	20.32649265
92.000000	71.80514602
94.000000	-4.90437332
96.000000	52.01951507
98.000000	30.02241180
100.000000	48.59427283
102.000000	66.49288585
104.000000	25.08499733
106.000000	-82.20768444
108.000000	-35.51583065
110.000000	-36.62554355
112.000000	-68.78593182
114.000000	89.07341075
116.000000	5.10337656
118.000000	-54.94433575
120.000000	62.25553856
122.000000	-45.89028493
124.000000	-52.96390046
126.000000	-5.58041067
128.000000	23.75998648
130.000000	-55.90458632
132.000000	30.07830244
134.000000	-100.60474034
136.000000	-88.58186697
138.000000	0.02486888
140.000000	-37.40931833
142.000000	79.86527971
144.000000	-8.99611582
146.000000	58.67817324
148.000000	29.43289731
150.000000	12.61708786
152.000000	22.17141646
154.000000	36.82648608
156.000000	-80.59691312
158.000000	17.26605976
160.000000	-7.24055507
162.000000	-2.97874358
164.000000	22.73692576
166.000000	2.98442155
168.000000	-17.81600781
170.000000	-26.14506263
172.000000	-52.11556153
174.000000	58.08264866
176.000000	-0.89454833
178.000000	31.27677012
180.000000	-27.79771174
182.000000	77.30639565
184.000000	22.20374892
186.000000	68.94563352
188.000000	-154.18155869
190.000000	-1.21696811
192.000000	-0.95268281
194.000000	0.62512519
196.000000	-22.11541063
198.000000	23.54136702
200.000000	29.72648448
202.000000	27.98699853
204.000000	-35.79454276
206.000000	-30.74642703
208.000000	4.47253875
210.000000	-110.04107581
212.000000	-99.94457068
214.000000	64.11063681
216.000000	7.80093142
218.000000	67.35483433
220.000000	96.89896845
222.000000	23.57912496
224.000000	17.50862705
226.000000	-52.63178289
228.000000	23.66084176
230.000000	-36.70390092
232.000000	60.43319684
234.000000	13.27326742
236.000000	107.74126459
238.000000	15.17735040
240.000000	-67.59671255
242.000000	4.62907995
244.000000	11.64603563
246.000000	-78.67869435
248.000000	44.99652211
250.000000	-10.01046666
252.000000	-43.41221518
254.000000	53.54553772
256.000000	-32.28328632
258.000000	35.18802688
260.000000	29.59476964
262.000000	-21.69894079
264.000000	-26.46214329
266.000000	-45.60566961
268.000000	-29.59810614
270.000000	8.12264779
272.000000	69.38866856
274.000000	67.10956587
276.000000	-43.29417468
278.000000	-56.89208837
280.000000	13.19708157
282.000000	25.75974944
284.000000	-20.05988692
286.000000	36.80880724
288.000000	-44.64799783
290.000000	-15.27838835
292.000000	-47.93427125
294.000000	22.86815987
296.000000	2.40528415
298.000000	-134.96754534
300.000000	29.25608482
302.000000	8.09948028
304.000000	-30.24234231
306.000000	31.06669620
308.000000	43.87308041
310.000000	47.55237145
312.000000	0.44906028
314.000000	66.90441549
316.000000	41.62742287
318.000000	-13.07492778
320.000000	63.45016256
322.000000	-85.80187105
324.000000	-7.29827395
326.000000	-35.06484527
328.000000	19.81296610
330.000000	-141.00758903
332.000000	40.43247970
334.000000	8.98263223
336.000000	21.98826472
338.000000	7.03755518
340.000000	-87.21180869
342.000000	-24.98674722
344.000000	-76.65893989
346.000000	22.18749900
348.000000	-55.29993194
350.000000	-89.33279569
352.000000	130.59320681
354.000000	-0.56703724
356.000000	-63.55279602
358.000000	90.91175550
360.000000	66.28066834
362.000000	-28.57820305
364.000000	96.19752809
366.000000	-76.15882182
368.000000	65.65503615
370.000000	-35.13514982
372.000000	78.25520696
374.000000	32.60255880
376.000000	-3.45423612
378.000000	8.12471120
380.000000	82.18528373
382.000000	-81.25622755
384.000000	-36.50643774
386.000000	-39.40130990
388.000000	-64.42464419
390.000000	-113.44813667
392.000000	-6.12672250
394.000000	-34.08624942
396.000000	-78.25091100
398.000000	-117.94418592
400.000000	0.81370456
402.000000	-54.56997243
404.000000	-21.51702234
406.000000	-7.05972186
408.000000	42.08349755
410.000000	50.71226348
412.000000	30.02440502
414.000000	-36.20446472
416.000000	63.86351119
418.000000	32.75184000
420.000000	-30.45644727
422.000000	89.52213595
424.000000	2.50750652
426.000000	146.17466204
428.000000	7.62993603
430.000000	-26.97759568
432.000000	40.30990372
434.000000	-12.23507178
436.000000	12.30096892
438.000000	-70.48454862
440.000000	23.29766044
442.000000	84.45940605
444.000000	8.49102823
446.000000	-85.07562205
448.000000	-50.30132358
450.000000	33.55155080
452.000000	81.48378949
454.000000	-44.70259792
456.000000	-22.23940985
458.000000	18.60082276
460.000000	-54.18803933
462.000000	-42.60522498
464.000000	-57.58173772
466.000000	-17.01033325
468.000000	-35.41656408
470.000000	-28.89072288
472.000000	-41.23029241
474.000000	-39.56147510
476.000000	87.47505533
478.000000	-20.06531133
480.000000	7.37869227
482.000000	64.66134374
484.000000	22.93030075
486.000000	1.74317217
488.000000	103.61045483
490.000000	-7.48898475
492.000000	-51.00197821
494.000000	-3.10547354
496.000000	-68.10012512
498.000000	38.77938520
500.000000	27.80059588
502.000000	15.33355065
504.000000	-34.15964296
506.000000	-26.93988805
508.000000	-52.22970551
510.000000	-60.25189710
512.000000	-52.81407085
514.000000	-84.23782517
516.000000	-13.39066384
518.000000	-72.77883259
520.000000	-27.99482917
522.000000	-40.28506497
524.000000	-56.00931250
526.000000	1.18147320
528.000000	37.66750376
530.000000	-28.53263477
532.000000	-34.84185004
534.000000	-5.62726921
536.000000	-56.32327237
538.000000	-21.32688122
540.000000	-21.53817087
542.000000	-38.29464144
544.000000	-8.58876081
546.000000	-21.55428579
548.000000	-67.44027926
550.000000	53.24569108
552.000000	20.34270947
554.000000	-26.57539136
556.000000	-59.81846749
558.000000	-24.82844446
560.000000	-9.75572963
562.000000	-25.73277179
564.000000	69.13280652
566.000000	85.19299460
568.000000	-47.20611322
570.000000	-86.55453172
572.000000	14.82850236
574.000000	-0.86084440
576.000000	17.63985907
578.000000	-64.08463882
580.000000	-40.48724828
582.000000	-45.45021857
584.000000	-7.13397408
586.000000	-48.43872230
588.000000	8.42632587
590.000000	-67.04377305
592.000000	102.80875481
594.000000	6.97359934
596.000000	-49.12292202
598.000000	-98.16156417
600.000000	42.20683225
602.000000	84.76299315
604.000000	27.78025408
606.000000	-25.49296805
608.000000	16.08887596
610.000000	-6.70401770
612.000000	45.72098840
614.000000	-18.46139768
616.000000	-18.67783148
618.000000	84.37587641
620.000000	-41.84109332
622.000000	51.87912209
624.000000	-24.41512450
626.000000	-42.57835745
628.000000	67.43048689
630.000000	13.14962746
632.000000	13.90010035
634.000000	-15.92014050
636.000000	17.52979752
638.000000	40.91960072
640.000000	44.70555986
642.000000	15.12575767
644.000000	142.61427822
646.000000	44.05595941
648.000000	34.49560540
650.000000	25.68079790
652.000000	10.64481457
654.000000	62.80737185
656.000000	11.88891208
658.000000	-1.81377996
660.000000	18.28334258
662.000000	-2.74245634
664.000000	-17.50029641
666.000000	-27.37958834
668.000000	-27.18068333
670.000000	17.44711964
672.000000	96.91667459
674.000000	2.41680055
676.000000	-71.03305990
678.000000	-67.05525193
680.000000	-54.59137015
682.000000	-51.51197161
684.000000	83.48069490
686.000000	-47.83802922
688.000000	6.80898841
690.000000	7.09197526
692.000000	43.80448283
694.000000	-6.70206595
696.000000	58.61706986
698.000000	59.23193694
700.000000	57.80816718
702.000000	-14.77502612
704.000000	-64.00674069
706.000000	-16.04404727
708.000000	-37.02981039
710.000000	38.67885759
712.000000	107.37489390
714.000000	0.59773028
716.000000	-48.22763833
718.000000	-53.52204971
720.000000	-61.81935502
722.000000	105.29307189
724.000000	79.60212154
726.000000	5.99177040
728.000000	5.88012707
730.000000	-97.47044764
732.000000	36.33870729
734.000000	21.48740198
736.000000	-96.58648258
738.000000	-14.89568610
740.000000	43.51295008
742.000000	69.85899135
744.000000	-38.94763215
746.000000	-6.56248031
748.000000	-52.70411778
750.000000	-89.45146380
752.000000	-49.94288710
754.000000	-21.03828277
756.000000	-12.52568355
758.000000	-58.40976143
760.000000	-42.60556514
762.000000	-100.57924516
764.000000	-22.61207750
766.000000	52.59066728
768.000000	59.82971751
770.000000	-17.26162661
772.000000	-42.18355248
774.000000	-38.66644182
776.000000	-10.97031008
778.000000	2.08958351
780.000000	-23.55956287
782.000000	114.81661707
784.000000	7.58236087
786.000000	-45.77776491
788.000000	35.77314545
790.000000	-40.42864329
792.000000	-40.19834625
794.000000	10.24705458
796.000000	-2.10702146
798.000000	14.23830915
800.000000	16.99123973
802.000000	-9.09495927
804.000000	-7.76006709
806.000000	-10.07972948
808.000000	-11.91719837
810.000000	-50.91049554
812.000000	7.93054401
814.000000	-16.42809610
816.000000	93.82422040
818.000000	-15.11065166
820.000000	20.73698030
822.000000	7.52860580
824.000000	-25.80938488
826.000000	-31.99230622
828.000000	18.70250052
830.000000	46.76630234
832.000000	-6.74162611
834.000000	46.41897708
836.000000	44.09208215
838.000000	-67.55864970
840.000000	84.66592663
842.000000	83.72838741
844.000000	-18.62032168
846.000000	136.90820672
848.000000	47.63667839
850.000000	51.14946739
852.000000	-69.81839119
854.000000	8.13163730
856.000000	19.10885818
858.000000	-40.78206954
860.000000	24.30468190
862.000000	83.89778078
864.000000	6.94436200
866.000000	-6.54120480
868.000000	-63.34693771
870.000000	1.09352130
872.000000	-35.07050850
874.000000	44.28274592
876.000000	-27.09704394
878.000000	4.99586745
880.000000	-89.21654469
882.000000	20.96004191
884.000000	60.42877024
886.000000	-100.26614166
888.000000	-0.29142149
890.000000	66.51077705
892.000000	87.43193331
894.000000	-59.55230556
896.000000	-79.15466568
898.000000	56.01007747
900.000000	-106.57847341
902.000000	-22.58574061
904.000000	33.83094282
906.000000	2.93128375
908.000000	-1.55568614
910.000000	-13.15254686
912.000000	54.56486930
914.000000	-27.08379665
916.000000	25.26980466
918.000000	-60.22297851
920.000000	-29.13803498
922.000000	23.45122912
924.000000	-54.37067740
926.000000	-34.79782650
928.000000	87.85098187
930.000000	-109.37449933
932.000000	33.87288622
934.000000	-82.66339308
936.000000	67.16774314
938.000000	24.00840602
940.000000	23.30148275
942.000000	113.09161699
944.000000	145.91097484
946.000000	-3.64114072
948.000000	-5.49872407
950.000000	-1.83633430
952.000000	-22.54707528
954.000000	-99.83430268
956.000000	7.44396342
958.000000	1.99030937
960.000000	41.84889526
962.000000	-55.66929949
964.000000	-50.96639857
966.000000	76.17773734
968.000000	-100.84777705
970.000000	-89.27125548
972.000000	-36.91545329
974.000000	34.08283875
976.000000	92.46837520
978.000000	8.11676744
980.000000	-58.77417072
982.000000	-77.68738101
984.000000	-9.45618271
986.000000	-33.91170130
988.000000	41.31330333
990.000000	-72.60978259
992.000000	18.63272560
994.000000	-101.00600593
996.000000	55.07852219
998.000000	50.20348042
1000.000000	-17.38174820
1002.000000	-47.98995873
1004.000000	-86.36740033
1006.000000	-38.13284923
1008.000000	27.87063787
1010.000000	20.64604141
1012.000000	35.60764665
1014.000000	62.66780332
1016.000000	-74.86524727
1018.000000	28.73433641
1020.000000	5.20024461
1022.000000	62.94458232
1024.000000	-92.43280773
1026.000000	16.91458452
1028.000000	98.28748276
1030.000000	79.37365098
1032.000000	16.55182583
1034.000000	-45.05322393
1036.000000	3.86524906
1038.000000	0.38732517
1040.000000	15.70385626
1042.000000	-30.77769646
1044.000000	56.23966383
1046.000000	10.02621890
1047.000000	53.16941819
1048.000000	-65.29489562
1049.000000	62.95130780
1050.000000	-4.46728008
1051.000000	-31.45019432
1052.000000	-5.84604615
1053.000000	39.39355039
1054.000000	57.24728116
1055.000000	-31.70767578
1056.000000	-9.28007289
1057.000000	-50.23647593
1058.000000	-44.98421893
1059.000000	-18.47153744
1060.000000	-44.88502094
1061.000000	82.70275930
1062.000000	28.10305005
1063.000000	-74.59541046
1064.000000	5.38801156
1065.000000	80.97674748
1066.000000	38.08521204
1067.000000	-53.94192326
1068.000000	5.72164331
1069.000000	-38.13612609
1070.000000	-18.86486899
1071.000000	42.76483879
1072.000000	-21.21584535
1073.000000	61.04726352
1074.000000	-11.83465144
1075.000000	21.47533544
1076.000000	16.91828177
1077.000000	68.79668249
1078.000000	66.52985765
1079.000000	-5.61650057
1080.000000	9.88372747
1081.000000	20.92755013
1082.000000	-0.16986387
1083.000000	-10.92953106
1084.000000	-2.88155546
1085.000000	15.05683899
1086.000000	24.87349864
1087.000000	-19.64224709
1088.000000	2.86467522
1089.000000	56.39358997
1090.000000	-19.59026470
1091.000000	86.09183891
1092.000000	-102.45772296
1093.000000	-20.87231246
1094.000000	58.28653539
1095.000000	17.17945701
1096.000000	12.49689765
1097.000000	9.03165180
1098.000000	47.19145748
1099.000000	27.22458760
1100.000000	37.62947009
1101.000000	53.01244055
1102.000000	68.88586941
1103.000000	102.02567170
1104.000000	-98.19928447
1105.000000	-74.70624110
1106.000000	-21.07031656
1107.000000	52.31376054
1108.000000	9.64201795
1109.000000	-50.24473161
1110.000000	-112.45344835
1111.000000	-64.77927895
1112.000000	-22.95893806
1113.000000	-9.69328054
1114.000000	-23.50211592
1115.000000	-53.73154079
1116.000000	-130.49484188
1117.000000	-0.38672520
1118.000000	93.94057329
1119.000000	-47.14847591
1120.000000	-37.00491084
1121.000000	-50.96390166
1122.000000	31.72426219
1123.000000	66.72052250
1124.000000	30.50082587
1125.000000	-31.03573567
1126.000000	16.53545265
1127.000000	-19.52350071
1128.000000	-24.56077006
1129.000000	-49.70041846
1130.000000	30.47432598
1131.000000	1.89098309
1132.000000	-84.06411589
1133.000000	74.34762820
1134.000000	43.69019993
1135.000000	-18.25979632
1136.000000	27.27530183
1137.000000	31.27450651
1138.000000	11.62677774
1139.000000	59.69396839
1140.000000	32.45045639
1141.000000	-34.85664473
1142.000000	-51.27117071
1143.000000	1.62214084
1144.000000	44.72933730
1145.000000	11.25879403
1146.000000	132.94599282
1147.000000	-54.57180541
1148.000000	-41.99551199
1149.000000	-10.58476261
1150.000000	24.92033714
1151.000000	1.04572569
1152.000000	-59.58502471
1153.000000	44.52864512
1154.000000	57.26221117
1155.000000	-48.54878929
1156.000000	42.53011321
1157.000000	-34.77132181
1158.000000	22.39735554
1159.000000	0.53312290
1160.000000	55.59164082
1161.000000	-5.35660364
1162.000000	-18.01817633
1163.000000	49.25448336
1164.000000	-17.98412384
1165.000000	-1.65802373
1166.000000	42.55942679
1167.000000	-108.28469705
1168.000000	6.37140074
1169.000000	11.04971900
1170.000000	7.00415491
1171.000000	-102.67500646
1172.000000	40.89304954
1173.000000	-37.54206130
1174.000000	5.61917820
1175.000000	-44.36039232
1176.000000	19.79637373
1177.000000	30.74934541
1178.000000	-30.40082593
1179.000000	42.92974742
1180.000000	-4.49018510
1181.000000	-134.51850312
1182.000000	-43.91376749
1183.000000	46.73178644
1184.000000	-36.51356589
1185.000000	-29.41569287
1186.000000	-25.98948316
1187.000000	-46.69003786
1188.000000	-13.68484625
1189.000000	9.40905005
1190.000000	-104.20025143
1191.000000	47.31786058
1192.000000	89.21609657
1193.000000	12.77306293
1194.000000	-64.39247534
1195.000000	-34.71598906
1196.000000	71.74907474
1197.000000	-54.07906876
1198.000000	-26.87128284
1199.000000	17.97998352
1200.000000	44.85777461
1201.000000	23.93006551
1202.000000	48.02911596
1203.000000	14.01782866
1204.000000	-71.17184108
1205.000000	-63.43566204
1206.000000	-25.15112092
1207.000000	-131.06006832
1208.000000	-39.26573291
1209.000000	2.04777762
1210.000000	-55.24142435
1211.000000	-69.82042103
1212.000000	-7.26185878
1213.000000	-19.23764882
1214.000000	43.10364627
1215.000000	-9.89956088
1216.000000	-26.34344305
1217.000000	68.85336894
1218.000000	1.97340836
1219.000000	24.78352087
1220.000000	-32.25322359
1221.000000	71.22542661
1222.000000	31.16063695
1223.000000	37.38096668
1224.000000	123.90408256
1225.000000	-42.05030504
1226.000000	-55.49016413
1227.000000	65.62159947
1228.000000	-13.89440586
1229.000000	-16.90471780
1230.000000	-64.29518210
1231.000000	65.11313563
1232.000000	59.78391636
1233.000000	35.23304144
1234.000000	-4.44127161
1235.000000	0.88574332
1236.000000	-37.72520670
1237.000000	-49.89043990
1238.000000	22.51092710
1239.000000	98.96627360
1240.000000	25.29743444
1241.000000	38.79535897
1242.000000	-64.00959626
1243.000000	-10.76434939
1244.999000	8.05389031
1245.999000	-6.06637725
1246.999000	110.80935654
1247.999000	67.89995837
1248.999000	-105.45641897
1249.999000	-23.13195970
1250.999000	17.90070008
1251.999000	16.19371566
1252.999000	-91.49970439
1253.999000	72.36629564
1254.999000	64.09415443
1255.999000	-16.30387724
1256.999000	51.28510133
1257.999000	-52.35848643
1258.999000	43.68810058
1259.999000	37.67726586
1260.999000	-24.07557335
1261.999000	95.94105992
1262.999000	31.91603214
1263.999000	-7.27504664
1264.999000	3.31025710
1265.999000	27.67774786
1266.999000	113.71412604
1267.999000	40.94637451
1268.999000	-94.17232643
1269.999000	-57.30323621
1270.999000	55.05028390
1271.999000	98.67481600
1272.999000	31.59537654
1273.999000	106.41972203
1274.999000	36.23410900
1275.999000	71.52341985
1276.999000	13.40647275
1277.999000	3.12085938
1278.999000	71.07772198
1279.999000	114.16574160
1280.999000	-44.74202133
1281.999000	-81.91125340
1282.999000	8.49961383
1283.999000	12.92507193
1284.999000	-55.82838331
1285.999000	56.86258945
1286.999000	31.38502430
1287.999000	-45.40106536
1288.999000	-73.27910781
1289.999000	20.72094323
1290.999000	-48.91699634
1291.999000	-38.22575368
1292.999000	-27.90972513
1293.999000	-36.32374972
1294.999000	-6.48469215
1295.999000	-33.88866176
1296.999000	-35.81801378
1297.999000	6.32924990
1298.999000	-42.00889356
1299.999000	-17.88167566
1300.999000	102.87346675
1301.999000	45.93372527
1302.999000	-4.25657598
1303.999000	36.87058743
1304.999000	56.11641181
1305.999000	-25.27512405
1306.999000	7.22259372
1307.999000	-81.82632726
1308.999000	-74.75211279
1309.999000	-23.98235850
1310.999000	1.96522543
1311.999000	-37.47184861
1312.999000	-33.97688862
1313.999000	-47.33065972
1314.999000	-5.15516848
1315.999000	18.68678552
1316.999000	48.07887387
1317.999000	10.86032703
1318.999000	4.42227599
1319.999000	-37.77048837
1320.999000	-45.62181452
1321.999000	51.42639132
1322.999000	-11.18406585
1323.999000	10.94886205
1324.999000	-34.05883370
1325.999000	12.32132734
1326.999000	-73.10893922
1327.999000	51.36893708
1328.999000	86.51903501
1329.999000	71.36689993
1330.999000	-34.82424429
1331.999000	-2.29095434
1332.999000	11.27198205
1333.999000	55.51755880
1334.999000	13.98414217
1335.999000	141.08398586
1336.999000	58.73608403
1337.999000	-35.43374632
1338.999000	-40.25589466
1339.999000	109.71854607
1340.999000	-102.41227128
1341.999000	27.44964938
1342.999000	33.33475819
1343.999000	33.01130267
1344.999000	-90.60626176
1345.999000	49.86044680
1346.999000	137.57352501
1347.999000	17.03260878
1348.999000	113.58153346
1349.999000	51.01339565
1350.999000	23.43694353
1351.999000	79.96096580
1352.999000	-28.08726875
1353.999000	-6.61082736
1354.999000	-90.42767287
1355.999000	-114.82617892
1356.999000	-63.89378518
1357.999000	40.21778876
1358.999000	93.21703455
1359.999000	-46.20613474
1360.999000	18.67091469
1361.999000	-72.43942808
1362.999000	-43.53323675
1363.999000	4.26610931
1364.999000	52.78504786
1365.999000	42.83383013
1366.999000	49.35954130
1367.999000	73.82040819
1368.999000	42.01366381
1369.999000	24.53448612
1370.999000	-68.67920935
1371.999000	3.01282437
1372.999000	34.80643180
1373.999000	8.34081033
1374.999000	157.93450123
1375.999000	73.32896181
1376.999000	30.25441740
1377.999000	7.57712366
1378.999000	-34.71713385
1379.999000	2.95665562
1380.999000	-15.74637125
1381.999000	23.53374971
1382.999000	-20.50837367
1383.999000	-3.75463303
1384.999000	-93.91375281
1385.999000	-4.64926306
1386.999000	-76.39328786
1387.999000	72.88686778
1388.999000	-86.48482385
1389.999000	8.97692043
1390.999000	-5.38410447
1391.999000	7.02715659
1392.999000	-101.64289123
1393.999000	-36.39333055
1394.999000	-4.22849638
1395.999000	94.01746757
1396.999000	-88.02943444
1397.999000	67.34828667
1398.999000	-7.90522694
1399.999000	-69.99569883
1400.999000	-82.93573411
1401.999000	46.02622935
1402.999000	-72.07354973
1403.999000	-1.78671342
1404.999000	-78.17255426
1405.999000	9.56941565
1406.999000	-13.22897707
1407.999000	31.29118582
1408.999000	-12.46088655
1409.999000	-25.60996443
1410.999000	-0.62126286
1411.999000	-19.19573970
1412.999000	13.07576623
1413.999000	98.13112943
1414.999000	-34.64393300
1415.999000	-57.11133928
1416.999000	-87.00131660
1417.999000	-29.07113409
1418.999000	-82.93711957
1419.999000	69.07048170
1420.999000	-16.44003257
1421.999000	-0.28676210
1422.999000	-18.31199983
1423.999000	-21.99043626
1424.999000	-44.27769596
1425.999000	-23.56887717
1426.999000	60.33426052
1427.999000	74.62554673
1428.999000	-8.47564572
1429.999000	-28.41785605
1430.999000	81.66345969
1431.999000	55.21474926
1432.999000	-7.12330900
1433.999000	-45.23408293
1434.999000	127.04785478
1435.999000	-76.20229111
1436.999000	-11.02094675
1437.999000	-36.05629580
1438.999000	-107.02387612
1439.999000	-4.73697721
1440.999000	48.81142056
1441.999000	-9.92495824
1442.999000	81.70418181
1443.999000	-27.74521438
1444.999000	-43.12755954
1445.999000	-71.13155224
1446.999000	-179.70345474
1447.999000	78.33507157
1448.999000	-0.55346333
1449.999000	-62.29715928
1450.999000	-105.62059007
1451.999000	-57.90346118
1452.999000	58.44327179
1453.999000	-88.52585083
1454.999000	6.68011481
1455.999000	-59.16276736
1456.999000	113.86166625
1457.999000	10.38730866
1458.999000	-13.32262376
1459.999000	67.81690547
1460.999000	-35.35381279
1461.999000	85.56733835
1462.999000	-39.12300269
1463.999000	105.47262367
1464.999000	69.69108001
1465.999000	-78.32369237
1466.999000	13.64214534
1467.999000	103.94058729
1468.999000	-6.61623217
1469.999000	-30.60933112
1470.999000	30.76931520
1471.999000	-118.53278301
1472.999000	46.57054479
1473.999000	78.19141554
1474.999000	-50.14568301
1475.999000	9.25481342
1476.999000	-1.22375359
1477.999000	18.63959897
1478.999000	61.77294374
1479.999000	33.45169066
1480.999000	-96.63711723
1481.999000	-84.31811940
1482.999000	-35.66132855
1483.999000	21.37770260
1484.999000	-23.17534902
1485.999000	53.79537174
1486.999000	48.22778181
1487.999000	35.79230190
1488.999000	-22.50684371
1489.999000	-86.93758551
1490.999000	-26.12879252
1491.999000	-21.64594071
1492.999000	42.97589523
1493.999000	108.37715337
1494.999000	72.88787664
1495.999000	29.19835765
1496.999000	-30.41138991
