# F(k,t) correlation function
# Reference time: 602.001 ps
# lag_time_ps	F(k,t)
0.000000	601.91004661
1.000000	-73.47311387
3.000000	65.36126944
5.000000	20.57060604
7.000000	-43.43991716
9.000000	-101.08765955
11.000000	1.25493489
13.000000	55.85411912
15.000000	-8.90776500
17.000000	1.70950176
19.000000	-37.42433453
21.000000	-101.96566060
23.000000	-70.00541347
25.000000	-100.26011052
27.000000	25.18333828
29.000000	44.97675441
31.000000	-46.00479467
33.000000	-10.89453918
35.000000	157.28953371
37.000000	73.47519614
39.000000	28.22038832
41.000000	-69.01853867
43.000000	23.97742330
45.000000	-29.74215620
47.000000	-88.36324774
49.000000	19.61958000
51.000000	82.64319755
53.000000	-23.89013517
55.000000	50.55467022
57.000000	-72.13200306
59.000000	-61.01982847
61.000000	95.95378362
63.000000	-54.12986751
65.000000	-81.77100735
67.000000	85.66004458
69.000000	-41.63671548
71.000000	55.50076083
73.000000	78.17729523
75.000000	24.54585097
77.000000	49.24255803
79.000000	8.65119131
81.000000	12.14590063
83.000000	-123.98320159
85.000000	-42.20435935
87.000000	83.54456891
89.000000	-42.82347227
91.000000	-26.94330810
93.000000	-43.59634793
95.000000	-22.50418775
97.000000	-103.42921748
99.000000	-75.77131152
101.000000	12.47198651
103.000000	-81.53174193
105.000000	-68.50164332
107.000000	-15.49847045
109.000000	20.75685420
111.000000	62.43331637
113.000000	-66.81829652
115.000000	-0.63560604
117.000000	26.99848144
119.000000	-38.21723664
121.000000	49.91899918
123.000000	-29.82267673
125.000000	-62.01514348
127.000000	24.51981512
129.000000	-71.47059485
131.000000	-50.15869776
133.000000	32.80172346
135.000000	16.27393297
137.000000	64.05811699
139.000000	-112.33298211
141.000000	-79.06746977
143.000000	27.59833835
145.000000	-41.91258802
147.000000	15.39853048
149.000000	56.41648240
151.000000	-9.98739050
153.000000	69.77053202
155.000000	47.40593154
157.000000	-34.13179112
159.000000	-40.23418436
161.000000	41.26909423
163.000000	70.54502560
165.000000	-40.19168311
167.000000	123.88807072
169.000000	-24.56042469
171.000000	-6.58202928
173.000000	28.47743475
175.000000	-18.87973552
177.000000	55.34467856
179.000000	-22.68084029
181.000000	41.68893433
183.000000	16.90037948
185.000000	86.14685392
187.000000	14.66028049
189.000000	-92.47743700
191.000000	-12.80141664
193.000000	-70.17822611
195.000000	52.21162669
197.000000	-48.20112960
199.000000	-8.10941309
201.000000	-31.44829957
203.000000	-53.88009803
205.000000	141.97985735
207.000000	68.01372684
209.000000	87.60171419
211.000000	-56.91576432
213.000000	46.97517276
215.000000	11.46432275
217.000000	-9.22188983
219.000000	-107.34221491
221.000000	-0.57549902
223.000000	21.88725873
225.000000	-28.86161735
227.000000	-17.84943521
229.000000	-21.52380022
231.000000	15.94404670
233.000000	-49.58999320
235.000000	6.67438005
237.000000	-85.18229197
239.000000	87.54574426
241.000000	-42.64218395
243.000000	43.05239580
245.000000	-41.31912256
247.000000	-33.36283404
249.000000	51.04723586
251.000000	-6.15430785
253.000000	54.65656699
255.000000	78.79203832
257.000000	-52.67741043
259.000000	0.05974858
261.000000	23.15576453
263.000000	1.28227579
265.000000	-8.27021743
267.000000	-30.99696769
269.000000	17.37795104
271.000000	-129.10874280
273.000000	-27.65071941
275.000000	3.94139403
277.000000	7.29816279
279.000000	-54.03172303
281.000000	-21.15615660
283.000000	57.63340518
285.000000	-2.10264986
287.000000	-167.21933635
289.000000	-75.05923545
291.000000	-68.07184164
293.000000	8.03729344
295.000000	24.91237467
297.000000	-37.78389093
299.000000	42.87002932
301.000000	-16.62352527
303.000000	8.66969841
305.000000	-71.64564502
307.000000	17.38650770
309.000000	31.24582701
311.000000	-95.96351688
313.000000	-64.30849228
315.000000	48.31841279
317.000000	50.19750801
319.000000	55.14464670
321.000000	28.88110121
323.000000	-16.19549303
325.000000	20.27645303
327.000000	-36.07482589
329.000000	127.24362071
331.000000	-83.68564372
333.000000	42.08419910
335.000000	-18.42279197
337.000000	39.99831314
339.000000	48.97468578
341.000000	-56.69044456
343.000000	-71.41503132
345.000000	70.23003153
347.000000	31.25806997
349.000000	68.44260843
351.000000	-60.04383446
353.000000	6.57787682
355.000000	25.10282115
357.000000	1.50986821
359.000000	-70.69358147
361.000000	15.36181116
363.000000	-19.87199771
365.000000	-3.25889937
367.000000	42.05315792
369.000000	-46.93573541
371.000000	-19.92942789
373.000000	-12.37826727
375.000000	-1.04454947
377.000000	-36.97199502
379.000000	-71.71912832
381.000000	24.36898642
383.000000	55.10925691
385.000000	-23.43469977
387.000000	-33.65968926
389.000000	39.98916606
391.000000	-54.96956335
393.000000	66.34982186
395.000000	-12.54367573
397.000000	18.10104742
399.000000	-41.88020145
401.000000	68.02532038
403.000000	-36.76764292
405.000000	-3.99682465
407.000000	18.30489660
409.000000	-9.07524231
411.000000	19.41126013
413.000000	-34.20654627
415.000000	34.24106415
417.000000	-39.71483688
419.000000	-44.91501385
421.000000	118.53253898
423.000000	32.74112202
425.000000	-14.96303639
427.000000	5.31987700
429.000000	58.67413789
431.000000	-45.17293734
433.000000	-67.41666484
435.000000	20.50633524
437.000000	39.22529264
439.000000	-100.06497838
441.000000	25.38832269
443.000000	-38.59644814
445.000000	29.90017894
447.000000	84.81759499
449.000000	59.45064336
451.000000	69.80645706
453.000000	114.18756231
455.000000	-27.28356640
457.000000	-79.29216896
459.000000	12.46473317
461.000000	-29.66051658
463.000000	-47.95252494
465.000000	46.55746912
467.000000	-18.17565140
469.000000	-6.38112945
471.000000	-35.56230393
473.000000	12.77211950
475.000000	-33.04109465
477.000000	42.09281969
479.000000	-4.38412101
481.000000	-12.20463911
483.000000	27.69517212
485.000000	99.38485226
487.000000	-124.27327763
489.000000	-32.19287290
491.000000	-16.49824061
493.000000	-40.53995195
495.000000	-26.99680774
497.000000	69.84358996
499.000000	89.91281899
501.000000	40.80778828
503.000000	4.57619590
505.000000	31.47996592
507.000000	40.31402714
509.000000	74.74877164
511.000000	52.18905809
513.000000	-3.03514209
515.000000	-17.57587183
517.000000	29.21801977
519.000000	10.17520096
521.000000	32.39160477
523.000000	-38.48265063
525.000000	9.06241437
527.000000	-60.02717160
529.000000	-42.80310004
531.000000	-20.41760091
533.000000	5.78820169
535.000000	5.38560319
537.000000	-47.98825955
539.000000	-24.00005926
541.000000	-76.83771872
543.000000	35.28901774
545.000000	48.50357298
547.000000	51.53237444
549.000000	74.94209205
551.000000	54.55503015
553.000000	9.73651649
555.000000	26.09947388
557.000000	-17.76171449
559.000000	49.83374066
561.000000	85.38030738
563.000000	44.44050449
565.000000	-89.43637911
567.000000	4.60803951
569.000000	41.46690406
571.000000	-17.75472718
573.000000	-15.92881093
575.000000	1.78487629
577.000000	-6.79988503
579.000000	46.81896964
581.000000	21.04317391
583.000000	6.38639533
585.000000	130.30710668
587.000000	99.33746065
589.000000	47.03293296
591.000000	68.48699228
593.000000	47.36935314
595.000000	-25.25890872
597.000000	8.92669413
599.000000	-10.36792969
601.000000	-25.29384097
603.000000	-85.45218878
605.000000	15.61997467
607.000000	-20.79546788
609.000000	44.26102901
611.000000	-115.93646385
613.000000	-91.63092928
615.000000	-56.16160113
617.000000	-27.91244374
619.000000	-6.73298049
621.000000	75.69986016
623.000000	49.64918382
625.000000	-166.25113048
627.000000	74.99221928
629.000000	2.98478814
631.000000	-11.89653303
633.000000	15.58804113
635.000000	28.05364920
637.000000	-37.39528483
639.000000	28.02352563
641.000000	-8.76453703
643.000000	58.34395465
645.000000	-166.15036569
647.000000	-58.25890242
649.000000	55.26083177
651.000000	-75.18066848
653.000000	40.22118042
655.000000	-22.41915517
657.000000	27.58006110
659.000000	76.30467422
661.000000	-53.59418000
663.000000	8.50647222
665.000000	45.10188937
667.000000	-102.57646622
669.000000	30.53180805
671.000000	61.55609810
673.000000	-56.72072037
675.000000	31.17219989
677.000000	57.89991902
679.000000	49.94029203
681.000000	-57.18484853
683.000000	-18.19702808
685.000000	-1.15801605
687.000000	74.53417924
689.000000	13.22191372
691.000000	6.57725967
693.000000	-26.00720573
695.000000	-58.52710565
697.000000	24.81064512
699.000000	58.88087983
701.000000	88.27904314
703.000000	18.43716175
705.000000	-11.82969357
707.000000	-64.80922424
709.000000	-0.72190330
711.000000	-81.49013842
713.000000	-0.55430368
715.000000	36.23995022
717.000000	23.14746715
719.000000	35.08240726
721.000000	-46.10727010
723.000000	-9.50516344
725.000000	-0.36379921
727.000000	-21.52050599
729.000000	-26.37624581
731.000000	-13.29904181
733.000000	65.80556818
735.000000	-11.20102900
737.000000	-37.27042797
739.000000	-20.94333924
741.000000	-78.20893879
743.000000	-15.88859765
745.000000	-11.34925647
747.000000	-36.37743960
749.000000	3.84656963
751.000000	53.47211683
753.000000	117.23738596
755.000000	-35.75643248
757.000000	9.81684110
759.000000	126.64197232
761.000000	13.28525827
763.000000	-3.27113710
765.000000	-3.99259625
767.000000	33.98593064
769.000000	-77.71372047
771.000000	38.57204612
773.000000	124.32876116
775.000000	121.91227775
777.000000	-56.35387347
779.000000	42.35092237
781.000000	-30.62948591
783.000000	-122.47278325
785.000000	54.62796208
787.000000	-24.07994006
789.000000	-18.11773727
791.000000	-1.87678492
793.000000	-52.14329625
795.000000	-129.43105972
797.000000	18.54586903
799.000000	26.40112718
801.000000	1.40033060
803.000000	-14.27255621
805.000000	50.30321603
807.000000	-15.22803606
809.000000	34.63247228
811.000000	19.63859067
813.000000	23.56681801
815.000000	-80.60343270
817.000000	2.99193516
819.000000	51.61712953
821.000000	-16.97408905
823.000000	23.51299156
825.000000	1.03598879
827.000000	-25.01110629
829.000000	52.21706668
831.000000	-88.69046266
833.000000	-19.93400729
835.000000	30.55721416
837.000000	15.93647701
839.000000	54.05493711
841.000000	73.90451115
843.000000	11.71526498
845.000000	79.25200495
847.000000	-86.24228173
849.000000	59.99887485
851.000000	125.68185566
853.000000	46.29274004
855.000000	27.85120103
857.000000	30.97852261
859.000000	51.87655756
861.000000	-49.53065465
863.000000	8.87267842
865.000000	28.41502553
867.000000	32.34305848
869.000000	9.76414357
871.000000	59.87722961
873.000000	114.38899220
875.000000	67.64949763
877.000000	61.79234379
879.000000	23.08517484
881.000000	-2.59481496
883.000000	20.94202084
885.000000	72.01778016
887.000000	55.72816337
889.000000	5.34694990
891.000000	5.37257683
893.000000	2.37437498
895.000000	-7.85137502
897.000000	5.36746747
899.000000	6.86343340
901.000000	68.00616425
903.000000	24.13507634
905.000000	42.23026738
907.000000	79.13624458
909.000000	27.98351961
911.000000	9.96869166
913.000000	1.25773179
915.000000	-33.39572433
917.000000	152.05559607
919.000000	58.68560683
921.000000	-3.48254001
923.000000	-38.18457998
925.000000	32.42774027
927.000000	-61.38108355
929.000000	-77.46974173
931.000000	-7.58226208
933.000000	-113.19084182
935.000000	-12.34969004
937.000000	31.04697774
939.000000	0.06342763
941.000000	37.76577938
943.000000	55.88946535
945.000000	-3.49731324
947.000000	-36.86092528
949.000000	101.58645028
951.000000	29.32133711
953.000000	57.74258529
955.000000	5.21996158
957.000000	-39.49678564
959.000000	-61.79910612
961.000000	-83.78927316
963.000000	-50.32534841
965.000000	83.15007514
967.000000	-39.19687907
969.000000	14.81679469
971.000000	-3.38181573
973.000000	-36.88255061
975.000000	19.62959616
977.000000	13.65932347
979.000000	-11.40175854
981.000000	55.55801600
983.000000	-17.73489199
985.000000	1.85380555
987.000000	128.68787148
989.000000	-11.94869341
991.000000	-48.72214879
993.000000	37.69893372
995.000000	59.44252263
997.000000	-125.92895949
999.000000	26.94392071
1001.000000	13.12001487
1003.000000	104.47152746
1005.000000	-17.32870227
1007.000000	29.28221840
1009.000000	-50.14066126
1011.000000	-102.09999494
1013.000000	50.90702322
1015.000000	16.64373981
1017.000000	-90.38770361
1019.000000	-1.79344224
1021.000000	-5.73170774
1023.000000	55.67848993
1025.000000	-13.62349841
1027.000000	94.84553433
1029.000000	-167.04384532
1031.000000	-4.09263702
1033.000000	-21.74210088
1035.000000	23.13213257
1037.000000	-86.03512445
1039.000000	59.56401965
1041.000000	-105.82354421
1043.000000	-3.29624322
1045.000000	24.66114492
1047.000000	-4.90466865
1049.000000	14.23314735
1051.000000	-3.49872095
1053.000000	135.53487006
1055.000000	-71.73690576
1057.000000	49.72999235
1059.000000	-9.45735667
1061.000000	34.37405383
1063.000000	-21.88109151
1065.000000	-24.42544795
1067.000000	-39.19312734
1069.000000	-70.29689388
1071.000000	17.08720281
1073.000000	47.99986061
1075.000000	7.10658940
1077.000000	40.43832313
1079.000000	155.33263126
1081.000000	-21.21517977
1083.000000	48.80193651
1085.000000	-52.08640104
1087.000000	44.07943665
1089.000000	3.68329431
1091.000000	100.66506151
1093.000000	-70.04867436
1095.000000	56.86617578
1097.000000	-46.20024024
1099.000000	-24.20677896
1101.000000	-111.47133029
1103.000000	19.27278045
1105.000000	4.14322539
1107.000000	26.66139240
1109.000000	-8.08725731
1111.000000	-20.33560197
1113.000000	-53.52021745
1115.000000	-26.91855914
1117.000000	49.54646612
1119.000000	78.46229885
1121.000000	51.61738936
1123.000000	-21.43180337
1125.000000	-45.50779143
1127.000000	57.91333667
1129.000000	-48.15612209
1131.000000	57.56727885
1133.000000	25.20304881
1135.000000	63.95569607
1137.000000	-30.44792442
1139.000000	50.19377778
1141.000000	-53.38953274
1143.000000	-27.53038001
1145.000000	59.76219368
1147.000000	33.28921778
1149.000000	74.40375294
1151.000000	-7.45411715
1153.000000	-42.60968217
1155.000000	-25.02831757
1157.000000	11.29943446
1159.000000	-60.51581778
1161.000000	44.45513979
1163.000000	-64.99352247
1165.000000	21.12376941
1167.000000	-4.82270061
1169.000000	26.65668507
1171.000000	24.85899862
1173.000000	59.57367993
1175.000000	23.80696277
1177.000000	-131.26286081
1179.000000	-1.90311600
1181.000000	-141.04000015
1183.000000	32.55846751
1185.000000	39.63851058
1187.000000	-5.63569953
1189.000000	7.20207924
1191.000000	-99.57091719
1193.000000	-17.90693757
1195.000000	29.75989423
1197.000000	51.13493199
1199.000000	30.99772439
1201.000000	-26.19400129
1203.000000	46.32205857
1205.000000	110.71828831
1207.000000	-67.26985207
1209.000000	-13.97108890
1211.000000	-16.53767050
1213.000000	107.20578389
1215.000000	177.15049560
1217.000000	15.19074635
1219.000000	33.69856944
1221.000000	-62.28160553
1223.000000	142.44778275
1225.000000	-75.12618271
1227.000000	24.52238679
1229.000000	32.20270777
1231.000000	-6.01795930
1233.000000	-39.58040803
1235.000000	6.97939361
1237.000000	11.60331039
1239.000000	50.49929083
1241.000000	-3.90885465
1243.000000	-119.42008493
1245.000000	-10.04177794
1247.000000	91.94561345
1248.000000	18.11584961
1249.000000	86.62646586
1250.000000	-20.97827686
1251.000000	21.65823684
1252.000000	-24.78081958
1253.000000	178.56108873
1254.000000	32.14034440
1255.000000	125.71273062
1256.000000	94.61227784
1257.000000	10.89067450
1258.000000	-7.66246867
1259.000000	3.84168610
1260.000000	26.45193540
1261.000000	111.18472978
1262.000000	23.78785205
1263.000000	152.61700360
1264.000000	37.68004743
1265.000000	11.43275893
1266.000000	-101.38786463
1267.000000	-2.28026783
1268.000000	11.49850493
1269.000000	-4.98844354
1270.000000	-20.26202899
1271.000000	32.47142003
1272.000000	71.51013537
1273.000000	16.29995491
1274.000000	72.59741254
1275.000000	-12.29567050
1276.000000	126.06109612
1277.000000	-85.55063812
1278.000000	107.86096473
1279.000000	14.91277604
1280.000000	76.44501028
1281.000000	-14.97526959
1282.000000	6.46304014
1283.000000	-39.30195250
1284.000000	21.15491037
1285.000000	-14.90877196
1286.000000	-104.77365693
1287.000000	-11.45823012
1288.000000	-154.08926007
1289.000000	109.26528993
1290.000000	46.51982707
1291.000000	31.37954464
1292.000000	2.88672648
1293.000000	-25.56132805
1294.000000	-41.07745851
1295.000000	21.08829197
1296.000000	-38.19861938
1297.000000	-32.22462887
1298.000000	-26.16356166
1299.000000	-73.79952665
1300.000000	-87.74731418
1301.000000	-158.64893752
1302.000000	49.41989574
1303.000000	10.90814208
1304.000000	54.71235257
1305.000000	-6.08027895
1306.000000	-23.42595741
1307.000000	11.28665555
1308.000000	-23.28212920
1309.000000	-86.70480235
1310.000000	58.01625404
1311.000000	24.77653589
1312.000000	-31.76759188
1313.000000	32.57765269
1314.000000	-113.99916427
1315.000000	31.09574289
1316.000000	-23.19952483
1317.000000	-58.97362025
1318.000000	69.06445574
1319.000000	-113.47582363
1320.000000	-79.71196177
1321.000000	-38.06630904
1322.000000	2.81176716
1323.000000	56.47032631
1324.000000	-27.79305568
1325.000000	28.32599974
1326.000000	-53.46470936
1327.000000	78.85306006
1328.000000	44.15667470
1329.000000	13.91508853
1330.000000	-3.36191771
1331.000000	-113.84852031
1332.000000	40.80463165
1333.000000	52.20550092
1334.000000	79.84160503
1335.000000	67.61076148
1336.000000	27.52716249
1337.000000	34.43800313
1338.000000	10.98781135
1339.000000	60.82996487
1340.000000	122.61862260
1341.000000	58.65711555
1342.000000	-29.21215299
1343.000000	-34.25429887
1344.000000	44.79364599
1345.000000	-24.96443549
1346.000000	52.72156536
1347.000000	16.35991882
1348.000000	-14.40359232
1349.000000	-18.54289851
1350.000000	37.33267868
1351.000000	-9.98029358
1352.000000	-56.84633360
1353.000000	-3.15912584
1354.000000	44.32393512
1355.000000	22.45855850
1356.000000	-71.42074122
1357.000000	-73.46432180
1358.000000	11.12517139
1359.000000	17.49009193
1360.000000	4.87196024
1361.000000	-7.31217006
1362.000000	28.34620953
1363.000000	-23.17049389
1364.000000	34.35305354
1365.000000	-5.08610539
1366.000000	87.56405941
1367.000000	-56.77371273
1368.000000	-73.89355779
1369.000000	70.95553108
1370.000000	29.86360107
