# F(k,t) correlation function
# Reference time: 1004.001 ps
# lag_time_ps	F(k,t)
0.000000	504.55721372
1.000000	60.84615599
3.000000	13.75954295
5.000000	38.35762193
7.000000	-1.16145260
9.000000	38.09963151
11.000000	12.39476794
13.000000	-85.70405239
15.000000	-81.07473699
17.000000	-0.96929306
19.000000	-53.21939791
21.000000	14.55872962
23.000000	-23.89237250
25.000000	-57.26053111
27.000000	9.10148621
29.000000	-28.03306022
31.000000	31.10867570
33.000000	-11.40147551
35.000000	-73.30653895
37.000000	-31.68786475
39.000000	-39.64613167
41.000000	0.63831964
43.000000	-10.25044992
45.000000	-1.23052655
47.000000	2.61600497
49.000000	-66.97420653
51.000000	61.80683703
53.000000	-53.87069396
55.000000	60.72101841
57.000000	70.54411407
59.000000	41.56720530
61.000000	-29.09353314
63.000000	3.28446517
65.000000	-5.30927782
67.000000	49.58272261
69.000000	45.20082268
71.000000	6.45228715
73.000000	-73.52497835
75.000000	-42.48099718
77.000000	-7.64960145
79.000000	14.60093753
81.000000	-26.48912258
83.000000	61.10449328
85.000000	-34.33126573
87.000000	-20.04571911
89.000000	36.71249751
91.000000	-22.53050931
93.000000	78.01700640
95.000000	-23.69974558
97.000000	-25.70222894
99.000000	15.18147259
101.000000	148.08628381
103.000000	27.28238039
105.000000	-2.39273136
107.000000	-13.88973357
109.000000	4.44701049
111.000000	-30.41063733
113.000000	-5.92731123
115.000000	-35.20540933
117.000000	8.62291850
119.000000	62.54768660
121.000000	43.45212790
123.000000	-68.96614747
125.000000	70.84453304
127.000000	31.22783658
129.000000	-69.18951818
131.000000	-1.26219136
133.000000	-37.72869895
135.000000	55.67149092
137.000000	-6.17413475
139.000000	-55.38110034
141.000000	-34.30435923
143.000000	-25.16407026
145.000000	-59.17496904
147.000000	2.74921283
149.000000	73.03811955
151.000000	3.86538134
153.000000	87.13835116
155.000000	-3.25748013
157.000000	89.01137492
159.000000	-50.67135010
161.000000	71.49805967
163.000000	-17.55306009
165.000000	54.21654687
167.000000	-9.91231563
169.000000	14.38883002
171.000000	85.49099648
173.000000	33.02359098
175.000000	-43.84780692
177.000000	-11.91240773
179.000000	-3.27108398
181.000000	54.68703719
183.000000	-39.64238716
185.000000	52.21373214
187.000000	-16.28501568
189.000000	79.08285225
191.000000	6.48439351
193.000000	-59.89283769
195.000000	-81.83437128
197.000000	-14.96395350
199.000000	1.47227689
201.000000	27.35134819
203.000000	-5.39796538
205.000000	57.33210448
207.000000	-37.52265853
209.000000	-43.74317604
211.000000	-88.13947419
213.000000	73.26814135
215.000000	-43.48410435
217.000000	87.77539087
219.000000	-71.02481262
221.000000	-37.62211633
223.000000	24.20538607
225.000000	-2.84506932
227.000000	-20.82879849
229.000000	43.15941510
231.000000	9.87297468
233.000000	15.98004111
235.000000	7.64237398
237.000000	85.85506931
239.000000	-39.16859468
241.000000	-15.54081396
243.000000	-44.94994751
245.000000	-65.87023465
247.000000	-13.08956299
249.000000	-17.81592437
251.000000	57.09490417
253.000000	105.94834636
255.000000	-49.85052937
257.000000	3.33378094
259.000000	36.94387528
261.000000	-84.69321777
263.000000	-61.84418123
265.000000	-72.35519592
267.000000	-36.40694666
269.000000	-33.97994412
271.000000	-13.50054972
273.000000	91.78702409
275.000000	-73.67404265
277.000000	84.38551516
279.000000	-9.05015019
281.000000	-60.79451936
283.000000	47.07016859
285.000000	77.42243986
287.000000	-20.96187803
289.000000	-9.11217257
291.000000	39.66263546
293.000000	-28.36923841
295.000000	-60.19515579
297.000000	14.55609416
299.000000	-13.57806399
301.000000	2.63362252
303.000000	29.04948772
305.000000	69.99293640
307.000000	32.31518564
309.000000	-67.52312286
311.000000	-26.51307677
313.000000	21.93092332
315.000000	-90.23364769
317.000000	59.76088313
319.000000	47.04190421
321.000000	5.77670968
323.000000	-12.25456847
325.000000	-69.38915600
327.000000	-65.39625120
329.000000	48.10190630
331.000000	-47.93301522
333.000000	38.04000327
335.000000	-34.30893203
337.000000	-51.33710514
339.000000	77.26804127
341.000000	-20.33565917
343.000000	-38.18618286
345.000000	42.72249546
347.000000	-87.66093131
349.000000	24.91773806
351.000000	9.91719528
353.000000	74.29978564
355.000000	-10.99463925
357.000000	-48.39924141
359.000000	-0.41916097
361.000000	-13.83038498
363.000000	22.83546102
365.000000	74.09832801
367.000000	86.32040834
369.000000	56.88437294
371.000000	96.63080356
373.000000	48.84040074
375.000000	13.09053590
377.000000	-43.11005702
379.000000	8.42156637
381.000000	-60.32197187
383.000000	-12.18867484
385.000000	15.75690657
387.000000	-95.81856542
389.000000	21.44547563
391.000000	-11.96174023
393.000000	-29.09216340
395.000000	-84.95225378
397.000000	-131.36581061
399.000000	-52.41070186
401.000000	49.71323539
403.000000	2.68297602
405.000000	-81.87501055
407.000000	-104.02141658
409.000000	53.85235611
411.000000	124.60209519
413.000000	5.46165907
415.000000	-17.29310650
417.000000	14.12996699
419.000000	44.73783431
421.000000	-11.84167531
423.000000	50.46271653
425.000000	0.27549333
427.000000	80.32017914
429.000000	66.99895239
431.000000	9.07907420
433.000000	-106.67776096
435.000000	-13.40806837
437.000000	30.66601297
439.000000	-116.44243138
441.000000	40.16292132
443.000000	-13.87698603
445.000000	28.94726137
447.000000	-33.66977675
449.000000	-74.13928984
451.000000	26.57098682
453.000000	4.11853645
455.000000	69.83500835
457.000000	-76.01589786
459.000000	-78.13247233
461.000000	-8.55250092
463.000000	-41.45361716
465.000000	-18.65545402
467.000000	17.98445267
469.000000	-65.32092301
471.000000	48.82916135
473.000000	38.74179241
475.000000	95.10726895
477.000000	-21.34904350
479.000000	-32.10788606
481.000000	-15.97266614
483.000000	65.41286228
485.000000	13.58184347
487.000000	-21.73656185
489.000000	109.44647842
491.000000	52.25903464
493.000000	11.07508383
495.000000	-65.06970900
497.000000	23.77418416
499.000000	79.86806375
501.000000	19.86517812
503.000000	-43.83234297
505.000000	-75.28461382
507.000000	28.81619531
509.000000	11.46445679
511.000000	94.37993967
513.000000	-33.38965177
515.000000	-0.18365481
517.000000	27.02741874
519.000000	30.63780438
521.000000	-45.62113882
523.000000	114.40831054
525.000000	-30.07779096
527.000000	-51.05815020
529.000000	-45.52152600
531.000000	-44.55641536
533.000000	39.47921708
535.000000	26.69490155
537.000000	82.93622209
539.000000	-38.75622484
541.000000	-46.64235727
543.000000	0.06776178
545.000000	-51.17005289
547.000000	-26.81781648
549.000000	-25.99402713
551.000000	48.98175879
553.000000	-33.86606372
555.000000	30.64257251
557.000000	56.38453917
559.000000	30.40266779
561.000000	7.87264816
563.000000	21.30818188
565.000000	121.32954186
567.000000	-4.84160031
569.000000	-62.53009122
571.000000	5.17665328
573.000000	68.92256693
575.000000	59.80002796
577.000000	0.92961434
579.000000	15.06112190
581.000000	-91.55894558
583.000000	122.11943076
585.000000	-14.48215036
587.000000	-4.27687295
589.000000	-65.24887391
591.000000	-80.07827257
593.000000	33.51046027
595.000000	0.98913726
597.000000	50.52666040
599.000000	-5.92172861
601.000000	26.72107855
603.000000	-112.80703253
605.000000	9.63483757
607.000000	13.77202748
609.000000	-5.80500020
611.000000	9.35915356
613.000000	14.56889907
615.000000	-11.21834170
617.000000	-12.70516880
619.000000	-91.64683925
621.000000	32.39678785
623.000000	66.44345867
625.000000	-120.80235285
627.000000	158.36824524
629.000000	-15.31095639
631.000000	28.20734766
633.000000	-17.40545685
635.000000	14.41029215
637.000000	25.76962217
639.000000	0.33886504
641.000000	-12.92076402
643.000000	102.19828236
645.000000	-41.00649671
647.000000	-78.16367003
649.000000	-47.99446597
651.000000	-18.95510780
653.000000	-38.85191129
655.000000	-70.12166890
657.000000	46.73782816
659.000000	11.20406681
661.000000	11.44301937
663.000000	-88.40980508
665.000000	128.29626917
667.000000	5.49204195
669.000000	35.76882242
671.000000	23.75369218
673.000000	98.64526325
675.000000	50.48902285
677.000000	61.45420974
679.000000	71.74696913
681.000000	-51.46977883
683.000000	-33.39534504
685.000000	41.07403209
687.000000	-61.54081917
689.000000	-30.51572467
691.000000	17.63868630
693.000000	47.34224181
695.000000	-22.24477650
697.000000	6.68092302
699.000000	17.67334061
701.000000	17.73353579
703.000000	26.05139835
705.000000	54.56273214
707.000000	-8.97291391
709.000000	-69.29459114
711.000000	28.76726897
713.000000	-43.41075797
715.000000	-85.15109705
717.000000	-25.36639123
719.000000	-18.08628386
721.000000	-39.60409030
723.000000	-82.48162715
725.000000	-109.92074475
727.000000	1.00192396
729.000000	-30.18193135
731.000000	11.94026107
733.000000	0.05431374
735.000000	22.21470252
737.000000	20.76804714
739.000000	-60.52719656
741.000000	30.66053035
743.000000	-7.29791976
745.000000	-76.51870627
747.000000	-43.34837150
749.000000	34.80822258
751.000000	125.33254723
753.000000	-56.81955856
755.000000	-3.79488997
757.000000	11.80431416
759.000000	-6.45486942
761.000000	-60.43969850
763.000000	-18.79622904
765.000000	-109.57029385
767.000000	-87.32236119
769.000000	0.95822852
771.000000	-2.97486254
773.000000	-12.71757919
775.000000	-36.49455999
777.000000	4.30735462
779.000000	-44.31508360
781.000000	42.37199769
783.000000	-12.79239056
785.000000	13.59555296
787.000000	4.95967707
789.000000	-12.04585484
791.000000	3.95654219
793.000000	-114.74266790
795.000000	9.29631214
797.000000	21.20274871
799.000000	-3.05457659
801.000000	104.90223394
803.000000	7.83000055
805.000000	106.58298829
807.000000	0.97085557
809.000000	-49.27022982
811.000000	-19.50319191
813.000000	19.29699283
815.000000	-1.41000053
817.000000	61.41832934
819.000000	58.98175817
821.000000	56.07518329
823.000000	57.02953633
825.000000	-68.14355632
827.000000	41.61728143
829.000000	-60.75336967
831.000000	88.24607197
833.000000	-69.43750991
835.000000	-43.09011254
837.000000	8.06010268
839.000000	29.01970200
841.000000	-47.93238409
843.000000	-2.66029772
845.000000	-29.10329541
846.000000	-18.07191629
847.000000	-8.40289524
848.000000	81.31218667
849.000000	-4.36560605
850.000000	54.59420066
851.000000	-3.90984684
852.000000	-31.30035265
853.000000	9.43109565
854.000000	-59.55561703
855.000000	-95.87669603
856.000000	-16.48250758
857.000000	1.47933800
858.000000	-72.91314587
859.000000	16.85286344
860.000000	33.39361333
861.000000	-7.62212778
862.000000	-42.80079258
863.000000	-12.67207713
864.000000	67.45280185
865.000000	51.65161807
866.000000	10.95284726
867.000000	-16.68373790
868.000000	-10.85260896
869.000000	22.14404527
870.000000	-0.54600863
871.000000	56.37751479
872.000000	34.05904018
873.000000	-58.94361479
874.000000	-26.84492248
875.000000	141.15659819
876.000000	127.71837310
877.000000	45.64958088
878.000000	37.62251289
879.000000	-52.69696569
880.000000	17.12359358
881.000000	-19.26856039
882.000000	-16.41781354
883.000000	-64.30377916
884.000000	-41.68785702
885.000000	-56.40034330
886.000000	-33.55609535
887.000000	64.02028983
888.000000	28.46618074
889.000000	-43.28350771
890.000000	49.23480300
891.000000	-30.85842498
892.000000	96.18880612
893.000000	-11.73048979
894.000000	52.93065865
895.000000	59.62636279
896.000000	-78.57935758
897.000000	68.73238153
898.000000	3.93656984
899.000000	-3.98703267
900.000000	23.23125126
901.000000	21.52097813
902.000000	10.24257867
903.000000	24.70469240
904.000000	-20.82617778
905.000000	43.95486128
906.000000	-51.84868685
907.000000	-7.83203158
908.000000	-76.07789102
909.000000	22.00405999
910.000000	-74.89294567
911.000000	61.51779811
912.000000	73.66068108
913.000000	1.46198632
914.000000	-61.01280909
915.000000	128.98716183
916.000000	-23.42046089
917.000000	-81.20337958
918.000000	1.78574678
919.000000	-6.16865091
920.000000	70.76557450
921.000000	-54.02465687
922.000000	25.00921947
923.000000	28.15569705
924.000000	-31.23935782
925.000000	-30.03371492
926.000000	29.08119934
927.000000	-44.35979263
928.000000	67.74512839
929.000000	-24.65904151
930.000000	-7.18481845
931.000000	-35.45168601
932.000000	44.65582548
933.000000	-2.10696272
934.000000	-97.32315892
935.000000	7.47396694
936.000000	37.19488799
937.000000	114.62553226
938.000000	-60.53259950
939.000000	-1.60351141
940.000000	-41.19846405
941.000000	60.80487350
942.000000	29.91263577
943.000000	101.93635354
944.000000	27.86304638
945.000000	17.88506830
946.000000	-70.52244977
947.000000	-26.28054657
948.000000	10.67090101
949.000000	-13.77950699
950.000000	13.32920601
951.000000	-11.27448199
952.000000	29.86469430
953.000000	-37.04161750
954.000000	8.20457862
955.000000	143.56006513
956.000000	-64.07615205
957.000000	3.51356758
958.000000	77.08129767
959.000000	7.32858779
960.000000	118.99863543
961.000000	-58.35314999
962.000000	-134.24163296
963.000000	-55.60103427
964.000000	-7.80566589
965.000000	-52.36785231
966.000000	43.09480268
967.000000	59.18618036
968.000000	-65.16280805
969.000000	71.33032201
970.000000	-33.10548625
971.000000	-54.33376978
972.000000	-39.28231721
973.000000	59.33099744
974.000000	146.27596405
975.000000	-25.78427105
976.000000	-31.72553720
977.000000	-32.07572971
978.000000	31.49458250
979.000000	-92.83382316
980.000000	5.33924063
981.000000	-34.43382802
982.000000	-26.29058128
983.000000	-25.62905332
984.000000	1.79152524
985.000000	-11.81897348
986.000000	-47.82586176
987.000000	-5.98825413
988.000000	19.58293969
989.000000	21.13218054
990.000000	-11.59262757
991.000000	-2.19071164
992.000000	-6.32362690
993.000000	-121.34758886
994.000000	-33.01052576
995.000000	-25.31376501
996.000000	30.87999180
997.000000	-32.04384442
998.000000	-22.19908368
999.000000	24.03737763
1000.000000	47.15708619
1001.000000	5.77202745
1002.000000	37.31612771
1003.000000	31.77266381
1004.000000	-136.47536574
1005.000000	88.69008000
1006.000000	79.92593530
1007.000000	38.28181174
1008.000000	-26.06722455
1009.000000	-26.61566349
1010.000000	-68.46078456
1011.000000	-35.48213592
1012.000000	30.58412883
1013.000000	-20.68320089
1014.000000	23.37539007
1015.000000	-28.94195640
1016.000000	8.89906943
1017.000000	34.33762820
1018.000000	26.89185775
1019.000000	-14.33763586
1020.000000	39.99850613
1021.000000	102.67642442
1022.000000	33.71792461
1023.000000	-80.25233627
1024.000000	-13.92183142
1025.000000	-40.32040111
1026.000000	17.32327017
1027.000000	-5.20021111
1028.000000	40.97497710
1029.000000	-28.02867721
1030.000000	52.68643631
1031.000000	52.97271268
1032.000000	-71.59153222
1033.000000	79.73112754
1034.000000	-95.26053727
1035.000000	46.10810141
1036.000000	44.33921913
1037.000000	-60.55894016
1038.000000	27.85281369
1039.000000	-53.50122380
1040.000000	28.35800926
1041.000000	-74.35374614
1042.000000	-21.41752650
1043.999000	23.40890291
1044.999000	7.96776140
1045.999000	-34.45107408
1046.999000	58.83964312
1047.999000	-40.63256752
1048.999000	26.78952712
1049.999000	-36.11270643
1050.999000	3.99191954
1051.999000	47.54987151
1052.999000	-159.50282401
1053.999000	-33.97743785
1054.999000	25.80837042
1055.999000	-72.54087547
1056.999000	-42.94173605
1057.999000	-64.76405555
1058.999000	43.68480664
1059.999000	-42.18146935
1060.999000	37.31914901
1061.999000	27.91409141
1062.999000	14.98972209
1063.999000	38.96166429
1064.999000	-26.56351783
1065.999000	17.31352184
1066.999000	-106.65663817
1067.999000	-89.77365158
1068.999000	102.73757395
1069.999000	-30.49250458
1070.999000	-4.19304384
1071.999000	-29.41540486
1072.999000	-24.12381203
1073.999000	24.61270578
1074.999000	125.13967647
1075.999000	10.26717586
1076.999000	-129.93821389
1077.999000	89.20524538
1078.999000	70.96980929
1079.999000	-31.40207513
1080.999000	-49.86492219
1081.999000	-28.77079851
1082.999000	-53.16704286
1083.999000	70.06998679
1084.999000	-28.56358742
1085.999000	-41.68624894
1086.999000	-45.47067409
1087.999000	-20.31160222
1088.999000	-114.25227611
1089.999000	-134.55885268
1090.999000	-34.79591929
1091.999000	-2.38262086
1092.999000	33.69939521
1093.999000	-30.03760378
1094.999000	36.09948836
1095.999000	-14.47599298
1096.999000	31.42413806
1097.999000	36.85135205
1098.999000	19.66201778
1099.999000	49.22503018
1100.999000	-42.49269484
1101.999000	-45.08516182
1102.999000	21.70974327
1103.999000	29.96352226
1104.999000	-8.06498614
1105.999000	14.25434414
1106.999000	16.94223938
1107.999000	34.37016324
1108.999000	-9.30153131
1109.999000	42.08451740
1110.999000	-52.95511212
1111.999000	11.89734960
1112.999000	-9.13197730
1113.999000	-12.48514283
1114.999000	68.79910198
1115.999000	9.06690121
1116.999000	-9.70353983
1117.999000	67.16449486
1118.999000	49.55497672
1119.999000	-19.81403641
1120.999000	-36.52693989
1121.999000	20.75095703
1122.999000	-20.71963780
1123.999000	37.35467844
1124.999000	-40.64286720
1125.999000	-15.10863502
1126.999000	-40.67673213
1127.999000	77.02864297
1128.999000	95.13384573
1129.999000	55.87647620
1130.999000	-8.59088738
1131.999000	-3.38253104
1132.999000	44.41375796
1133.999000	-26.97998143
1134.999000	-23.11731458
1135.999000	-36.79848303
1136.999000	-71.41820230
1137.999000	83.85009175
1138.999000	22.16956904
1139.999000	-3.22870275
1140.999000	-25.31308501
1141.999000	-97.12256022
1142.999000	-13.28469186
1143.999000	3.72197984
1144.999000	49.88678685
1145.999000	-26.43052105
1146.999000	-59.18942901
1147.999000	-45.38746205
1148.999000	49.10073693
1149.999000	-39.53932444
1150.999000	-52.06958632
1151.999000	-16.26457717
1152.999000	-42.82852775
1153.999000	62.86667867
1154.999000	13.42039787
1155.999000	-133.93009323
1156.999000	55.84332354
1157.999000	53.46341040
1158.999000	-33.66927342
1159.999000	-43.77996704
1160.999000	-44.79963726
1161.999000	18.31512922
1162.999000	-7.18319760
1163.999000	-22.06529883
1164.999000	53.88048941
1165.999000	22.52529933
1166.999000	-103.24534775
1167.999000	-22.96405460
1168.999000	90.10071130
1169.999000	-1.78608087
1170.999000	88.97053484
1171.999000	-87.58871037
1172.999000	96.06002101
1173.999000	-56.41136406
1174.999000	-21.54022151
1175.999000	58.22910350
1176.999000	25.50509555
1177.999000	-76.46289203
1178.999000	67.02412044
1179.999000	-45.75830730
1180.999000	77.21377694
1181.999000	-40.77564589
1182.999000	-62.86169192
1183.999000	2.07241336
1184.999000	52.31893393
1185.999000	58.85835064
1186.999000	2.85967499
1187.999000	46.58596236
1188.999000	-55.72947217
1189.999000	7.65928768
1190.999000	-67.07100405
1191.999000	-126.65766211
1192.999000	-32.17207865
1193.999000	41.95478482
1194.999000	-0.67743291
1195.999000	-1.84855398
1196.999000	30.78457504
1197.999000	87.09085875
1198.999000	18.41884499
1199.999000	-105.21358465
1200.999000	-21.28440886
1201.999000	26.68772965
1202.999000	58.09106642
1203.999000	-35.24778788
1204.999000	4.52462817
1205.999000	34.96567465
1206.999000	-53.59499351
1207.999000	34.79632841
1208.999000	12.03377112
1209.999000	-33.88721198
1210.999000	92.39096109
1211.999000	-18.86912702
1212.999000	80.84427582
1213.999000	52.50276514
1214.999000	-86.88745968
1215.999000	-63.97299432
1216.999000	-25.87156595
1217.999000	17.65293110
1218.999000	-90.64811763
1219.999000	7.48867143
1220.999000	-10.52711582
1221.999000	114.30562588
1222.999000	-100.18826672
1223.999000	-99.93101259
1224.999000	-49.24571742
1225.999000	-9.58209714
1226.999000	-107.12140828
1227.999000	7.67167003
1228.999000	-38.84224879
1229.999000	49.82066160
1230.999000	-107.49090565
1231.999000	-12.41549404
1232.999000	-0.94115415
1233.999000	-71.76180631
1234.999000	-48.01015518
1235.999000	-29.68223148
1236.999000	-7.58859740
1237.999000	-18.11836881
1238.999000	71.13570544
1239.999000	-22.96872196
1240.999000	-21.29145774
1241.999000	17.14754332
1242.999000	-28.52854891
1243.999000	0.16581443
1244.999000	-36.55698606
1245.999000	-44.89953057
1246.999000	-36.32244645
1247.999000	-2.19827459
1248.999000	2.92769509
1249.999000	-87.74745410
1250.999000	17.36933889
1251.999000	9.98979359
1252.999000	105.06012309
1253.999000	44.74209867
1254.999000	56.19773300
1255.999000	-37.33175124
1256.999000	4.16316986
1257.999000	62.76044902
1258.999000	20.81195221
1259.999000	35.02500357
1260.999000	-1.45808122
1261.999000	106.79069315
1262.999000	-7.23215331
1263.999000	-70.11071367
1264.999000	48.02809039
1265.999000	-64.82974453
1266.999000	45.32528328
1267.999000	-26.76488263
1268.999000	29.80722212
1269.999000	0.58578780
1270.999000	-39.47115307
1271.999000	-48.74263137
1272.999000	-113.78369593
1273.999000	17.04343002
1274.999000	34.28217446
1275.999000	24.79360412
1276.999000	25.62840766
1277.999000	14.41213594
1278.999000	-1.82034094
1279.999000	39.59043645
1280.999000	-71.79452488
1281.999000	21.52883776
1282.999000	-42.30540003
1283.999000	-36.62275766
1284.999000	-0.30186930
1285.999000	38.94248111
1286.999000	-4.81545479
1287.999000	-63.71571260
1288.999000	-75.24578735
1289.999000	37.18975423
1290.999000	-27.07299858
1291.999000	27.67579295
1292.999000	-113.83087327
1293.999000	-98.57490549
1294.999000	-0.25288962
1295.999000	87.40277147
