# F(k,t) correlation function
# Reference time: 602.001 ps
# lag_time_ps	F(k,t)
0.000000	419.49412347
1.000000	42.76171015
3.000000	42.37281102
5.000000	-29.14098992
7.000000	-2.19952733
9.000000	11.45517215
11.000000	-41.64767910
13.000000	2.06621584
15.000000	-38.56982805
17.000000	-10.08064156
19.000000	33.40842447
21.000000	-25.67345567
23.000000	21.05684956
25.000000	-51.54998915
27.000000	23.04110090
29.000000	24.01753077
31.000000	-54.97155597
33.000000	-35.98586216
35.000000	-44.89762381
37.000000	-39.07204152
39.000000	-1.42211941
41.000000	35.24844323
43.000000	-9.78431746
45.000000	-66.25867624
47.000000	-31.23170215
49.000000	19.27638889
51.000000	1.92130930
53.000000	46.13349671
55.000000	41.36904810
57.000000	20.12750246
59.000000	-69.66434267
61.000000	-44.45043108
63.000000	69.53815623
65.000000	-51.21469757
67.000000	16.71771658
69.000000	-100.95171740
71.000000	-33.61226959
73.000000	-13.31506548
75.000000	40.09693316
77.000000	81.43072384
79.000000	90.68762747
81.000000	69.82075196
83.000000	14.87819131
85.000000	38.91072258
87.000000	-11.73739242
89.000000	14.18975397
91.000000	-2.48362525
93.000000	-21.27595925
95.000000	45.08263203
97.000000	13.39574251
99.000000	-8.66119585
101.000000	-16.93345171
103.000000	-25.40977143
105.000000	8.15347516
107.000000	-0.77098601
109.000000	19.17390562
111.000000	57.58330910
113.000000	-5.58669102
115.000000	-13.63316683
117.000000	74.61597414
119.000000	-17.72896723
121.000000	-47.24163324
123.000000	-86.97753740
125.000000	38.61946311
127.000000	13.31248597
129.000000	-26.77226034
131.000000	63.57907406
133.000000	-7.48074511
135.000000	41.03899742
137.000000	-42.10140387
139.000000	43.84746521
141.000000	62.86283543
143.000000	-63.30245525
145.000000	65.11759233
147.000000	-39.03576285
149.000000	-45.94937097
151.000000	-42.52023857
153.000000	84.40462744
155.000000	64.73556448
157.000000	-22.44046070
159.000000	76.81588267
161.000000	47.58741713
163.000000	-15.87060758
165.000000	-9.10396051
167.000000	-11.74951632
169.000000	-77.70476995
171.000000	118.51621356
173.000000	11.38472184
175.000000	52.54631003
177.000000	13.30045738
179.000000	-31.35370566
181.000000	-21.19549707
183.000000	-66.60041299
185.000000	13.57653337
187.000000	36.22702457
189.000000	9.22081495
191.000000	-75.32701114
193.000000	-82.97146461
195.000000	41.62779623
197.000000	-57.26381952
199.000000	-70.46607959
201.000000	-1.65956550
203.000000	-58.65044094
205.000000	3.71631959
207.000000	49.24644569
209.000000	9.75079825
211.000000	-57.25148391
213.000000	-63.99229206
215.000000	92.65615687
217.000000	-19.43665448
219.000000	-39.84988017
221.000000	10.66558873
223.000000	-53.97945872
225.000000	32.42811193
227.000000	24.14456775
229.000000	18.77355204
231.000000	-7.09261678
233.000000	66.74617176
235.000000	0.54188818
237.000000	9.31548097
239.000000	-16.97942249
241.000000	8.75031880
243.000000	-65.17015759
245.000000	-45.52964988
247.000000	55.74330013
249.000000	-14.23702708
251.000000	-43.00904049
253.000000	43.11260729
255.000000	33.33143186
257.000000	-16.92374411
259.000000	39.40995669
261.000000	13.99110365
263.000000	64.32033227
265.000000	9.31313471
267.000000	-10.26902350
269.000000	11.96340575
271.000000	-114.93025415
273.000000	46.01141713
275.000000	5.48688153
277.000000	-26.33495540
279.000000	-0.73590986
281.000000	-40.71021249
283.000000	31.12507823
285.000000	-59.34494746
287.000000	15.51677070
289.000000	24.93719820
291.000000	-21.64796583
293.000000	-36.04173850
295.000000	43.33238397
297.000000	-8.25981798
299.000000	25.76845753
301.000000	49.21227578
303.000000	48.19885296
305.000000	-43.35706132
307.000000	72.55800572
309.000000	-32.49187796
311.000000	-57.80693959
313.000000	-63.96157120
315.000000	-109.95710883
317.000000	21.85435029
319.000000	-5.81057716
321.000000	-24.10073422
323.000000	-32.58320420
325.000000	-26.83039889
327.000000	-6.22256366
329.000000	13.55224839
331.000000	49.21488376
333.000000	42.57254927
335.000000	11.56662247
337.000000	15.69117065
339.000000	-31.04319770
341.000000	-29.28274796
343.000000	-39.66929230
345.000000	-2.77830843
347.000000	19.83441300
349.000000	-17.66554788
351.000000	14.63678283
353.000000	-74.52649792
355.000000	-28.89379895
357.000000	14.63034607
359.000000	42.96630890
361.000000	-47.36411509
363.000000	-1.08149733
365.000000	1.16966912
367.000000	23.00841546
369.000000	90.19851693
371.000000	-0.39892018
373.000000	30.92944842
375.000000	38.99145803
377.000000	-25.57814200
379.000000	30.87583662
381.000000	-56.11794572
383.000000	52.85641045
385.000000	26.75911367
387.000000	50.79000423
389.000000	-40.38918063
391.000000	-6.16780695
393.000000	-34.07379634
395.000000	-12.81193781
397.000000	-59.68115161
399.000000	100.58015718
401.000000	-0.70854851
403.000000	-97.02363432
405.000000	-45.83959428
407.000000	-4.76944366
409.000000	-32.59282268
411.000000	26.36073983
413.000000	-44.56030247
415.000000	-20.45375973
417.000000	-12.48542241
419.000000	-43.88627659
421.000000	-62.08108919
423.000000	-10.59720826
425.000000	6.88478220
427.000000	21.58973820
429.000000	-33.36712726
431.000000	-11.63648400
433.000000	-58.21897137
435.000000	-3.00462741
437.000000	71.85370875
439.000000	14.26909651
441.000000	-24.86517963
443.000000	-0.17778095
445.000000	-18.20862563
447.000000	-10.94051478
449.000000	19.27530661
451.000000	-15.10251918
453.000000	-12.06091631
455.000000	27.26629841
457.000000	50.23046262
459.000000	-19.89924563
461.000000	-13.79253354
463.000000	-74.02384531
465.000000	-1.13156338
467.000000	25.28848867
469.000000	-80.81826843
471.000000	-89.15592232
473.000000	8.26000927
475.000000	76.68670096
477.000000	-40.74710077
479.000000	27.82853497
481.000000	40.32783455
483.000000	-5.57019855
485.000000	-85.96977980
487.000000	-48.90999502
489.000000	25.17012539
491.000000	6.27656117
493.000000	57.70540545
495.000000	65.59526258
497.000000	65.51779625
499.000000	67.65287894
501.000000	29.17959717
503.000000	25.24557591
505.000000	69.79096774
507.000000	17.44586369
509.000000	31.82735156
511.000000	60.58781366
513.000000	-26.44994216
515.000000	-63.98345505
517.000000	-42.99546965
519.000000	-42.55713564
521.000000	-28.09724261
523.000000	-89.08740361
525.000000	-41.75511198
527.000000	-56.46250622
529.000000	-25.24430597
531.000000	-3.17899574
533.000000	25.40695866
535.000000	62.13248998
537.000000	73.82202560
539.000000	-7.83623547
541.000000	-7.54680365
543.000000	1.79140801
545.000000	19.62861274
547.000000	18.26917224
549.000000	-10.23816979
551.000000	-39.14429441
553.000000	45.64011706
555.000000	29.16367796
557.000000	-29.54660218
559.000000	8.60516389
561.000000	-54.50361986
563.000000	16.98115840
565.000000	-12.06505513
567.000000	-30.26171324
569.000000	25.93874137
571.000000	-33.64567120
573.000000	-75.65323209
575.000000	67.73763799
577.000000	14.80467936
579.000000	-74.45644776
581.000000	-55.32217201
583.000000	130.16904598
585.000000	-20.70101121
587.000000	-58.57409616
589.000000	55.24745882
591.000000	-23.59044538
593.000000	21.55205504
595.000000	24.20638478
597.000000	-5.93591111
599.000000	68.04126950
601.000000	30.74081297
603.000000	30.86784922
605.000000	2.66278487
607.000000	-34.96733751
609.000000	5.25898378
611.000000	27.61299303
613.000000	49.09527523
615.000000	47.79431007
617.000000	-4.03915568
619.000000	106.46012595
621.000000	-70.08253845
623.000000	48.11965487
625.000000	20.02794458
627.000000	-50.76151510
629.000000	24.19085854
631.000000	17.69088183
633.000000	55.74119828
635.000000	26.70496592
637.000000	38.66063458
639.000000	47.79871691
641.000000	-63.72345578
643.000000	-64.82235709
645.000000	-35.15376495
647.000000	38.14231573
649.000000	-86.41650319
651.000000	8.57432133
653.000000	38.00450703
655.000000	122.24429509
657.000000	-11.20277836
659.000000	67.91501606
661.000000	2.45827621
663.000000	-40.05377219
665.000000	12.76357356
667.000000	21.14631928
669.000000	17.67312556
671.000000	11.07537383
673.000000	28.55965284
675.000000	-49.92873369
677.000000	-62.39939423
679.000000	-5.80617861
681.000000	-1.09853103
683.000000	6.04925299
685.000000	23.21737342
687.000000	-32.08304514
689.000000	-87.70346677
691.000000	-17.43509412
693.000000	24.80865809
695.000000	-55.91343594
697.000000	-16.39147958
699.000000	-28.63651712
701.000000	-42.24304512
703.000000	35.60846438
705.000000	-29.82553136
707.000000	-31.50370695
709.000000	-50.65543854
711.000000	51.74649462
713.000000	97.05818833
715.000000	-11.27607953
717.000000	5.97387375
719.000000	81.00296192
721.000000	28.94089204
723.000000	39.94870872
725.000000	57.11850536
727.000000	9.77823309
729.000000	-5.76966605
731.000000	104.73013521
733.000000	-1.90271217
735.000000	48.65867210
737.000000	61.56332728
739.000000	45.61684242
741.000000	-38.53386983
743.000000	11.66684339
745.000000	21.20177024
747.000000	17.41535121
749.000000	-55.14877007
751.000000	100.90329030
753.000000	-41.16202047
755.000000	-17.09715103
757.000000	-41.96432680
759.000000	35.05876287
761.000000	-76.88381977
763.000000	9.73612212
765.000000	-101.00810854
767.000000	-79.13895817
769.000000	-83.38288651
771.000000	-51.33774025
773.000000	27.18613611
775.000000	-41.15412448
777.000000	40.22316750
779.000000	-12.17799219
781.000000	-26.33948961
783.000000	-13.66717658
785.000000	43.16662936
787.000000	30.09108133
789.000000	4.01745402
791.000000	3.36326614
793.000000	-19.26642798
795.000000	-16.74038197
797.000000	-36.95627664
799.000000	-30.30275167
801.000000	-15.82131675
803.000000	-59.63833046
805.000000	-49.45763656
807.000000	-101.99321380
809.000000	28.72661235
811.000000	44.91820594
813.000000	94.54301135
815.000000	69.42923922
817.000000	3.06709829
819.000000	-40.94735816
821.000000	-12.94043931
823.000000	-8.20303324
825.000000	2.84274650
827.000000	-41.50672919
829.000000	-46.67294293
831.000000	-14.63158213
833.000000	-73.67843559
835.000000	39.23424588
837.000000	-112.16063879
839.000000	87.41877982
841.000000	-42.84886302
843.000000	-15.41871445
845.000000	-56.56712530
847.000000	31.61000318
849.000000	50.63954663
851.000000	-62.82125220
853.000000	-90.47020091
855.000000	98.17262526
857.000000	-23.38271764
859.000000	-7.38821651
861.000000	-47.36728597
863.000000	66.98409785
865.000000	-83.51136912
867.000000	64.92862315
869.000000	71.21230494
871.000000	77.13737423
873.000000	97.75210862
875.000000	69.10554551
877.000000	-35.51026337
879.000000	57.04149197
881.000000	22.43418693
883.000000	39.84893719
885.000000	57.99867391
887.000000	-47.90139570
889.000000	2.42882558
891.000000	-6.81497927
893.000000	-70.78437419
895.000000	-24.72163876
897.000000	12.50797417
899.000000	-13.45410693
901.000000	6.96656230
903.000000	14.59528187
905.000000	9.05024993
907.000000	-17.31821427
909.000000	-44.48654197
911.000000	85.71177211
913.000000	77.01500156
915.000000	-15.39941865
917.000000	13.59766390
919.000000	-61.85871601
921.000000	17.46103053
923.000000	-37.17015704
925.000000	-10.08736820
927.000000	10.57618584
929.000000	-6.30330772
931.000000	-20.77212812
933.000000	-21.68618844
935.000000	20.77461606
937.000000	-74.64681538
939.000000	70.15842007
941.000000	-42.20629663
943.000000	23.79638875
945.000000	-105.62028269
947.000000	-91.41680899
949.000000	-5.01638083
951.000000	-52.01132390
953.000000	7.70107557
955.000000	-57.28105454
957.000000	-22.44550424
959.000000	37.77320943
961.000000	-44.85111164
963.000000	8.13938254
965.000000	-18.69470972
967.000000	-14.57166574
969.000000	16.63339520
971.000000	-10.06821326
973.000000	3.78279754
975.000000	77.00857070
977.000000	-22.07355355
979.000000	-19.77324189
981.000000	-11.67454304
983.000000	95.98319588
985.000000	10.31982484
987.000000	-4.75020651
989.000000	-4.00522448
991.000000	21.07493353
993.000000	76.26752609
995.000000	1.36451094
997.000000	13.50772921
999.000000	18.09475617
1001.000000	48.15778973
1003.000000	-46.04104768
1005.000000	-27.04092820
1007.000000	-41.79326136
1009.000000	-75.16272355
1011.000000	-8.77188991
1013.000000	39.14654578
1015.000000	70.74933073
1017.000000	25.74698344
1019.000000	-5.88167239
1021.000000	1.81159369
1023.000000	55.96824521
1025.000000	-75.56861665
1027.000000	128.41666815
1029.000000	-45.02205967
1031.000000	-74.98396398
1033.000000	-53.31625428
1035.000000	-30.59522188
1037.000000	31.68875460
1039.000000	-7.51326541
1041.000000	37.98698548
1043.000000	-23.15156038
1045.000000	-24.59985020
1047.000000	-12.78322486
1049.000000	23.27484190
1051.000000	52.00270459
1053.000000	1.90482291
1055.000000	-55.00040604
1057.000000	-36.69555924
1059.000000	-33.61333189
1061.000000	85.16089686
1063.000000	11.24518227
1065.000000	-12.54887105
1067.000000	-44.41542715
1069.000000	-1.14450168
1071.000000	72.23404808
1073.000000	62.09573286
1075.000000	-17.58460282
1077.000000	-20.14215932
1079.000000	24.52202365
1081.000000	-8.99607453
1083.000000	-6.25778838
1085.000000	1.35762761
1087.000000	21.71235124
1089.000000	-2.25219609
1091.000000	-11.79204627
1093.000000	62.87392334
1095.000000	-11.56011204
1097.000000	19.85969594
1099.000000	26.91396894
1101.000000	-88.86978994
1103.000000	-60.44085046
1105.000000	89.62025392
1107.000000	47.98099748
1109.000000	56.91468414
1111.000000	83.61074839
1113.000000	-23.29900486
1115.000000	-33.13398177
1117.000000	12.09242093
1119.000000	-17.74731945
1121.000000	10.60854510
1123.000000	-31.62020260
1125.000000	92.85348892
1127.000000	-58.28037208
1129.000000	69.61599982
1131.000000	-38.30683519
1133.000000	-32.19771125
1135.000000	-61.73343648
1137.000000	30.97506451
1139.000000	-46.98871963
1141.000000	70.68993402
1143.000000	-35.81652808
1145.000000	37.86959316
1147.000000	8.10123134
1149.000000	31.09614203
1151.000000	-71.76160627
1153.000000	-25.77063823
1155.000000	-8.43351079
1157.000000	-10.54797625
1159.000000	-47.57153292
1161.000000	38.41443999
1163.000000	-35.94999109
1165.000000	-15.82153306
1167.000000	-78.45317920
1169.000000	35.34998244
1171.000000	-35.92770669
1173.000000	-61.09881978
1175.000000	5.10675431
1177.000000	-27.64901414
1179.000000	18.78821134
1181.000000	-32.37409622
1183.000000	2.55826271
1185.000000	9.67522961
1187.000000	54.84560701
1189.000000	-37.85250008
1191.000000	-30.00979170
1193.000000	33.51141864
1195.000000	-73.26325882
1197.000000	41.56825420
1199.000000	115.57960270
1201.000000	-48.14125549
1203.000000	-13.64150983
1205.000000	25.69486283
1207.000000	1.79165923
1209.000000	-51.55501250
1211.000000	-28.03103275
1213.000000	-22.03943389
1215.000000	13.61918938
1217.000000	-50.87820581
1219.000000	-88.61581907
1221.000000	-37.25269996
1223.000000	-52.18870747
1225.000000	-116.76717515
1227.000000	77.79393732
1229.000000	2.41495617
1231.000000	37.42123875
1233.000000	44.41475078
1235.000000	17.65167927
1237.000000	-14.76065794
1239.000000	-5.72920993
1241.000000	-85.49190288
1243.000000	38.06824561
1245.000000	-23.08871768
1247.000000	46.56013392
1248.000000	6.82048347
1249.000000	-5.42466268
1250.000000	-6.94224978
1251.000000	-55.62555525
1252.000000	-12.52862921
1253.000000	8.37769512
1254.000000	-18.53012447
1255.000000	28.92236652
1256.000000	28.17728226
1257.000000	96.29154952
1258.000000	3.46338008
1259.000000	-0.09460351
1260.000000	-62.91749565
1261.000000	115.94638374
1262.000000	-4.11290682
1263.000000	-24.83924659
1264.000000	12.34366645
1265.000000	4.39312890
1266.000000	-13.58726766
1267.000000	65.04619957
1268.000000	-27.78724697
1269.000000	141.27388323
1270.000000	-59.85649238
1271.000000	-8.39483316
1272.000000	40.59844711
1273.000000	-29.13531004
1274.000000	-9.14479460
1275.000000	-12.14337730
1276.000000	-53.41240755
1277.000000	49.15289943
1278.000000	-64.51352575
1279.000000	33.98645574
1280.000000	-27.18949108
1281.000000	10.09308360
1282.000000	-72.42761712
1283.000000	66.31555423
1284.000000	-53.07774210
1285.000000	0.24643927
1286.000000	-4.37792954
1287.000000	87.99988052
1288.000000	58.02902021
1289.000000	40.73059886
1290.000000	-23.89974559
1291.000000	11.41554953
1292.000000	2.06168418
1293.000000	-103.14662703
1294.000000	23.10820864
1295.000000	-53.24706771
1296.000000	9.51409978
1297.000000	56.87657805
1298.000000	26.90359530
1299.000000	48.41752200
1300.000000	63.75840770
1301.000000	5.43292847
1302.000000	23.29596944
1303.000000	77.68305452
1304.000000	-34.27640730
1305.000000	59.91966907
1306.000000	30.85219938
1307.000000	-46.99173398
1308.000000	-35.99141198
1309.000000	29.01827822
1310.000000	-12.20433529
1311.000000	-18.16608660
1312.000000	29.55988430
1313.000000	2.54892106
1314.000000	-27.65492997
1315.000000	-43.61257453
1316.000000	36.64964417
1317.000000	-87.74385452
1318.000000	-43.73487358
1319.000000	-6.66974316
1320.000000	49.01672346
1321.000000	-24.14410230
1322.000000	6.47356903
1323.000000	-44.23889833
1324.000000	44.86829945
1325.000000	-51.59638362
1326.000000	82.78503993
1327.000000	-48.64135639
1328.000000	36.26475351
1329.000000	-9.43094202
1330.000000	-79.42920946
1331.000000	-20.76953084
1332.000000	-23.06858745
1333.000000	41.11387944
1334.000000	-81.45217120
1335.000000	9.09409533
1336.000000	-71.31052407
1337.000000	-1.04615942
1338.000000	-50.87695474
1339.000000	-83.98318257
1340.000000	-1.83498751
1341.000000	-24.50751746
1342.000000	39.25090495
1343.000000	66.98867836
1344.000000	-20.19526486
1345.000000	-14.16634179
1346.000000	53.44891213
1347.000000	95.04431101
1348.000000	-20.67578562
1349.000000	20.91316248
1350.000000	-10.37540847
1351.000000	-28.35572056
1352.000000	80.18531162
1353.000000	-25.70209356
1354.000000	14.92171437
1355.000000	8.59700165
1356.000000	-26.10581812
1357.000000	67.66871956
1358.000000	82.42429436
1359.000000	42.22222470
1360.000000	-16.89607208
1361.000000	23.41782182
1362.000000	51.86119781
1363.000000	8.39906300
1364.000000	-45.31396412
1365.000000	-97.14577128
1366.000000	-30.48024891
1367.000000	-6.65715618
1368.000000	-11.74280376
1369.000000	25.92522262
1370.000000	59.28498802
1371.000000	-12.59093147
1372.000000	-30.27545979
1373.000000	-66.18945330
1374.000000	-0.44037473
1375.000000	-18.77039802
1376.000000	-41.51073095
1377.000000	28.20008091
1378.000000	-41.80425910
1379.000000	14.77127727
1380.000000	19.26062828
1381.000000	42.37113071
1382.000000	64.31875952
1383.000000	-30.64118073
1384.000000	-41.36848041
1385.000000	0.27011756
1386.000000	-13.51106457
1387.000000	2.93002023
1388.000000	-23.11917885
1389.000000	-8.20614979
1390.000000	-37.80072394
1391.000000	-13.29950913
1392.000000	-25.39356609
1393.000000	44.48704218
1394.000000	-38.10263288
1395.000000	66.07875018
1396.000000	56.03248256
1397.000000	-0.41299580
1398.000000	-45.25945644
1399.000000	-67.83595204
1400.000000	-17.99039356
1401.000000	131.59109697
1402.000000	-65.69660490
1403.000000	-42.08191493
1404.000000	34.24141693
1405.000000	10.94944758
1406.000000	42.46469104
1407.000000	35.97405327
1408.000000	-51.16663526
1409.000000	22.89716994
1410.000000	61.38441761
1411.000000	38.16099308
1412.000000	-90.19954078
1413.000000	-22.43622099
1414.000000	58.69735938
1415.000000	-30.71764173
1416.000000	55.49434815
1417.000000	60.96493101
1418.000000	-50.37110086
1419.000000	18.13471073
1420.000000	69.71287423
1421.000000	-96.01628667
1422.000000	-47.68206255
1423.000000	-4.49001022
1424.000000	-21.69556430
1425.000000	-87.72655315
1426.000000	-13.88332370
1427.000000	-23.64631204
1428.000000	-23.95788448
1429.000000	-23.70275368
1430.000000	6.17713212
1431.000000	28.72683639
1432.000000	11.73618519
1433.000000	-84.09765528
1434.000000	-37.70101064
1435.000000	8.65127040
1436.000000	54.38281435
1437.000000	22.33001202
1438.000000	23.36515015
1439.000000	-2.21366124
1440.000000	10.73407559
1441.000000	22.57520406
1442.000000	13.95840818
1443.000000	-41.43453696
1444.000000	27.49026664
1445.999000	-6.50710752
1446.999000	-15.11139763
1447.999000	56.16444904
1448.999000	-15.87269473
1449.999000	41.57712451
1450.999000	-31.92221292
1451.999000	-30.04038955
1452.999000	28.39785513
1453.999000	35.10611286
1454.999000	2.88733630
1455.999000	64.91946942
1456.999000	23.23522240
1457.999000	15.52267997
1458.999000	-15.15051894
1459.999000	60.36767310
1460.999000	-24.33734498
1461.999000	-33.42376684
1462.999000	-26.20411582
1463.999000	22.18115892
1464.999000	37.20627822
1465.999000	9.69483310
1466.999000	39.88700249
1467.999000	40.77457001
1468.999000	33.96128317
1469.999000	-43.20873722
1470.999000	-29.45085566
1471.999000	67.13141932
1472.999000	-18.30210849
1473.999000	2.91497139
1474.999000	32.88641128
1475.999000	-23.10402663
1476.999000	51.18953462
1477.999000	-88.77735972
1478.999000	-43.50834445
1479.999000	-3.60722860
1480.999000	66.69398744
1481.999000	1.25238861
1482.999000	33.24347683
1483.999000	3.71810429
1484.999000	-15.70027012
1485.999000	29.05087840
1486.999000	62.95630919
1487.999000	-33.65819040
1488.999000	-35.90794065
1489.999000	-73.82456307
1490.999000	-23.38143530
1491.999000	17.02203524
1492.999000	-40.74291135
1493.999000	7.73113400
1494.999000	-32.01361744
1495.999000	48.44574083
1496.999000	51.42410944
1497.999000	32.15523699
1498.999000	-31.94078491
1499.999000	14.78233712
1500.999000	-30.47059672
1501.999000	-48.56162263
1502.999000	11.44214228
1503.999000	34.90412535
1504.999000	-69.35486798
1505.999000	23.75299213
1506.999000	-93.10473822
1507.999000	24.83070292
1508.999000	84.78650812
1509.999000	4.40018328
1510.999000	49.19810822
1511.999000	-91.93785122
1512.999000	85.65728612
1513.999000	-51.79182245
1514.999000	48.74700800
1515.999000	18.05063483
1516.999000	43.37942275
1517.999000	5.07889628
1518.999000	11.50242672
1519.999000	17.19096665
1520.999000	40.32692154
1521.999000	65.38363719
1522.999000	-68.66604902
1523.999000	45.24971097
1524.999000	11.31694054
1525.999000	-55.38799118
1526.999000	-80.78424289
1527.999000	-32.72402417
1528.999000	-15.59810235
1529.999000	50.92851938
1530.999000	3.75420715
1531.999000	-54.08213423
1532.999000	-16.00061544
1533.999000	31.24453482
1534.999000	8.84238847
1535.999000	30.05239574
1536.999000	44.03175765
1537.999000	-32.24548110
1538.999000	-42.69611152
1539.999000	-30.84242926
1540.999000	81.10518359
1541.999000	8.10104870
1542.999000	62.09383314
1543.999000	-26.78159981
1544.999000	95.34761818
1545.999000	-18.61722893
1546.999000	55.96313873
1547.999000	2.88797805
1548.999000	26.12096991
1549.999000	-6.08110670
1550.999000	52.37263031
1551.999000	-29.77276110
1552.999000	-26.32421086
1553.999000	-55.74237490
1554.999000	61.02321026
1555.999000	-27.53858551
1556.999000	-16.09819757
1557.999000	27.98747613
1558.999000	-12.94827613
1559.999000	4.76937075
1560.999000	92.04118268
1561.999000	-15.43461091
1562.999000	26.69148179
1563.999000	7.52257086
1564.999000	68.61628778
1565.999000	-27.82788312
1566.999000	-29.76165004
1567.999000	28.48027674
1568.999000	-3.63839389
1569.999000	-99.13008444
1570.999000	88.38970481
1571.999000	53.03570084
1572.999000	59.87636380
1573.999000	-47.57101651
1574.999000	-109.72386463
1575.999000	33.33472240
1576.999000	37.87324980
1577.999000	-36.11237403
1578.999000	-21.42721041
1579.999000	-7.40773220
1580.999000	28.31217374
1581.999000	1.06080314
1582.999000	-12.01237946
1583.999000	9.49855410
1584.999000	-49.07487656
1585.999000	-31.70680993
1586.999000	-2.28475978
1587.999000	22.65613100
1588.999000	-107.71058345
1589.999000	45.54079698
1590.999000	-8.55959959
1591.999000	-10.72819600
1592.999000	-29.82204629
1593.999000	13.79828090
1594.999000	52.29661894
1595.999000	-53.62616335
1596.999000	-109.21833940
1597.999000	-51.81879143
1598.999000	57.30235690
1599.999000	-11.53783977
1600.999000	-43.74673140
1601.999000	103.31906835
1602.999000	-39.88605662
1603.999000	-19.73882365
1604.999000	39.01698726
1605.999000	26.77791661
1606.999000	-5.99554712
1607.999000	19.01921899
1608.999000	-12.76344967
1609.999000	12.06751522
1610.999000	-44.17742936
1611.999000	6.50371017
1612.999000	-35.45506727
1613.999000	44.64596680
1614.999000	-45.76802686
1615.999000	51.71238500
1616.999000	-80.82684804
1617.999000	-43.12491464
1618.999000	0.86725000
1619.999000	-74.09000261
1620.999000	4.89968489
1621.999000	27.40994910
1622.999000	-13.12486076
1623.999000	-12.50704767
1624.999000	1.59182866
1625.999000	1.30374939
1626.999000	96.15166422
1627.999000	-43.12431666
1628.999000	94.20504199
1629.999000	-8.30311058
1630.999000	-2.66516220
1631.999000	-41.73088410
1632.999000	-66.36730899
1633.999000	-23.27305654
1634.999000	17.77561985
1635.999000	34.97766540
1636.999000	-1.34092996
1637.999000	-7.76174011
1638.999000	29.34362734
1639.999000	26.81392966
1640.999000	-16.98630143
1641.999000	-76.09418576
1642.999000	63.25438196
1643.999000	102.09046318
1644.999000	3.98419412
1645.999000	20.82125957
1646.999000	-23.09878271
1647.999000	78.59180353
1648.999000	58.64483886
1649.999000	53.96845400
1650.999000	-1.78024304
1651.999000	5.51460329
1652.999000	-24.66674577
1653.999000	-33.45174877
1654.999000	-30.66713754
1655.999000	63.79427780
1656.999000	83.41159379
1657.999000	-29.43557278
1658.999000	32.06997450
1659.999000	-13.99499727
1660.999000	-25.48177146
1661.999000	-34.26412898
1662.999000	-25.95312246
1663.999000	17.67960380
1664.999000	28.00320474
1665.999000	3.56461733
1666.999000	-9.71146098
1667.999000	-56.26626745
1668.999000	56.14389186
1669.999000	16.79147583
1670.999000	-27.80021921
1671.999000	-25.17044214
1672.999000	-56.86846260
1673.999000	-21.13848149
1674.999000	-34.62324246
1675.999000	-39.66926915
1676.999000	100.50338922
1677.999000	-29.55165643
1678.999000	-113.78251565
1679.999000	0.37397658
1680.999000	-42.71899064
1681.999000	3.05099686
1682.999000	79.78912016
1683.999000	9.43307720
1684.999000	-108.29318417
1685.999000	53.73422607
1686.999000	74.17677507
1687.999000	-52.86340519
1688.999000	-41.19621011
1689.999000	-79.00183876
1690.999000	-0.44926921
1691.999000	72.85857220
1692.999000	10.47150375
1693.999000	41.46244409
1694.999000	-44.14564934
1695.999000	23.64370878
1696.999000	51.38210458
1697.999000	52.94384290
