# F(k,t) correlation function
# Reference time: 1607.001 ps
# lag_time_ps	F(k,t)
0.000000	482.60584604
2.000000	-1.53562505
4.000000	-26.12577244
6.000000	-56.49299678
8.000000	12.65552470
10.000000	74.13083260
12.000000	-8.48840627
14.000000	1.47136685
16.000000	19.90215825
18.000000	-2.44696856
20.000000	-71.95818467
22.000000	-6.69393401
24.000000	-92.28302186
26.000000	15.99039036
28.000000	-11.74537835
30.000000	10.16685350
32.000000	70.92880525
34.000000	1.28183090
36.000000	29.47564655
38.000000	-14.57659444
40.000000	27.28163596
42.000000	-54.18447005
44.000000	-19.34020367
46.000000	14.88600984
48.000000	-10.88583493
50.000000	19.49592951
52.000000	90.41562964
54.000000	10.63826812
56.000000	-8.95394582
58.000000	9.71045180
60.000000	53.41003685
62.000000	25.09360537
64.000000	-15.16703127
66.000000	34.57683894
68.000000	1.13883479
70.000000	26.01637776
72.000000	-12.49429319
74.000000	-17.36575709
76.000000	27.04966978
78.000000	2.28690136
80.000000	62.49463125
82.000000	-66.73697618
84.000000	60.20647645
86.000000	-62.47085265
88.000000	21.10336780
90.000000	20.29423456
92.000000	-28.69308902
94.000000	29.64615460
96.000000	-27.59330482
98.000000	-52.01449747
100.000000	-10.10543358
102.000000	-10.83010950
104.000000	-40.33442214
106.000000	12.85365040
108.000000	13.22799250
110.000000	19.36000675
112.000000	16.92086619
114.000000	32.18462731
116.000000	-39.45412815
118.000000	-62.07087801
120.000000	-5.24217871
122.000000	69.54427235
124.000000	-68.35944360
126.000000	-40.25486482
128.000000	-20.85526706
130.000000	31.54341707
132.000000	19.87837886
134.000000	-10.53011080
136.000000	56.10073513
138.000000	-28.95158655
140.000000	-120.24626191
142.000000	32.19495959
144.000000	-19.99108214
146.000000	-28.85839339
148.000000	-50.94850819
150.000000	59.74048019
152.000000	9.13133678
154.000000	-81.45359782
156.000000	17.51042677
158.000000	54.30725494
160.000000	-70.53305324
162.000000	-2.08041829
164.000000	30.86775437
166.000000	76.15424219
168.000000	45.18622404
170.000000	35.56545401
172.000000	93.35616620
174.000000	41.82228900
176.000000	-65.72668061
178.000000	-18.42816796
180.000000	-34.43653296
182.000000	-22.21496729
184.000000	53.12529426
186.000000	-3.16052547
188.000000	125.05891910
190.000000	-1.87738953
192.000000	69.70013140
194.000000	-49.29977596
196.000000	-40.86687703
198.000000	20.79802892
200.000000	14.48037940
202.000000	-61.44929335
204.000000	74.12407636
206.000000	19.05350437
208.000000	-82.77326018
210.000000	68.36684173
212.000000	-36.08790202
214.000000	-82.65307795
216.000000	-38.61725621
218.000000	-1.82097983
220.000000	-6.77995103
222.000000	-53.11606870
224.000000	-55.03655653
226.000000	-18.85692073
228.000000	56.39454125
230.000000	-72.66896969
232.000000	-69.38123048
234.000000	-31.17083478
236.000000	41.03495094
238.000000	-30.44402718
240.000000	-106.29585441
242.000000	-52.21172867
243.000000	74.47615517
244.000000	-75.92506437
245.000000	-89.21795850
246.000000	4.81229643
247.000000	-34.18071983
248.000000	-57.13616496
249.000000	55.76596003
250.000000	-56.55903817
251.000000	33.04356549
252.000000	-31.61464842
253.000000	-34.26042921
254.000000	-149.90370401
255.000000	29.43620866
256.000000	41.34098831
257.000000	43.50119861
258.000000	-52.73041474
259.000000	-3.62738834
260.000000	-14.42156945
261.000000	-4.93544219
262.000000	-15.11335727
263.000000	-0.20687765
264.000000	13.55736069
265.000000	13.59695159
266.000000	82.10900234
267.000000	-14.18998783
268.000000	-74.27920674
269.000000	-2.19163981
270.000000	99.12438397
271.000000	-54.45962794
272.000000	8.10731944
273.000000	39.57963140
274.000000	39.71055574
275.000000	60.87804575
276.000000	26.03289750
277.000000	37.88446953
278.000000	-38.94944221
279.000000	-4.00126376
280.000000	11.07120893
281.000000	-52.69047007
282.000000	68.42040815
283.000000	-34.52729719
284.000000	38.38021361
285.000000	-43.06683954
286.000000	-45.39443670
287.000000	8.98949307
288.000000	-15.38943573
289.000000	-88.47041489
290.000000	-10.26869836
291.000000	60.79506528
292.000000	-17.52352946
293.000000	168.75292892
294.000000	32.91802888
295.000000	2.97049105
296.000000	-49.44218356
297.000000	6.45616828
298.000000	29.07111145
299.000000	-39.22245796
300.000000	-91.74115171
301.000000	7.70273343
302.000000	59.68142964
303.000000	11.00299042
304.000000	-54.74186457
305.000000	91.54238633
306.000000	9.02373813
307.000000	43.57817990
308.000000	68.38118153
309.000000	-10.49289728
310.000000	-27.66437520
311.000000	54.44887882
312.000000	-58.29887453
313.000000	44.62657104
314.000000	68.81675281
315.000000	-103.50104799
316.000000	4.57471887
317.000000	18.97387742
318.000000	-38.69189999
319.000000	-88.22858431
320.000000	-15.36639234
321.000000	48.12313848
322.000000	-16.55073257
323.000000	-51.89977148
324.000000	-7.56275511
325.000000	15.29639814
326.000000	38.08271634
327.000000	1.92274047
328.000000	61.76929506
329.000000	36.45750487
330.000000	32.29853220
331.000000	25.77856207
332.000000	-80.14512650
333.000000	21.52042954
334.000000	-42.68751215
335.000000	14.21566532
336.000000	-61.49836451
337.000000	29.79841603
338.000000	27.94659442
339.000000	78.99842805
340.000000	-33.99403829
341.000000	-56.22901291
342.000000	70.48628898
343.000000	-44.54571770
344.000000	-8.86792712
345.000000	-36.31817772
346.000000	-30.86656827
347.000000	67.41566479
348.000000	-48.42532345
349.000000	-23.92155262
350.000000	21.31573238
351.000000	-26.36182895
352.000000	36.42217284
353.000000	73.60181223
354.000000	11.40678517
355.000000	-37.67593552
356.000000	-32.18741905
357.000000	-56.28754479
358.000000	11.31695801
359.000000	99.87729566
360.000000	-76.00754124
361.000000	-23.78886160
362.000000	13.16514685
363.000000	11.83848394
364.000000	-38.51956048
365.000000	-20.21961988
366.000000	-117.73054480
367.000000	76.79029031
368.000000	48.40162525
369.000000	25.43359890
370.000000	-34.64522644
371.000000	40.38506021
372.000000	1.20214621
373.000000	31.75146346
374.000000	45.98882369
375.000000	-10.90892023
376.000000	40.77938410
377.000000	-48.03969217
378.000000	33.57734075
379.000000	49.94749798
380.000000	38.88619265
381.000000	25.95935085
382.000000	-59.80806789
383.000000	37.58327123
384.000000	-96.86836320
385.000000	-16.76088380
386.000000	-22.81369989
387.000000	26.21944586
388.000000	88.32256256
389.000000	47.81886744
390.000000	43.23319943
391.000000	-62.67138767
392.000000	49.51036407
393.000000	-21.46621253
394.000000	68.14018184
395.000000	-24.08625127
396.000000	7.04977601
397.000000	6.51201229
398.000000	-70.13744691
399.000000	-61.48850646
400.000000	63.73791509
401.000000	54.69791813
402.000000	-7.10838623
403.000000	105.56031110
404.000000	-12.04193515
405.000000	-16.51984757
406.000000	-158.37428890
407.000000	25.22909751
408.000000	-42.36755791
409.000000	-28.85571466
410.000000	7.26425678
411.000000	14.92948450
412.000000	-9.64323920
413.000000	-49.56829990
414.000000	-31.36624486
415.000000	39.15353008
416.000000	32.12858590
417.000000	39.19631927
418.000000	46.98116570
419.000000	-14.74748418
420.000000	-31.18907778
421.000000	45.29477218
422.000000	-63.60964175
423.000000	16.53149362
424.000000	64.57679238
425.000000	-79.14133756
426.000000	1.72949822
427.000000	-3.76208765
428.000000	-7.25058966
429.000000	-129.24336964
430.000000	25.20469904
431.000000	31.31214647
432.000000	15.22873235
433.000000	48.91101739
434.000000	44.43691337
435.000000	-37.06026937
436.000000	67.46955829
437.000000	-5.06756358
438.000000	54.02222139
439.000000	-57.65613550
440.999000	-39.49766940
441.999000	-7.32016840
442.999000	-25.52996328
443.999000	64.78133528
444.999000	-128.58744920
445.999000	19.78200427
446.999000	-24.16548202
447.999000	24.82614592
448.999000	-44.61459523
449.999000	-14.64993603
450.999000	21.74245346
451.999000	23.49618256
452.999000	-69.72278589
453.999000	-30.42871447
454.999000	-22.79210906
455.999000	97.61741508
456.999000	34.30715639
457.999000	-95.60595633
458.999000	19.31403163
459.999000	-81.55540833
460.999000	-19.28310451
461.999000	-10.66148408
462.999000	-80.40465328
463.999000	-54.47728241
464.999000	33.60200810
465.999000	-16.22766017
466.999000	16.16319871
467.999000	21.93089587
468.999000	5.78285597
469.999000	-14.40722340
470.999000	-0.27118706
471.999000	6.29018135
472.999000	48.39123536
473.999000	64.42623910
474.999000	61.68144665
475.999000	10.58479802
476.999000	-27.86301858
477.999000	70.31254137
478.999000	23.09877367
479.999000	35.50468382
480.999000	107.62107677
481.999000	32.39705238
482.999000	38.72884423
483.999000	11.22293091
484.999000	-72.36590577
485.999000	86.95561521
486.999000	6.58325191
487.999000	24.52268888
488.999000	-4.16710566
489.999000	-45.24153706
490.999000	-80.75931324
491.999000	140.17187998
492.999000	-145.93297114
493.999000	-0.11084032
494.999000	7.75478095
495.999000	1.58028130
496.999000	12.22783836
497.999000	98.04426742
498.999000	-45.65935915
499.999000	-57.96711227
500.999000	-59.32645507
501.999000	-31.62711930
502.999000	73.46557138
503.999000	-39.23957690
504.999000	-0.19371069
505.999000	19.14701856
506.999000	-1.12497273
507.999000	60.71868682
508.999000	-54.98622616
509.999000	-32.84709579
510.999000	17.93440614
511.999000	10.24387654
512.999000	-36.99828294
513.999000	15.58880537
514.999000	-17.56955962
515.999000	42.72787943
516.999000	-28.60067747
517.999000	-122.21887721
518.999000	23.41046108
519.999000	-94.75234065
520.999000	14.49649926
521.999000	-14.57952224
522.999000	-20.33591860
523.999000	19.64169594
524.999000	-25.33884373
525.999000	153.57077003
526.999000	-84.16429049
527.999000	-16.01923735
528.999000	115.62843190
529.999000	-19.26253210
530.999000	-58.27977855
531.999000	110.08701320
532.999000	27.18203664
533.999000	42.39124217
534.999000	27.43680358
535.999000	59.68003449
536.999000	28.05808299
537.999000	-10.02626922
538.999000	11.34285266
539.999000	53.34597047
540.999000	45.81944275
541.999000	40.42723844
542.999000	-38.57245773
543.999000	-51.74920438
544.999000	-6.23036708
545.999000	-18.63917500
546.999000	1.32796370
547.999000	-22.12948749
548.999000	-2.11980715
549.999000	-32.40537942
550.999000	7.08782356
551.999000	-8.42501273
552.999000	42.27756767
553.999000	63.49821061
554.999000	29.79988638
555.999000	13.51905365
556.999000	-36.39480121
557.999000	-28.60687524
558.999000	-37.55525193
559.999000	13.24340197
560.999000	-38.42787313
561.999000	84.74591257
562.999000	-81.95142445
563.999000	84.59550264
564.999000	41.16171981
565.999000	-11.97092287
566.999000	152.20522558
567.999000	-41.17392864
568.999000	34.22139536
569.999000	16.45078992
570.999000	-43.65981380
571.999000	-63.15434900
572.999000	-110.04487194
573.999000	44.05403010
574.999000	33.26980624
575.999000	23.04931150
576.999000	-46.67963252
577.999000	94.59704409
578.999000	-111.24416464
579.999000	31.78534982
580.999000	3.75109022
581.999000	72.21766607
582.999000	-11.97979880
583.999000	99.43449241
584.999000	42.81620472
585.999000	40.56802848
586.999000	-38.01465272
587.999000	89.98994385
588.999000	-93.05451952
589.999000	-18.18467728
590.999000	-16.40769681
591.999000	-63.37818114
592.999000	71.07155413
593.999000	-68.16071662
594.999000	50.48644206
595.999000	-32.98425125
596.999000	12.16012438
597.999000	14.85936838
598.999000	-21.32618451
599.999000	-51.82308179
600.999000	79.41015833
601.999000	38.86777904
602.999000	5.18011983
603.999000	-25.10740229
604.999000	-7.74774969
605.999000	106.27134326
606.999000	33.78800344
607.999000	100.15907483
608.999000	10.83265168
609.999000	-14.95904391
610.999000	4.57646854
611.999000	23.99261297
612.999000	-75.48106946
613.999000	38.31581062
614.999000	-18.93282609
615.999000	17.04880680
616.999000	-9.40207347
617.999000	-68.15707326
618.999000	40.55006046
619.999000	26.01944175
620.999000	-56.32866909
621.999000	-17.08976210
622.999000	-25.73327537
623.999000	-72.78151908
624.999000	-85.15585619
625.999000	58.13513665
626.999000	-5.63624489
627.999000	75.90425234
628.999000	-44.75772906
629.999000	-71.66627179
630.999000	42.13020336
631.999000	-34.07207031
632.999000	33.82975558
633.999000	-22.09564160
634.999000	8.68669278
635.999000	50.09290836
636.999000	33.48514694
637.999000	59.84566390
638.999000	-60.62189680
639.999000	115.93064974
640.999000	1.84309036
641.999000	-66.28073470
642.999000	-8.80883217
643.999000	-9.31986966
644.999000	124.94729480
645.999000	20.97389924
646.999000	18.09556760
647.999000	-26.28653137
648.999000	48.86082347
649.999000	34.83248242
650.999000	-35.05297076
651.999000	-49.00925259
652.999000	-5.81787647
653.999000	31.43543342
654.999000	-3.92941998
655.999000	-155.96068392
656.999000	-77.68883941
657.999000	70.77841203
658.999000	-147.02739582
659.999000	-10.82889083
660.999000	61.13366751
661.999000	31.01797205
662.999000	-17.19017855
663.999000	-2.61800292
664.999000	4.73169525
665.999000	69.08768919
666.999000	17.26974991
667.999000	34.39911140
668.999000	-20.55338075
669.999000	-43.44144513
670.999000	-99.05509855
671.999000	-91.78138972
672.999000	81.97493201
673.999000	69.05331934
674.999000	57.89573284
675.999000	13.78110007
676.999000	33.60336058
677.999000	34.74556539
678.999000	1.73119353
679.999000	-17.60497654
680.999000	-20.88501596
681.999000	-11.07050247
682.999000	44.09985877
683.999000	15.88257576
684.999000	27.99438881
685.999000	76.89394182
686.999000	-17.71567749
687.999000	-80.30094465
688.999000	-19.04505568
689.999000	16.48453076
690.999000	34.27788416
691.999000	27.62561240
692.999000	2.18657407
