# F(k,t) correlation function
# Reference time: 0.000 ps
# lag_time_ps	F(k,t)
0.000000	448.99232043
1.000000	-58.29068880
2.000000	-20.38359721
3.000000	-22.02535901
4.000000	-44.40796661
5.000000	18.88603942
6.000000	-26.49646095
7.000000	-17.26322581
8.000000	12.02181216
9.000000	-18.71965836
10.000000	33.49290620
11.000000	-25.45622192
12.000000	17.33886116
13.000000	67.10903281
14.000000	-37.55767915
15.000000	-31.94777763
16.000000	-68.87018549
17.000000	-7.08627825
18.000000	34.68978899
19.000000	-117.69911946
20.000000	-12.83614362
21.000000	65.90753593
22.000000	67.56190175
23.000000	106.35959185
24.000000	39.10656785
25.000000	-13.38619203
26.000000	-50.56696072
27.000000	-41.43604374
28.000000	-28.43102265
29.000000	-24.81669462
30.000000	20.55091266
31.000000	39.32537766
32.000000	19.85074463
33.000000	-8.16277345
34.000000	57.37700008
35.000000	22.64837429
36.000000	42.13320446
37.000000	-27.97708726
38.000000	-18.41555269
39.000000	33.44098669
40.000000	-9.92703112
41.000000	-8.80464483
42.000000	-113.22303245
43.000000	1.59748248
44.000000	144.67816890
45.000000	26.84221784
46.000000	-75.59861416
47.000000	-67.02912559
48.000000	6.15498230
49.000000	-27.21191610
50.000000	31.55619556
51.000000	-26.21620215
52.000000	66.04152874
53.000000	8.97313475
54.000000	46.72090371
55.000000	-4.30940862
56.000000	-14.01418480
58.000000	20.24064459
60.000000	65.83117587
62.000000	-35.38050505
64.000000	-99.63501532
66.000000	5.40297854
68.000000	13.44683764
70.000000	20.09332341
72.000000	-26.95893428
74.000000	-23.97894278
76.000000	-8.60791059
78.000000	52.81297030
80.000000	-34.14863433
82.000000	-32.12489674
84.000000	48.62465336
86.000000	-43.76070721
88.000000	-12.43030072
90.000000	72.15799401
92.000000	-36.66171394
94.000000	8.45988833
96.000000	-38.48998409
98.000000	-22.05019814
100.000000	17.03732509
102.000000	-35.23928557
104.000000	108.07818938
106.000000	11.83566239
108.000000	22.83446558
110.000000	-66.04760686
112.000000	16.50150172
114.000000	53.79046708
116.000000	23.20096599
118.000000	36.68633959
120.000000	14.94209589
122.000000	32.56089144
124.000000	-19.56487076
126.000000	-3.80277911
128.000000	-57.12251457
130.000000	-15.04915839
132.000000	-105.07745478
134.000000	-34.28765641
135.001000	0.76850135
137.001000	28.40539784
139.001000	18.70082684
141.001000	-4.62500695
143.001000	51.26679821
145.001000	24.53075597
147.001000	-16.32943565
149.001000	-34.76032325
151.001000	3.77942133
153.001000	-52.57314615
155.001000	95.87688895
157.001000	73.44433183
159.001000	57.39069627
161.001000	-31.47570417
163.001000	-48.59886456
165.001000	10.52238099
167.001000	16.86039967
169.001000	-42.37022215
171.001000	57.55899898
173.001000	32.77683584
175.001000	63.68067672
177.001000	-23.18265425
179.001000	13.18462321
181.001000	29.17013617
183.001000	45.39997029
185.001000	-29.17448610
187.001000	-28.38580470
189.001000	-12.59061648
191.001000	-1.87777685
193.001000	5.44491700
195.001000	-57.38364350
197.001000	-21.95162372
199.001000	3.36191564
201.001000	84.50605046
203.001000	-44.34727903
205.001000	-57.97423559
207.001000	-8.82327668
209.001000	-34.58054279
211.001000	-7.76123071
213.001000	-90.18459774
215.001000	6.64727831
217.001000	12.73500640
219.001000	-102.36935108
221.001000	34.21413965
223.001000	-4.24459535
225.001000	-33.53805137
227.001000	107.11691643
229.001000	-93.97884441
231.001000	-41.16017982
233.001000	68.34239256
235.001000	1.29138536
237.001000	36.89176912
239.001000	28.53098814
241.001000	68.89712344
243.001000	-84.48678547
245.001000	-42.12980813
247.001000	80.21869493
249.001000	81.61124586
251.001000	25.03672439
253.001000	11.18769070
255.001000	31.14344835
257.001000	-23.15469959
259.001000	78.86111078
261.001000	-15.61317831
263.001000	29.61229350
265.001000	-86.47226449
267.001000	-2.58051785
269.001000	56.24024326
271.001000	31.36127596
273.001000	-62.57517837
275.001000	51.30129782
277.001000	13.87575626
279.001000	16.83814605
281.001000	38.83338523
283.001000	6.80751509
285.001000	49.43058193
287.001000	-33.46518527
289.001000	-23.13480413
291.001000	74.10361195
293.001000	80.60332228
295.001000	23.47843094
297.001000	62.94295171
299.001000	45.61630234
301.001000	51.25378325
303.001000	-46.00476058
305.001000	-9.11109506
307.001000	-64.23524809
309.001000	-26.57093072
311.001000	12.47323099
313.001000	-26.88046667
315.001000	-47.51790300
317.001000	-34.44222671
319.001000	-51.58556474
321.001000	-144.45637105
323.001000	80.03251366
325.001000	45.78579548
327.001000	6.39412676
329.001000	-16.90315834
331.001000	-8.86624361
333.001000	-9.41006720
335.001000	-65.55904874
337.001000	0.96266460
339.001000	-49.67605204
341.001000	-12.03493805
343.001000	-0.63992645
345.001000	-36.26451586
347.001000	41.57668501
349.001000	57.55826286
351.001000	-83.73333664
353.001000	-59.55900772
355.001000	-20.53903928
357.001000	-17.12685925
359.001000	8.54222490
361.001000	-36.39033544
363.001000	83.44473191
365.001000	-14.31986203
367.001000	2.18295934
369.001000	-14.91601287
371.001000	76.23603625
373.001000	44.79990388
375.001000	44.16495377
377.001000	-1.38915423
379.001000	55.17252352
381.001000	-0.23440393
383.001000	28.95361760
385.001000	-73.18722122
387.001000	-37.43876580
389.001000	-107.59310244
391.001000	-15.56133477
393.001000	16.62302619
395.001000	52.43650989
397.001000	-89.93316863
399.001000	-34.73461220
401.001000	37.76294715
403.001000	-55.90463730
405.001000	7.35176749
407.001000	15.71647091
409.001000	49.66424528
411.001000	52.80615487
413.001000	-1.90575575
415.001000	-57.39306351
417.001000	45.29810695
419.001000	7.30654079
421.001000	12.25521261
423.001000	5.50554589
425.001000	56.50114855
427.001000	-63.36903391
429.001000	78.95250469
431.001000	4.06223143
433.001000	-45.82409739
435.001000	-58.98079766
437.001000	-64.25007912
439.001000	11.78058083
441.001000	-23.54599519
443.001000	31.57318158
445.001000	20.31073091
447.001000	-17.09937754
449.001000	111.06671721
451.001000	89.33155916
453.001000	89.76110335
455.001000	-7.42073696
457.001000	-51.30524965
459.001000	-1.86900946
461.001000	-71.04935780
463.001000	12.82315288
465.001000	-39.06101555
467.001000	12.06826095
469.001000	35.07144993
471.001000	-44.69282405
473.001000	-30.02870833
475.001000	55.89690963
477.001000	-36.66101712
479.001000	-74.86176144
481.001000	7.70157992
483.001000	22.01640531
485.001000	-33.79940021
487.001000	-14.46305361
489.001000	-37.39829218
491.001000	-14.01869742
493.001000	23.63493182
495.001000	15.30113927
497.001000	8.84464469
499.001000	-61.20055551
501.001000	-19.01482924
503.001000	-58.08071604
505.001000	4.12845231
507.001000	-37.42694634
509.001000	-3.40246430
511.001000	-27.85120596
513.001000	-10.25234530
515.001000	-0.88538239
517.001000	-24.68445904
519.001000	-24.42612796
521.001000	-78.85538721
523.001000	71.45338194
525.001000	-17.50184335
527.001000	-1.17875087
529.001000	-2.59832286
531.001000	26.46520806
533.001000	-96.20169378
535.001000	-72.51374307
537.001000	-7.13473012
539.001000	33.91125133
541.001000	-61.34218534
543.001000	28.37039777
545.001000	3.47822144
547.001000	-77.91277258
549.001000	-43.32275709
551.001000	4.45826041
553.001000	-9.64072013
555.001000	-27.18911775
557.001000	-32.30669105
559.001000	-73.68569341
561.001000	37.53770751
563.001000	4.38457270
565.001000	14.78314458
567.001000	65.97896353
569.001000	60.58019145
571.001000	78.87053056
573.001000	1.08359243
575.001000	-1.16252944
577.001000	-54.24869191
579.001000	-40.69596801
581.001000	-69.03431143
583.001000	12.83915217
585.001000	0.33410090
587.001000	22.66267317
589.001000	22.89184054
591.001000	21.85174526
593.001000	-32.67972265
595.001000	-62.77811288
597.001000	-22.46514912
599.001000	-39.47847852
601.001000	-55.66845235
603.001000	7.26974861
605.001000	53.12302641
607.001000	-34.44591304
609.001000	35.56210805
611.001000	-25.83725026
613.001000	41.58759739
615.001000	109.52125828
617.001000	-1.45132840
619.001000	40.91861433
621.001000	12.22626752
623.001000	116.91551034
625.001000	26.43953102
627.001000	-14.36146288
629.001000	18.50339893
631.001000	-8.96748694
633.001000	72.08870504
635.001000	86.37833499
637.001000	-52.14082201
639.001000	72.67693760
641.001000	11.72377570
643.001000	5.00651007
645.001000	-23.27132956
647.001000	42.39172345
649.001000	-54.33606624
651.001000	46.31138141
653.001000	8.80302176
655.001000	74.40434205
657.001000	6.26201140
659.001000	20.58105611
661.001000	-31.95120809
663.001000	-52.20055984
665.001000	80.09744379
667.001000	102.61973424
669.001000	-2.98035586
671.001000	-50.87903085
673.001000	-77.77917685
675.001000	91.02620373
677.001000	15.58701442
679.001000	-110.47871701
681.001000	75.04609088
683.001000	-10.89735400
685.001000	34.12746768
687.001000	14.28765863
689.001000	51.66719909
691.001000	-2.28340723
693.001000	-23.07254252
695.001000	-56.77254832
697.001000	15.58809323
699.001000	-15.34000375
701.001000	29.47379280
703.001000	-129.78940674
705.001000	-13.13694404
707.001000	-9.42145416
709.001000	-39.52675124
711.001000	52.81430603
713.001000	-63.06688599
715.001000	-17.50459057
717.001000	23.14978865
719.001000	31.68076390
721.001000	43.54660924
723.001000	4.36426886
725.001000	-7.20568599
727.001000	-37.39948254
729.001000	49.26020310
731.001000	-33.62596904
733.001000	33.40646928
735.001000	-85.06136951
737.001000	-5.89227595
739.001000	-13.86596218
741.001000	36.97918645
743.001000	44.56620752
745.001000	-38.60177190
747.001000	38.69193939
749.001000	-82.36525989
751.001000	-84.78520136
753.001000	92.50237024
755.001000	-23.16834217
757.001000	19.23707772
759.001000	-31.01176860
761.001000	-29.79831826
763.001000	10.61513574
765.001000	27.93885382
767.001000	7.44314680
769.001000	-53.88828795
771.001000	-27.11308567
773.001000	-17.76145178
775.001000	33.12604037
777.001000	35.02351530
779.001000	-58.31134605
781.001000	-49.11110007
783.001000	-70.34832488
785.001000	8.03389216
787.001000	-125.40203183
789.001000	37.72359669
791.001000	-17.33586673
793.001000	-10.50291663
795.001000	-80.73605221
797.001000	59.79286289
799.001000	-33.82468582
801.001000	61.72105284
803.001000	-64.36668550
805.001000	107.02205334
807.001000	-17.12618725
809.001000	41.28700537
811.001000	61.99362836
813.001000	26.60937458
815.001000	-25.35257391
817.001000	-28.30224615
819.001000	-21.72761539
821.001000	-90.90028295
823.001000	11.80924569
825.001000	-44.70303194
827.001000	25.53710609
829.001000	56.13383136
831.001000	103.17184900
833.001000	-40.32367504
835.001000	-38.33415048
837.001000	-16.50836168
839.001000	-45.89821084
841.001000	38.23512944
843.001000	13.73023192
845.001000	64.58357667
847.001000	-46.62877759
849.001000	30.94580726
851.001000	-46.72175609
853.001000	22.11951584
855.001000	-39.29631969
857.001000	38.88942334
859.001000	-86.28657523
861.001000	2.05477249
863.001000	-20.02512466
865.001000	68.41047528
867.001000	18.67483791
869.001000	-72.71502718
871.001000	-81.30769972
873.001000	-60.65063910
875.001000	-76.45975370
877.001000	35.61042880
879.001000	-4.52468942
881.001000	27.62805188
883.001000	-33.27335700
885.001000	28.83098781
887.001000	22.43727955
889.001000	19.69671370
891.001000	20.40979097
893.001000	-50.30302970
895.001000	-32.47248297
897.001000	-13.07647114
899.001000	-5.91128768
901.001000	-136.22390139
903.001000	-37.79673463
905.001000	11.46673462
907.001000	38.04766836
909.001000	-2.81764268
911.001000	3.55006550
913.001000	32.10541470
915.001000	2.24244332
917.001000	12.20852177
919.001000	-71.18030720
921.001000	131.26865416
923.001000	-20.40525797
925.001000	-31.27263501
927.001000	-77.16415085
929.001000	-16.67835300
931.001000	79.13172602
933.001000	117.43741032
935.001000	48.88063113
937.001000	-124.26317189
939.001000	48.81904750
941.001000	32.82983298
943.001000	-16.32803253
945.001000	78.31100619
947.001000	-73.97177608
949.001000	3.71781100
951.001000	27.35123478
953.001000	-25.72768757
955.001000	5.11616335
957.001000	38.03867060
959.001000	-52.47536772
961.001000	-72.88407969
963.001000	37.76454626
965.001000	-65.36649723
967.001000	13.81061000
969.001000	-115.99245644
971.001000	-19.92105990
973.001000	31.99416765
975.001000	74.70903387
977.001000	13.09621452
979.001000	9.84953130
981.001000	74.57672813
983.001000	-54.51928016
985.001000	31.01681810
987.001000	-3.69704755
989.001000	51.36910539
991.001000	-54.61729118
993.001000	11.28695237
995.001000	76.17769254
997.001000	-69.76591622
999.001000	-55.81874358
1001.001000	41.22850375
1003.001000	10.57515287
1005.001000	3.15169727
1007.001000	39.77005978
1009.001000	-89.54200926
1011.001000	24.77564705
1013.001000	-46.44443528
1015.001000	-14.47888845
1017.001000	-21.96427938
1019.001000	-67.85635991
1021.001000	-51.24914247
1023.001000	-11.61457147
1025.001000	-43.12036262
1027.001000	-22.37623125
1029.001000	-41.62184781
1031.001000	68.03634723
1033.001000	-74.01711751
1035.001000	-50.31003059
1037.001000	12.44625770
1039.001000	-12.67361243
1041.001000	46.59184681
1043.001000	-46.05546969
1045.001000	-86.97544650
1047.001000	91.45267689
1049.001000	-69.16968676
1051.001000	-81.50844326
1053.001000	-11.64412275
1055.001000	20.27806677
1057.001000	7.15954147
1059.001000	36.23735214
1061.001000	-9.80861351
1063.001000	2.85839682
1065.001000	49.76971849
1067.001000	2.56425986
1069.001000	-4.28804521
1071.001000	-78.05602809
1073.001000	33.77647840
1075.001000	51.50864573
1077.001000	-3.57509437
1079.001000	45.91735821
1081.001000	31.48318368
1083.001000	67.38669464
1085.001000	25.77286238
1087.001000	-81.98266082
1089.001000	20.38549475
1091.001000	-69.61910754
1093.001000	-54.39230676
1095.001000	-35.87692927
1097.001000	64.45404138
1099.001000	-11.35309029
1101.001000	92.79484074
1103.001000	-6.10853994
1105.001000	96.77021030
1107.001000	-57.66584904
1109.001000	48.91268064
1111.001000	-51.34873979
1113.001000	-66.65177517
1115.001000	90.21788965
1117.001000	37.77509952
1119.001000	-53.27907568
1121.001000	-74.25634265
1123.001000	11.04504305
1125.001000	-1.80775796
1127.001000	5.20205408
1129.001000	76.96996697
1131.001000	101.83918776
1133.001000	-12.06221943
1135.001000	-26.63781425
1137.001000	118.23706533
1139.001000	38.41082753
1141.001000	29.25791308
1143.001000	-46.86618805
1145.001000	33.74515129
1147.001000	-37.76890338
1149.001000	10.85724012
1151.001000	-89.69314723
1153.001000	16.29227982
1155.001000	71.89154305
1157.001000	28.39482457
1159.001000	-12.26838032
1161.001000	2.27718522
1163.001000	71.95198510
1165.001000	-15.40504459
1167.001000	3.98583215
1169.001000	49.28650868
1171.001000	-2.80937560
1173.001000	-15.41165174
1175.001000	-63.23934082
1177.001000	-28.11513184
1179.001000	28.93525175
1181.001000	-24.86875125
1183.001000	-12.90020818
1185.001000	-35.72074217
1187.001000	96.23001839
1189.001000	-64.04651159
1191.001000	74.01240511
1193.001000	-27.40972217
1195.001000	94.54701109
1197.001000	-71.24181856
1199.001000	-15.70258059
1201.001000	49.13428484
1203.001000	161.37766229
1205.001000	-142.72525582
1207.001000	-23.07938034
1209.001000	43.63608909
1211.001000	65.87513898
1213.001000	-71.42076085
1215.001000	-89.91316003
1217.001000	-6.65910283
1219.001000	29.37254177
1221.001000	55.69966317
1223.001000	15.58061336
1225.001000	-35.10948689
1227.001000	78.15215473
1229.001000	144.89497099
1231.001000	37.11292560
1233.001000	38.21638769
1235.001000	32.09901478
1237.001000	-39.60362709
1239.001000	-16.86908260
1241.001000	-71.09371466
1243.001000	98.33891913
1245.001000	-12.17847972
1247.001000	-11.00201933
1249.001000	-95.54348911
1251.001000	48.64499823
1253.001000	117.22383434
1255.001000	59.69302505
1257.001000	-92.85377207
1259.001000	41.17702440
1261.001000	19.35374249
1263.001000	30.88724447
1265.001000	87.61876273
1267.001000	-30.55507448
1269.001000	55.03505518
1271.001000	-20.63834666
1273.001000	43.12318606
1275.001000	-72.13886619
1277.001000	-95.91001951
1279.001000	40.80251128
1281.001000	-72.91760939
1283.001000	-37.65406645
1285.001000	102.08524711
1287.001000	-2.12175976
1289.001000	13.98101770
1291.001000	-57.20401189
1293.001000	13.35939008
1295.001000	-86.95425238
1297.001000	-4.97414510
1299.001000	-31.77438597
1301.001000	-19.99924715
1303.001000	-27.50435800
1305.001000	0.46317645
1307.001000	6.37128390
1309.001000	-25.90578739
1311.001000	-65.59287666
1313.001000	-15.82385382
1315.001000	-0.46375910
1317.001000	-20.24832872
1319.001000	80.11862363
1321.001000	-11.74982520
1323.001000	14.27594949
1325.001000	-12.51072188
1327.001000	-8.16105051
1329.001000	-59.07048577
1331.001000	-47.59217826
1333.001000	-87.60264641
1335.001000	-31.76315661
1337.001000	-3.21327313
1339.001000	33.48528353
1341.001000	11.40624831
1343.001000	11.05288747
1345.001000	-47.14357744
1347.001000	-72.78362555
1349.001000	-12.82263494
1351.001000	-44.77339008
1353.001000	-53.16218515
1355.001000	-0.94118389
1357.001000	55.31522478
1359.001000	-39.32979321
1361.001000	-13.68113990
1363.001000	-88.49825575
1365.001000	22.38200630
1367.001000	24.05024878
1369.001000	29.97166533
1371.001000	-37.35424226
1373.001000	6.03607904
1375.001000	-124.28013165
1377.001000	52.78041266
1379.001000	-103.66915529
1381.001000	-100.25241710
1383.001000	-51.39349080
1385.001000	-54.54148962
1387.001000	-17.55892271
1389.001000	-58.20336574
1391.001000	23.98676479
1393.001000	-50.73670637
1395.001000	58.03769755
1397.001000	-25.29465569
1399.001000	30.11562073
1401.001000	-54.63823892
1403.001000	-58.01969500
1405.001000	-110.33747221
1407.001000	-24.37760539
1409.001000	-24.74017736
1411.001000	11.40290444
1413.001000	-17.60469141
1415.001000	28.57308134
1417.001000	48.46140395
1419.001000	67.87910459
1421.001000	29.90970332
1423.001000	-10.17044787
1425.001000	9.63293080
1427.001000	-50.06244059
1429.001000	13.33305086
1431.001000	-31.05600394
1433.001000	52.52404875
1435.001000	35.83607737
1437.001000	50.13061336
1439.001000	69.87019980
1441.001000	32.32301672
1443.001000	-3.79916465
1445.001000	-3.46743034
1447.001000	-6.31812769
1449.001000	40.87997862
1451.001000	-1.91821081
1453.001000	65.81784691
1455.001000	-9.88171741
1457.001000	-37.94458711
1459.001000	17.05323779
1461.001000	55.66359240
1463.001000	-11.21263192
1465.001000	-40.85519158
1467.001000	-80.96056306
1469.001000	-15.83583476
1471.001000	31.47286610
1473.001000	-12.88268177
1475.001000	22.48413268
1477.001000	17.43519173
1479.001000	44.87128495
1481.001000	29.11362620
1483.001000	-3.82640229
1485.001000	9.01800291
1487.001000	41.94975831
1489.001000	-17.86495283
1491.001000	-48.18328278
1493.001000	-17.20313114
1495.001000	-53.35840754
1497.001000	12.35870900
1499.001000	75.84480679
1501.001000	13.95097195
1503.001000	55.09960755
1505.001000	-18.20948796
1507.001000	44.26055495
1509.001000	35.97309230
1511.001000	20.14398315
1513.001000	-0.08200174
1515.001000	-7.66783522
1517.001000	-96.34640141
1519.001000	-16.33048445
1521.001000	35.50368846
1523.001000	0.08363917
1525.001000	-36.92975500
1527.001000	-1.89028074
1529.001000	9.24027433
1531.001000	23.55774924
1533.001000	72.22370459
1535.001000	6.80556419
1537.001000	-3.83426592
1539.001000	-3.40179773
1541.001000	94.97185386
1543.001000	13.94178184
1545.001000	-54.42293903
1547.001000	-24.60106592
1549.001000	40.73168044
1551.001000	-30.90775018
1553.001000	-95.71102852
1555.001000	-8.59075026
1557.001000	26.04035830
1559.001000	-46.23428590
1561.001000	-60.27735214
1563.001000	-40.15729137
1565.001000	-35.62394882
1567.001000	-1.48168689
1569.001000	-52.24638727
1571.001000	-8.06460595
1573.001000	-39.10089217
1575.001000	14.04111707
1577.001000	46.19242838
1579.001000	-41.21822359
1581.001000	-97.53284168
1583.001000	88.35759598
1585.001000	46.99228383
1587.001000	-12.55031992
1589.001000	8.33114965
1591.001000	-39.64769120
1593.001000	-19.40570408
1595.001000	3.23973424
1597.001000	100.28414907
1599.001000	4.11235948
1601.001000	-27.78796496
1603.001000	-36.23967729
1605.001000	0.41977534
1607.001000	-92.60585768
1609.001000	-11.47000881
1611.001000	76.45493500
1613.001000	20.91727112
1615.001000	-24.34249604
1617.001000	5.03065793
1619.001000	-28.86242955
1621.001000	5.05219329
1623.001000	83.17925287
1625.001000	-48.44470520
1627.001000	61.41185265
1629.001000	-10.81884626
1631.001000	-16.12283766
1633.001000	-14.35885562
1635.001000	29.45603039
1637.001000	-39.43604896
1639.001000	-2.11088877
1641.001000	3.55931720
1643.001000	-13.48434179
1645.001000	7.79032839
1647.001000	32.74567663
1649.001000	34.99125644
1651.001000	67.48503665
1653.001000	157.32918602
1655.001000	-41.45447070
1657.001000	-36.25908862
1659.001000	60.11824030
1661.001000	-26.77534804
1663.001000	54.41807201
1665.001000	-46.22718095
1667.001000	-8.02349204
1669.001000	58.27413732
1671.001000	81.66100444
1673.001000	-59.32599162
1675.001000	-10.48299961
1677.001000	87.94597073
1679.001000	-5.44272518
1681.001000	-11.55440288
1683.001000	74.57555557
1685.001000	-5.81610441
1687.001000	-23.13992758
1689.001000	44.53745038
1691.001000	51.27877213
1693.001000	26.30862874
1695.001000	-43.39797894
1697.001000	-92.64917998
1699.001000	3.97270655
1701.001000	28.89919814
1703.001000	50.39606003
1705.001000	13.67907370
1707.001000	-62.27677856
1709.001000	116.47325225
1711.001000	58.73788099
1713.001000	-16.81022815
1715.001000	22.33692157
1717.001000	20.17872320
1719.001000	-29.30618715
1721.001000	-49.83578148
1723.001000	33.53698633
1725.001000	-2.07795778
1727.001000	-52.91585655
1729.001000	41.13916112
1731.001000	-13.79115481
1733.001000	6.87373481
1735.001000	-55.56017032
1737.001000	-1.60613643
1739.001000	-14.95117344
1741.001000	92.10817310
1743.001000	12.59463695
1745.001000	-21.65345835
1747.001000	-8.82726998
1749.001000	12.93874504
1751.001000	38.57056060
1753.001000	-6.84100696
1755.001000	76.50300394
1757.001000	42.90186106
1759.001000	-27.59763787
1761.001000	-0.62451350
1763.001000	-4.21481491
1765.001000	-68.50282402
1767.001000	-80.17525933
1769.001000	21.64687655
1771.001000	-16.80965626
1773.001000	-64.93322066
1775.001000	-44.56224054
1777.001000	-8.72014102
1779.001000	38.36110450
1781.001000	26.77889321
1783.001000	-23.96973162
1785.001000	-1.60688617
1787.001000	12.31684989
1789.001000	46.53947155
1791.001000	-6.09833935
1793.001000	71.47955527
1795.001000	76.03187040
1797.001000	-37.69506107
1799.001000	22.71228096
1801.001000	-7.07142953
1803.001000	33.45000894
1805.001000	-11.00742273
1807.001000	-49.76063800
1809.001000	27.13092567
1811.001000	-96.37428479
1813.001000	-41.12466822
1815.001000	32.42582278
1817.001000	34.53040421
1819.001000	-5.34181171
1821.001000	-38.31717860
1823.001000	5.47043805
1825.001000	24.28553809
1827.001000	2.26023385
1829.001000	-75.57254319
1831.001000	96.87398584
1833.001000	50.30880608
1835.001000	-31.39514730
1837.001000	41.75292066
1839.001000	2.18812086
1841.001000	-6.96284789
1843.001000	22.30702970
1845.001000	-100.03649399
1847.001000	43.21152996
1849.001000	-9.36789559
1850.001000	12.06705884
1851.001000	-39.81976033
1852.001000	5.30590251
1853.001000	-81.52727505
1854.001000	42.79231450
1855.001000	-30.98167838
1856.001000	71.66088929
1857.001000	-41.33451324
1858.001000	-72.20190307
1859.001000	-3.83702607
1860.001000	-71.25485401
1861.001000	2.01419657
1862.001000	-30.00433241
1863.001000	-63.06122820
1864.001000	12.73867125
1865.001000	-44.86221037
1866.001000	50.94507816
1867.001000	23.02703134
1868.001000	-65.78748143
1869.001000	-23.92576137
1870.001000	-21.02828132
1871.001000	-42.32223877
1872.001000	-67.40553252
1873.001000	36.05186814
1874.001000	75.45462697
1875.001000	55.24406094
1876.001000	-37.77135661
1877.001000	-56.95267608
1878.001000	62.98689855
1879.001000	-17.42343786
1880.001000	-23.99971291
1881.001000	-17.75931967
1882.001000	-32.25680068
1883.001000	-21.93829795
1884.001000	19.09998175
1885.001000	88.00932013
1886.001000	32.03761078
1887.001000	-34.32968802
1888.001000	-0.54057626
1889.001000	-46.25165594
1890.001000	49.59834180
1891.001000	11.60313887
1892.001000	0.17171268
1893.001000	1.42930946
1894.001000	-9.77850831
1895.001000	4.16918855
1896.001000	20.42852878
1897.001000	-31.14655192
1898.001000	-65.23581458
1899.001000	1.67634748
1900.001000	23.97107603
1901.001000	-32.44059667
1902.001000	1.54342454
1903.001000	-56.05580653
1904.001000	-54.63747594
1905.001000	23.74622451
1906.001000	-9.52795990
1907.001000	-1.28891200
1908.001000	0.05262384
1909.001000	14.42919118
1910.001000	-3.73127772
1911.001000	92.82261640
1912.001000	17.27366816
1913.001000	-46.50943506
1914.001000	-66.62157113
1915.001000	8.23908280
1916.001000	-116.31754188
1917.001000	-47.90396431
1918.001000	1.00342377
1919.001000	58.79570920
1920.001000	38.77568374
1921.001000	-24.31343087
1922.001000	31.89601438
1923.001000	-5.61428566
1924.001000	32.76629252
1925.001000	23.69060299
1926.001000	34.73425504
1927.001000	38.73354959
1928.001000	50.70481161
1929.001000	32.15441437
1930.001000	-67.33872789
1931.001000	-5.48558259
1932.001000	-36.76584316
1933.001000	27.49713657
1934.001000	-13.34731487
1935.001000	-2.87164582
1936.001000	-26.50373433
1937.001000	-29.79712907
1938.001000	-140.30184937
1939.001000	5.91090884
1940.001000	-64.20587508
1941.001000	29.95963840
1942.001000	-23.43285104
1943.001000	-21.70669227
1944.001000	-15.95494528
1945.001000	-73.36697517
1946.001000	35.69751302
1947.001000	-61.88923986
1948.001000	-19.27769694
1949.001000	62.38927257
1950.001000	6.88417438
1951.001000	46.25725714
1952.001000	-0.72147450
1953.001000	-24.17269607
1954.001000	-6.85846542
1955.001000	-146.69096436
1956.001000	72.96689167
1957.001000	-92.79958335
1958.001000	7.18672087
1959.001000	6.00615063
1960.001000	-24.65268476
1961.001000	-16.90998422
1962.001000	-0.37368094
1963.001000	-82.14937171
1964.001000	-84.55817684
1965.001000	0.02050894
1966.001000	12.87934287
1967.001000	42.54653230
1968.001000	-15.57161854
1969.001000	40.65555919
1970.001000	-29.59123416
1971.001000	-24.38121293
1972.001000	-31.30783164
1973.001000	6.95715773
1974.001000	-15.96669837
1975.001000	8.41877804
1976.001000	73.87996818
1977.001000	24.55909248
1978.001000	-106.98677984
1979.001000	-2.68305145
1980.001000	46.65106418
1981.001000	-0.26594920
1982.001000	30.33854636
1983.001000	19.20694874
1984.001000	20.35677006
1985.001000	50.50172388
1986.001000	-77.16857173
1987.001000	29.74119422
1988.001000	-64.19855579
1989.001000	72.72120579
1990.001000	105.77889774
1991.001000	29.13590469
1992.001000	38.64354284
1993.001000	-15.70626069
1994.001000	-63.07059272
1995.001000	27.90950303
1996.001000	-8.31481730
1997.001000	-16.61429661
1998.001000	8.05682977
1999.001000	-58.58204347
2000.001000	16.75073584
2001.001000	-20.91763539
2002.001000	100.02823235
2003.001000	-50.23414558
2004.001000	52.69334459
2005.001000	36.59069820
2006.001000	-1.75749425
2007.001000	48.06696656
2008.001000	-3.78294604
2009.001000	-34.38875697
2010.001000	14.42601160
2011.001000	-40.53390938
2012.001000	-39.95183202
2013.001000	35.36794884
2014.001000	21.11093217
2015.001000	51.06757956
2016.001000	12.10320717
2017.001000	9.72563825
2018.001000	24.05627970
2019.001000	-8.71509207
2020.001000	1.49653664
2021.001000	8.69377290
2022.001000	-36.55080697
2023.001000	-64.10981246
2024.001000	-4.37755130
2025.001000	8.19365010
2026.001000	16.46686118
2027.001000	0.53960807
2028.001000	40.97495929
2029.001000	-20.32568340
2030.001000	18.29620740
2031.001000	-5.04112939
2032.001000	71.57206948
2033.001000	66.16677968
2034.001000	-1.70033526
2035.001000	-58.02592969
2036.001000	54.90292568
2037.001000	36.90922485
2038.001000	56.58833767
2039.001000	81.07544668
2040.001000	63.95569969
2041.001000	73.81862359
2042.001000	-74.65684340
2043.001000	31.08309578
2044.001000	18.28089590
2045.001000	38.05824915
2046.001000	31.06274991
2048.000000	46.81101674
2049.000000	-3.70729772
2050.000000	-0.14630814
2051.000000	101.93281762
2052.000000	55.59810550
2053.000000	1.96004713
2054.000000	-52.36900830
2055.000000	61.03348569
2056.000000	-17.88288275
2057.000000	11.44795136
2058.000000	-13.30897345
2059.000000	-12.73792737
2060.000000	-118.34415512
2061.000000	38.60176606
2062.000000	31.73306031
2063.000000	75.78154581
2064.000000	-0.87741357
2065.000000	22.35599213
2066.000000	-116.52302504
2067.000000	72.23276775
2068.000000	109.12407811
2069.000000	124.82283556
2070.000000	-65.73978922
2071.000000	97.18491482
2072.000000	36.49744751
2073.000000	13.07647991
2074.000000	-57.65506727
2075.000000	-50.64910133
2076.000000	98.59079447
2077.000000	57.62400824
2078.000000	-87.12060103
2079.000000	1.26404376
2080.000000	-41.75212855
2081.000000	-65.66660948
2082.000000	-71.15645574
2083.000000	4.91414545
2084.000000	1.21330753
2085.000000	-12.64644275
2086.000000	66.76148633
2087.000000	64.18939022
2088.000000	2.37157812
2089.000000	137.21131611
2090.000000	19.45906459
2091.000000	-16.06938502
2092.000000	111.04298410
2093.000000	-13.48158336
2094.000000	12.69096106
2095.000000	47.87481814
2096.000000	-102.62699804
2097.000000	42.04629512
2098.000000	-57.90373552
2099.000000	-32.98965261
2100.000000	44.59768443
2101.000000	8.56528045
2102.000000	-81.99934296
2103.000000	-11.81889888
2104.000000	-21.27852835
2105.000000	-81.16464335
2106.000000	43.73245206
2107.000000	69.39867541
2108.000000	1.96446354
2109.000000	-6.95558515
2110.000000	-41.83690113
2111.000000	46.31881592
2112.000000	-27.89494235
2113.000000	-2.62530337
2114.000000	45.06217556
2115.000000	104.06087968
2116.000000	12.81122277
2117.000000	13.47397147
2118.000000	53.12418571
2119.000000	42.43813314
2120.000000	79.92056472
2121.000000	99.36927886
2122.000000	-35.49917177
2123.000000	48.96822006
2124.000000	-49.81974234
2125.000000	33.57676267
2126.000000	49.67274247
2127.000000	-12.50827756
2128.000000	-13.32054233
2129.000000	-47.53874653
2130.000000	-51.20009894
2131.000000	-92.35650277
2132.000000	-111.32213012
2133.000000	-31.90852812
2134.000000	-12.89970617
2135.000000	77.29572907
2136.000000	-11.22395981
2137.000000	5.13550539
2138.000000	-4.07818969
2139.000000	-10.20474998
2140.000000	13.54651187
2141.000000	-36.78719841
2142.000000	-41.03763638
2143.000000	-22.41908202
2144.000000	-68.73507413
2145.000000	-20.78688086
2146.000000	-20.51000990
2147.000000	-21.86917439
2148.000000	124.83180118
2149.000000	-29.35860339
2150.000000	15.36871284
2151.000000	89.53371827
2152.000000	37.58464469
2153.000000	56.12340212
2154.000000	64.24926466
2155.000000	-72.58134522
2156.000000	14.06996787
2157.000000	-33.68463233
2158.000000	-70.35727918
2159.000000	84.56259344
2160.000000	33.17607768
2161.000000	-77.40148335
2162.000000	-72.55053776
2163.000000	-34.83763013
2164.000000	63.68560977
2165.000000	-29.65733760
2166.000000	-57.79557399
2167.000000	-14.70501374
2168.000000	-2.59288678
2169.000000	-14.91874419
2170.000000	38.55861097
2171.000000	-3.18881655
2172.000000	-19.98112938
2173.000000	45.35671450
2174.000000	62.10654571
2175.000000	45.17807540
2176.000000	-28.93131379
2177.000000	-85.01302051
2178.000000	23.19675242
2179.000000	-42.14606308
2180.000000	26.95881852
2181.000000	4.34359476
2182.000000	1.89403264
2183.000000	17.79042520
2184.000000	-95.96191242
2185.000000	-60.54461830
2186.000000	-34.48534920
2187.000000	-30.58545044
2188.000000	10.00819362
2189.000000	11.82813076
2190.000000	-49.81609466
2191.000000	42.16146333
2192.000000	-53.33922039
2193.000000	-28.13775967
2194.000000	51.57441178
2195.000000	20.00587195
2196.000000	56.38681366
2197.000000	54.07374542
2198.000000	88.01962118
2199.000000	43.77923031
2200.000000	-23.12642667
2201.000000	-21.90937984
2202.000000	-14.81912826
2203.000000	2.07124182
2204.000000	-56.91724508
2205.000000	26.22433190
2206.000000	-56.65395176
2207.000000	143.93167642
2208.000000	50.12735476
2209.000000	19.87396080
2210.000000	-11.39960133
2211.000000	17.61147173
2212.000000	82.41466596
2213.000000	-24.99986675
2214.000000	6.67027116
2215.000000	-30.61016844
2216.000000	29.42847154
2217.000000	-25.33068070
2218.000000	-0.55990737
2219.000000	-21.90532183
2220.000000	-78.01424765
2221.000000	24.24343825
2222.000000	-67.08525087
2223.000000	-42.78127852
2224.000000	5.98996852
2225.000000	11.61209164
2226.000000	-13.53680859
2227.000000	63.92606836
2228.000000	9.68784770
2229.000000	18.22885804
2230.000000	35.27733662
2231.000000	-6.35149390
2232.000000	78.24011993
2233.000000	4.19193970
2234.000000	-41.97540263
2235.000000	93.00769876
2236.000000	65.14653526
2237.000000	-14.26610870
2238.000000	121.56236688
2239.000000	-2.22796029
2240.000000	-88.19362184
2241.000000	-56.70669869
2242.000000	63.55662490
2243.000000	-68.16802063
2244.000000	-34.34130305
2245.000000	-39.25526586
2246.000000	-9.83088271
2247.000000	3.35857470
2248.000000	-43.88375065
2249.000000	26.08790064
2250.000000	-55.05375776
2251.000000	67.91313535
2252.000000	15.09619797
2253.000000	70.41401289
2254.000000	20.56659384
2255.000000	-17.47982314
2256.000000	31.18632040
2257.000000	-12.97511835
2258.000000	57.85856120
2259.000000	41.69095371
2260.000000	97.59458927
2261.000000	-41.35511736
2262.000000	-39.93682977
2263.000000	13.20995793
2264.000000	-13.76145805
2265.000000	1.65328020
2266.000000	3.63987059
2267.000000	69.49025228
2268.000000	-10.32641921
2269.000000	59.71556539
2270.000000	31.19978790
2271.000000	-41.59876064
2272.000000	5.87816847
2273.000000	65.60365929
2274.000000	33.57161933
2275.000000	4.13200005
2276.000000	-62.15570416
2277.000000	46.67988333
2278.000000	-46.68210081
2279.000000	-61.82758076
2280.000000	47.69718946
2281.000000	-14.83471710
2282.000000	-30.26945607
2283.000000	27.24981132
2284.000000	4.60820040
2285.000000	19.78486133
2286.000000	-25.03208411
2287.000000	6.57682418
2288.000000	1.77266043
2289.000000	-17.43355219
2290.000000	41.32589025
2291.000000	-20.77619632
2292.000000	-74.45940842
2293.000000	65.22400424
2294.000000	-60.99575018
2295.000000	-20.44144825
2296.000000	53.15517631
2297.000000	65.92047547
2298.000000	51.86086178
2299.000000	-11.83815596
2300.000000	-48.72145735
