# F(k,t) correlation function
# Reference time: 200.001 ps
# lag_time_ps	F(k,t)
0.000000	520.51702671
1.000000	46.35417533
3.000000	-96.18976468
5.000000	40.05034128
7.000000	30.07580210
9.000000	-34.93461787
11.000000	-92.90480487
13.000000	-22.42855575
15.000000	13.66379188
17.000000	-3.96795832
19.000000	-53.60679173
21.000000	-67.51341573
23.000000	175.71914424
25.000000	17.53494221
27.000000	18.16544169
29.000000	-54.13299068
31.000000	-29.14383849
33.000000	-0.77836710
35.000000	-37.64150342
37.000000	32.25461338
39.000000	61.83086086
41.000000	-74.52061303
43.000000	-15.84742397
45.000000	-7.36822458
47.000000	15.99413616
49.000000	49.42948412
51.000000	108.19025856
53.000000	-63.34495456
55.000000	17.15036993
57.000000	46.77324639
59.000000	-41.99138695
61.000000	65.57743770
63.000000	-35.51081163
65.000000	-5.46195596
67.000000	12.20531247
69.000000	14.17215721
71.000000	140.05686837
73.000000	4.42103675
75.000000	31.61498932
77.000000	-24.55157570
79.000000	-67.66040616
81.000000	28.32208593
83.000000	26.33905442
85.000000	70.97061937
87.000000	-56.89768492
89.000000	-43.46284284
91.000000	38.79382835
93.000000	26.04454348
95.000000	-38.70067126
97.000000	-30.81962996
99.000000	128.97162322
101.000000	169.50524834
103.000000	19.04006744
105.000000	132.03706824
107.000000	-19.71608811
109.000000	4.24483242
111.000000	116.39185071
113.000000	-117.21195799
115.000000	-22.70260890
117.000000	30.77847757
119.000000	97.38004709
121.000000	-58.69822201
123.000000	-17.59413901
125.000000	-22.48499418
127.000000	-8.92387028
129.000000	-32.30037962
131.000000	14.11088086
133.000000	42.90100102
135.000000	-68.83810644
137.000000	9.39532180
139.000000	41.34562381
141.000000	-1.26213719
143.000000	-53.37931271
145.000000	8.49547109
147.000000	65.42308007
149.000000	-17.24343605
151.000000	0.83279382
153.000000	18.75177093
155.000000	-23.78129524
157.000000	48.96119780
159.000000	1.74352101
161.000000	-2.15216978
163.000000	43.41379941
165.000000	54.39157793
167.000000	-24.55020696
169.000000	-4.27546307
171.000000	78.24090550
173.000000	-55.42840951
175.000000	-11.58717265
177.000000	-31.84184435
179.000000	18.32890712
181.000000	-51.65628428
183.000000	26.62082161
185.000000	6.76338315
187.000000	-8.33952696
189.000000	6.11217981
191.000000	-40.50903852
193.000000	-70.20506226
195.000000	-73.70059025
197.000000	44.65644209
199.000000	99.95199847
201.000000	-52.64193786
203.000000	-36.41307431
205.000000	28.39005802
207.000000	3.85267554
209.000000	-6.12691069
211.000000	-18.82525636
213.000000	29.46987782
215.000000	-33.89476917
217.000000	-39.78293251
219.000000	41.42687289
221.000000	137.66422284
223.000000	-82.84272187
225.000000	-8.24355934
227.000000	-88.62313139
229.000000	-66.01113547
231.000000	76.44360072
233.000000	-42.45989572
235.000000	44.27703579
237.000000	5.61776587
239.000000	91.03753116
241.000000	-8.94157676
243.000000	35.12432161
245.000000	-17.03250588
247.000000	12.24513792
249.000000	-30.46787170
251.000000	-54.05726807
253.000000	-47.19516494
255.000000	-67.28274829
257.000000	4.15974164
259.000000	-26.65056828
261.000000	-58.99235050
263.000000	0.29599375
265.000000	-17.76127865
267.000000	73.27915525
269.000000	-61.72868690
271.000000	35.62259542
273.000000	45.72581623
275.000000	-7.44332328
277.000000	75.83157581
279.000000	82.31769067
281.000000	-53.37065948
283.000000	-38.10144760
285.000000	51.00271510
287.000000	76.98541564
289.000000	-84.39292105
291.000000	21.55308284
293.000000	-43.21017428
295.000000	2.87684664
297.000000	46.47573562
299.000000	20.80360456
301.000000	-18.44369487
303.000000	36.73560325
305.000000	-21.23247526
307.000000	31.87188700
309.000000	39.89291461
311.000000	69.88241163
313.000000	6.42233865
315.000000	-0.76815037
317.000000	50.66280360
319.000000	40.03010319
321.000000	-34.19250344
323.000000	43.61925714
325.000000	19.13508505
327.000000	-89.21914863
329.000000	98.91631455
331.000000	27.90429835
333.000000	-48.31775759
335.000000	28.57251588
337.000000	-6.27085107
339.000000	-69.77032923
341.000000	-33.40037988
343.000000	-57.65864897
345.000000	22.13904238
347.000000	24.51612973
349.000000	-10.01657121
351.000000	-1.24830040
353.000000	-9.59397522
355.000000	-8.97579765
357.000000	60.42243394
359.000000	80.62002274
361.000000	-15.12341542
363.000000	-60.22759887
365.000000	49.05951579
367.000000	-42.15781957
369.000000	60.12316261
371.000000	67.77618180
373.000000	-61.88590842
375.000000	-7.26101454
377.000000	57.70302343
379.000000	88.47828494
381.000000	-27.51514692
383.000000	-25.59714028
385.000000	28.66045826
387.000000	-25.92333655
389.000000	-92.57668917
391.000000	88.78291149
393.000000	1.35905644
395.000000	-43.35835350
397.000000	-36.37286143
399.000000	-7.09035548
401.000000	-85.33498261
403.000000	-53.22068390
405.000000	46.05575027
407.000000	-57.34319226
409.000000	-53.02775842
411.000000	-43.30124860
413.000000	-30.63103919
415.000000	-48.02333905
417.000000	-24.35453170
419.000000	-0.88219289
421.000000	71.69830102
423.000000	-51.02775690
425.000000	-45.97056686
427.000000	-73.92550478
429.000000	45.26331617
431.000000	-86.88508512
433.000000	47.12887857
435.000000	46.64667945
437.000000	-54.40240962
439.000000	-2.79686280
441.000000	-4.06599167
443.000000	-26.82632155
445.000000	48.40771068
447.000000	2.82334340
449.000000	-94.94702885
451.000000	-98.35611293
453.000000	-84.26050739
455.000000	-21.60321688
457.000000	4.03702622
459.000000	97.09818007
461.000000	9.06323512
463.000000	11.16923301
465.000000	18.85486615
467.000000	40.92507048
469.000000	8.87953269
471.000000	-46.59969925
473.000000	24.85654050
475.000000	64.76924953
477.000000	-53.28595869
479.000000	22.41384310
481.000000	-66.70660812
483.000000	-24.03017570
485.000000	-67.63400044
487.000000	-58.33171005
489.000000	15.35246699
491.000000	-60.38418430
493.000000	3.90033091
495.000000	-25.79393661
497.000000	-75.44860640
499.000000	0.56455606
501.000000	-0.13002681
503.000000	-16.95375521
505.000000	-47.22355820
507.000000	-39.52182290
509.000000	38.94039676
511.000000	-62.45927655
513.000000	-19.08953407
515.000000	-8.95210312
517.000000	-60.19403202
519.000000	-4.66771461
521.000000	30.79375150
523.000000	35.01904227
525.000000	-24.24665844
527.000000	-32.37240269
529.000000	4.18248019
531.000000	30.83738952
533.000000	41.74329121
535.000000	40.05461782
537.000000	10.07247514
539.000000	-70.09403865
541.000000	18.37710348
543.000000	-27.01705450
545.000000	-45.80236034
547.000000	-92.92606318
549.000000	-13.38407721
551.000000	-104.53528207
553.000000	20.31314770
555.000000	-68.10893701
557.000000	6.25263605
559.000000	-25.88240847
561.000000	16.04029801
563.000000	33.16801064
565.000000	-78.03345255
567.000000	-19.42426976
569.000000	-45.76950028
571.000000	7.79128680
573.000000	14.40471506
575.000000	-5.54286711
577.000000	13.35060028
579.000000	-51.51707150
581.000000	-70.94042002
583.000000	-67.31853974
585.000000	-61.76875851
587.000000	-16.69383969
589.000000	10.05790267
591.000000	-33.05191925
593.000000	-42.79073860
595.000000	87.12616346
597.000000	-52.76051967
599.000000	-14.70246579
601.000000	-4.04459734
603.000000	-47.31684947
605.000000	43.03958115
607.000000	-69.78521858
609.000000	-43.94484893
611.000000	3.43110487
613.000000	-7.21495131
615.000000	-40.67271073
617.000000	-124.98970828
619.000000	-70.12688496
621.000000	-78.18230107
623.000000	-20.28903607
625.000000	-29.41932695
627.000000	-13.25087632
629.000000	-61.32408337
631.000000	143.28609134
633.000000	-16.83317933
635.000000	1.45813431
637.000000	-54.32367090
639.000000	87.71003370
641.000000	-18.50608740
643.000000	-40.47788917
645.000000	49.41479976
647.000000	-58.63045249
649.000000	81.81839410
651.000000	-18.41892898
653.000000	3.53881967
655.000000	-4.35734512
657.000000	-36.59838491
659.000000	-2.70672762
661.000000	102.83930526
663.000000	-9.69623801
665.000000	35.84932643
667.000000	69.48493955
669.000000	78.06933751
671.000000	-84.74839386
673.000000	68.68203971
675.000000	-21.76343693
677.000000	126.60581237
679.000000	103.66468662
681.000000	-20.12145494
683.000000	-21.25949455
685.000000	-43.68062212
687.000000	22.42821515
689.000000	-24.30311696
691.000000	0.15651091
693.000000	53.25213012
695.000000	7.49701911
697.000000	15.17183572
699.000000	34.44300163
701.000000	-83.31675169
703.000000	52.56156923
705.000000	-35.04861954
707.000000	15.96576174
709.000000	-43.59148056
711.000000	-30.45825340
713.000000	86.47145333
715.000000	83.89730527
717.000000	59.32255210
719.000000	23.90747261
721.000000	78.93191714
723.000000	-100.37812510
725.000000	2.23324206
727.000000	-43.16213075
729.000000	-35.09607783
731.000000	-42.29436664
733.000000	17.99656736
735.000000	-67.95486193
737.000000	48.42376864
739.000000	-56.07269964
741.000000	-81.28152526
743.000000	-28.70023187
745.000000	17.98221213
747.000000	144.98016053
749.000000	-17.43285859
751.000000	-10.92480767
753.000000	-19.41153103
755.000000	-13.80697344
757.000000	6.29705451
759.000000	-27.21752729
761.000000	49.11671942
763.000000	-22.26919062
765.000000	48.43324280
767.000000	34.69884335
769.000000	-64.32564896
771.000000	-48.94696376
773.000000	-86.70148612
775.000000	33.87810574
777.000000	56.25230402
779.000000	-33.14207682
781.000000	18.56408063
783.000000	-17.89667381
785.000000	-29.59108893
787.000000	59.10054781
789.000000	-9.04310928
791.000000	-9.12447811
793.000000	102.54443954
795.000000	-17.95637046
797.000000	93.79051603
799.000000	-10.40345573
801.000000	-148.38203509
803.000000	38.28744404
805.000000	26.68142844
807.000000	67.19017637
809.000000	90.94474146
811.000000	-21.94147433
813.000000	-4.17771392
815.000000	35.39779690
817.000000	-45.73154490
819.000000	-100.10465927
821.000000	-41.89702795
823.000000	26.16319095
825.000000	36.78141701
827.000000	39.88781765
829.000000	30.04157283
831.000000	-26.26461731
833.000000	11.10425854
835.000000	90.93832456
837.000000	-31.72147829
839.000000	108.15299775
841.000000	-33.79876574
843.000000	-7.45128185
845.000000	-84.11148148
847.000000	26.24483534
849.000000	-63.52754532
851.000000	-37.14492014
853.000000	37.13201421
855.000000	-55.03236312
857.000000	12.57403175
859.000000	-4.91488928
861.000000	27.53156531
863.000000	-55.47767686
865.000000	24.26499928
867.000000	-25.22619486
869.000000	-48.04561546
871.000000	88.68977438
873.000000	-52.96633841
875.000000	74.04066212
877.000000	-58.50924650
879.000000	41.23052227
881.000000	-33.51251879
883.000000	-35.76323335
885.000000	-35.04572305
887.000000	45.60618686
889.000000	50.03294456
891.000000	44.05455926
893.000000	-5.63789560
895.000000	89.16055692
897.000000	-15.13331820
899.000000	14.69779186
901.000000	-12.03537631
903.000000	41.17926610
905.000000	52.41986499
907.000000	-16.38620328
909.000000	-11.62207927
911.000000	-40.55589587
913.000000	14.68520055
915.000000	14.30714782
917.000000	15.61036346
919.000000	97.13040751
921.000000	-49.02200223
923.000000	49.89312911
925.000000	-46.94994189
927.000000	-35.10685857
929.000000	-57.91543815
931.000000	-50.16489899
933.000000	82.44814743
935.000000	2.17973285
937.000000	64.48372739
939.000000	-25.85381044
941.000000	145.69204791
943.000000	-32.46798176
945.000000	58.71625212
947.000000	41.13752228
949.000000	-33.01529832
951.000000	-117.43175206
953.000000	-15.66700642
955.000000	-49.62158354
957.000000	-62.30823284
959.000000	-8.38592337
961.000000	83.30938039
963.000000	-7.23767681
965.000000	-34.92274876
967.000000	88.68988147
969.000000	-24.87174378
971.000000	4.21367445
973.000000	-149.53587922
975.000000	71.56650476
977.000000	11.19715715
979.000000	6.53958129
981.000000	-45.03517698
983.000000	-100.74622845
985.000000	-1.43307311
987.000000	0.40921095
989.000000	43.24246634
991.000000	30.91337336
993.000000	-86.01138002
995.000000	95.92198519
997.000000	62.80785562
999.000000	99.19523389
1001.000000	43.14316715
1003.000000	-21.24102462
1005.000000	75.31810178
1007.000000	12.45529656
1009.000000	29.31517603
1011.000000	-64.60125384
1013.000000	-44.01053982
1015.000000	-29.30395284
1017.000000	-10.98339497
1019.000000	127.65172723
1021.000000	-87.52777489
1023.000000	-23.22053018
1025.000000	26.09300658
1027.000000	43.13118285
1029.000000	-101.59363084
1031.000000	49.23843567
1033.000000	19.29106801
1035.000000	0.25914241
1037.000000	-55.42366440
1039.000000	22.30384584
1041.000000	23.11926313
1043.000000	-21.30867475
1045.000000	58.51537247
1047.000000	-40.23056390
1049.000000	14.87951260
1051.000000	35.16660221
1053.000000	-7.27311577
1055.000000	64.57408373
1057.000000	8.89188550
1059.000000	-34.96815585
1061.000000	-79.46184139
1063.000000	-33.97624007
1065.000000	-24.26045932
1067.000000	-47.07956406
1069.000000	33.55052242
1071.000000	-93.52907021
1073.000000	-3.79356157
1075.000000	-0.63469076
1077.000000	-39.22841515
1079.000000	1.13361971
1081.000000	104.10659892
1083.000000	-107.17299706
1085.000000	43.61602462
1087.000000	-93.16660511
1089.000000	-71.03145700
1091.000000	26.21198210
1093.000000	53.15734602
1095.000000	-84.70238447
1097.000000	47.84503056
1099.000000	-25.89963924
1101.000000	83.06107761
1103.000000	40.47771020
1105.000000	6.16502252
1107.000000	-24.43595394
1109.000000	-87.58348449
1111.000000	113.66821461
1113.000000	13.26900939
1115.000000	11.30813962
1117.000000	59.92474107
1119.000000	103.45157574
1121.000000	2.94875267
1123.000000	-59.87369284
1125.000000	-11.29322653
1127.000000	-63.92507284
1129.000000	-66.04305098
1131.000000	60.23379963
1133.000000	-62.02547691
1135.000000	-27.00624639
1137.000000	57.99347661
1139.000000	-25.31922591
1141.000000	-83.00494637
1143.000000	-56.57346373
1145.000000	-5.42412405
1147.000000	-11.12347641
1149.000000	41.22010623
1151.000000	-121.62993776
1153.000000	-48.41098880
1155.000000	53.35481188
1157.000000	25.60795769
1159.000000	21.66345198
1161.000000	-16.52011716
1163.000000	-60.53016503
1165.000000	-21.45748474
1167.000000	111.70144579
1169.000000	-24.87418827
1171.000000	25.12732391
1173.000000	31.04121204
1175.000000	9.29065637
1177.000000	-4.63133683
1179.000000	32.27492816
1181.000000	-16.20169450
1183.000000	43.31399387
1185.000000	80.05977385
1187.000000	-84.44919240
1189.000000	100.30758317
1191.000000	36.64245162
1193.000000	24.83673379
1195.000000	83.14345205
1197.000000	-6.96095743
1199.000000	-141.80728912
1201.000000	-5.70355830
1203.000000	41.38033627
1205.000000	18.53444970
1207.000000	-29.12832117
1209.000000	22.95763894
1211.000000	-36.30403583
1213.000000	33.67942820
1215.000000	-7.87671716
1217.000000	-33.30997882
1219.000000	46.63750225
1221.000000	33.39168964
1223.000000	37.28505327
1225.000000	-128.21228019
1227.000000	-120.37422991
1229.000000	-82.22104824
1231.000000	-3.01212865
1233.000000	-126.28143821
1235.000000	-0.39320484
1237.000000	-41.45412481
1239.000000	98.46232676
1241.000000	58.39848274
1243.000000	69.09161824
1245.000000	7.52503000
1247.000000	4.73490614
1249.000000	-138.03176619
1251.000000	-5.25743758
1253.000000	-64.92197175
1255.000000	-13.81106624
1257.000000	-39.84352093
1259.000000	-15.18276787
1261.000000	62.54930566
1263.000000	76.71109557
1265.000000	13.08147328
1267.000000	62.97246222
1269.000000	-79.30899493
1271.000000	11.46458710
1273.000000	-89.66969467
1275.000000	47.57322190
1277.000000	-0.46365026
1279.000000	-60.43762185
1281.000000	8.71491894
1283.000000	74.25966930
1285.000000	-17.76763384
1287.000000	19.64319909
1289.000000	-38.48347570
1291.000000	-108.42185520
1293.000000	-53.90805730
1295.000000	13.78938515
1297.000000	50.95111128
1299.000000	45.16443761
1301.000000	5.37076877
1303.000000	-30.12591646
1305.000000	48.78783053
1307.000000	80.56272138
1309.000000	32.66061719
1311.000000	-75.57771042
1313.000000	-17.68820188
1315.000000	7.68739257
1317.000000	-82.97903403
1319.000000	-30.03134969
1321.000000	-15.01500713
1323.000000	123.07406779
1325.000000	-48.23948602
1327.000000	69.94935307
1329.000000	-74.85777351
1331.000000	68.61742675
1333.000000	-34.39329535
1335.000000	28.22263319
1337.000000	26.78182129
1339.000000	-43.48301913
1341.000000	-71.51535675
1343.000000	39.75403715
1345.000000	-31.42563344
1347.000000	31.36648953
1349.000000	14.50967453
1351.000000	18.56147684
1353.000000	36.44242106
1355.000000	29.39108399
1357.000000	-96.54013659
1359.000000	100.93662230
1361.000000	41.68095180
1363.000000	70.36989784
1365.000000	-101.57522880
1367.000000	11.76344104
1369.000000	3.56588462
1371.000000	-67.79875727
1373.000000	30.36951511
1375.000000	14.01277304
1377.000000	-51.34018830
1379.000000	50.25662741
1381.000000	-68.82823737
1383.000000	-42.39114407
1385.000000	43.53336925
1387.000000	43.63883671
1389.000000	6.86237095
1391.000000	-112.75631765
1393.000000	-53.42123200
1395.000000	60.60501657
1397.000000	14.06700788
1399.000000	124.61180499
1401.000000	-48.91810184
1403.000000	116.30271000
1405.000000	-53.72060661
1407.000000	26.60503663
1409.000000	30.74337361
1411.000000	-1.92341355
1413.000000	23.68690422
1415.000000	13.06247150
1417.000000	105.16568423
1419.000000	-3.20618352
1421.000000	0.49718796
1423.000000	-6.65406215
1425.000000	140.86962185
1427.000000	28.76158280
1429.000000	-42.13592081
1431.000000	-8.89116711
1433.000000	86.66595102
1435.000000	10.77022624
1437.000000	17.72799171
1439.000000	20.07564634
1441.000000	40.57593642
1443.000000	4.84966224
1445.000000	-15.45975378
1447.000000	32.89789393
1449.000000	60.13839675
1451.000000	88.78472440
1453.000000	-41.73420221
1455.000000	-0.32926295
1457.000000	-16.67147945
1459.000000	-77.35419828
1461.000000	-86.29223460
1463.000000	-107.35458626
1465.000000	-48.21722004
1467.000000	-33.52359484
1469.000000	-119.97241832
1471.000000	-83.08636976
1473.000000	-37.54309240
1475.000000	-44.52236398
1477.000000	81.20112335
1479.000000	82.80946107
1481.000000	-23.59707035
1483.000000	66.72445494
1485.000000	-33.70489233
1487.000000	64.91243119
1489.000000	154.62047970
1491.000000	31.90073027
1493.000000	39.46553532
1495.000000	23.67209744
1497.000000	-40.54702330
1499.000000	-47.16538000
1501.000000	74.45957722
1503.000000	90.72102029
1505.000000	135.83059144
1507.000000	33.84982362
1509.000000	2.65926712
1511.000000	25.07731064
1513.000000	-65.08596739
1515.000000	-84.86349918
1517.000000	-40.63713384
1519.000000	-32.02731435
1521.000000	-13.27187020
1523.000000	-31.34927957
1525.000000	-19.60985105
1527.000000	-1.54195793
1529.000000	100.32055506
1531.000000	99.84194990
1533.000000	24.28922168
1535.000000	-50.99664644
1537.000000	-34.35945683
1539.000000	92.42492400
1541.000000	18.83775653
1543.000000	-0.23050838
1545.000000	89.09644761
1547.000000	-72.58581144
1549.000000	28.65037439
1551.000000	-30.41748281
1553.000000	-11.05363361
1555.000000	-71.66077594
1557.000000	-14.25675681
1559.000000	-54.99136129
1561.000000	17.95305162
1563.000000	5.03612807
1565.000000	37.91851604
1567.000000	103.86232483
1569.000000	-19.53253234
1571.000000	109.42931879
1573.000000	-72.19242279
1575.000000	-4.62123814
1577.000000	17.11505237
1579.000000	-91.96519339
1581.000000	36.04337202
1583.000000	4.14500847
1585.000000	-0.37961135
1587.000000	25.68437045
1589.000000	74.87879909
1591.000000	-28.01124221
1593.000000	-61.02522224
1595.000000	38.19133744
1597.000000	-53.30368011
1599.000000	39.51630017
1601.000000	-35.83454576
1603.000000	-4.35069094
1605.000000	49.94851425
1607.000000	-54.27587240
1609.000000	-70.74860918
1611.000000	7.68156401
1613.000000	82.92973638
1615.000000	92.38387655
1617.000000	87.16927029
1619.000000	79.83684262
1621.000000	29.82906298
1623.000000	34.33221416
1625.000000	-73.53921964
1627.000000	-34.01706471
1629.000000	-51.59028807
1631.000000	-4.95872637
1633.000000	17.63630725
1635.000000	-98.57037899
1637.000000	-126.90052629
1639.000000	22.08466951
1641.000000	-68.32077591
1643.000000	3.25270286
1645.000000	0.97773335
1647.000000	107.86781511
1649.000000	54.85098801
1650.000000	-48.17859060
1651.000000	-38.44261829
1652.000000	55.55622360
1653.000000	9.20615709
1654.000000	-20.72346101
1655.000000	-17.83111131
1656.000000	-26.92771786
1657.000000	21.20995149
1658.000000	-138.03788792
1659.000000	23.90008061
1660.000000	43.07822197
1661.000000	37.32767438
1662.000000	3.07207215
1663.000000	4.38438122
1664.000000	74.33616990
1665.000000	4.26334225
1666.000000	10.37145005
1667.000000	-65.84580893
1668.000000	-20.66738647
1669.000000	8.36608033
1670.000000	-118.50844913
1671.000000	-14.70089439
1672.000000	-12.44363309
1673.000000	-79.43911432
1674.000000	-10.66738187
1675.000000	2.03470895
1676.000000	-51.37726721
1677.000000	53.67435894
1678.000000	-5.61502420
1679.000000	3.45950096
1680.000000	9.90282278
1681.000000	-10.60336438
1682.000000	7.61438636
1683.000000	76.43564622
1684.000000	31.56297120
1685.000000	88.96902311
1686.000000	-10.63865276
1687.000000	-48.78618608
1688.000000	-135.23314176
1689.000000	39.59182296
1690.000000	-61.43210079
1691.000000	3.04259510
1692.000000	-48.94347987
1693.000000	-130.64423345
1694.000000	-74.85686899
1695.000000	-83.71768325
1696.000000	-19.62851315
1697.000000	17.98707649
1698.000000	-104.00521648
1699.000000	40.72906545
1700.000000	-82.52961916
1701.000000	23.08348015
1702.000000	-60.57306402
1703.000000	-40.66806070
1704.000000	54.22353932
1705.000000	-30.47983326
1706.000000	118.75571443
1707.000000	-32.90074509
1708.000000	4.14220482
1709.000000	53.90246140
1710.000000	62.94089971
1711.000000	82.09022476
1712.000000	-55.15918945
1713.000000	99.99526520
1714.000000	71.63302036
1715.000000	-19.25525970
1716.000000	20.80484320
1717.000000	-18.92410738
1718.000000	-48.52109015
1719.000000	-5.35176194
1720.000000	-64.85973487
1721.000000	47.43093383
1722.000000	-27.89507618
1723.000000	-44.19310446
1724.000000	13.63353718
1725.000000	13.08491306
1726.000000	-22.97763468
1727.000000	49.68760067
1728.000000	6.18975925
1729.000000	-38.06668239
1730.000000	25.91893564
1731.000000	5.63762314
1732.000000	-1.99103102
1733.000000	34.51189237
1734.000000	26.90224226
1735.000000	6.99956520
1736.000000	54.22438309
1737.000000	-99.01541492
1738.000000	-10.38424972
1739.000000	-38.89347136
1740.000000	-54.04336170
1741.000000	76.85877669
1742.000000	-60.23900933
1743.000000	53.76167626
1744.000000	-63.01568352
1745.000000	-48.84271191
1746.000000	42.12247307
1747.000000	-51.98401573
1748.000000	-54.76605831
1749.000000	39.97210275
1750.000000	33.38594836
1751.000000	54.51356149
1752.000000	-127.87061876
1753.000000	148.16921079
1754.000000	-68.24396264
1755.000000	-68.20630381
1756.000000	52.93380316
1757.000000	-33.92040979
1758.000000	4.53441199
1759.000000	33.83153783
1760.000000	-39.67548169
1761.000000	-15.71255231
1762.000000	74.64069179
1763.000000	92.64381542
1764.000000	13.96968723
1765.000000	-70.16588635
1766.000000	38.84002393
1767.000000	57.08028945
1768.000000	47.48083088
1769.000000	53.60451339
1770.000000	149.08563710
1771.000000	49.52747384
1772.000000	-43.22549502
1773.000000	26.62102564
1774.000000	46.87187509
1775.000000	-34.25494644
1776.000000	-30.31182507
1777.000000	37.03576983
1778.000000	-22.49815869
1779.000000	-50.26944975
1780.000000	11.88062645
1781.000000	-22.20004535
1782.000000	-47.62951759
1783.000000	162.22089020
1784.000000	31.02193264
1785.000000	107.01516717
1786.000000	-42.35637834
1787.000000	-1.56139189
1788.000000	39.88872123
1789.000000	25.37923265
1790.000000	-100.60335581
1791.000000	-18.30629475
1792.000000	37.00384050
1793.000000	84.23961807
1794.000000	-52.57160595
1795.000000	-127.23739516
1796.000000	79.74832885
1797.000000	75.00243124
1798.000000	-70.70085945
1799.000000	-35.72639812
1800.000000	46.51120146
1801.000000	63.25792985
1802.000000	-42.45522572
1803.000000	-73.40086189
1804.000000	60.59571671
1805.000000	-1.13594699
1806.000000	4.97408700
1807.000000	41.14611816
1808.000000	-4.26612017
1809.000000	21.85528977
1810.000000	10.28851125
1811.000000	-1.57268578
1812.000000	-13.46374170
1813.000000	-38.34114628
1814.000000	24.67030622
1815.000000	-46.85590648
1816.000000	-12.26051905
1817.000000	-31.78963066
1818.000000	7.57792806
1819.000000	-59.13981127
1820.000000	25.08322488
1821.000000	35.65780219
1822.000000	-3.47569141
1823.000000	-39.87280386
1824.000000	-72.02005624
1825.000000	50.92250474
1826.000000	51.39603544
1827.000000	-11.61212652
1828.000000	42.86197760
1829.000000	59.77118902
1830.000000	59.09384359
1831.000000	-60.15118753
1832.000000	-5.70997884
1833.000000	26.00049503
1834.000000	10.71749736
1835.000000	25.03300107
1836.000000	-67.25099091
1837.000000	98.62026534
1838.000000	70.98821196
1839.000000	-21.00625916
1840.000000	22.66758508
1841.000000	10.16799372
1842.000000	8.03515817
1843.000000	54.37123726
1844.000000	25.98436251
1845.000000	108.25565351
1846.000000	47.66790128
1847.999000	25.94797979
1848.999000	9.05795958
1849.999000	24.81155158
1850.999000	63.70725079
1851.999000	17.65296525
1852.999000	39.08237099
1853.999000	79.12907208
1854.999000	-67.63851206
1855.999000	11.42438116
1856.999000	123.12613612
1857.999000	-27.40026370
1858.999000	-14.74955967
1859.999000	81.38184698
1860.999000	-65.73579702
1861.999000	-65.07806905
1862.999000	19.98461258
1863.999000	-11.92433467
1864.999000	-10.02302677
1865.999000	79.91031463
1866.999000	-61.66571567
1867.999000	-56.19902974
1868.999000	105.39098079
1869.999000	88.19507676
1870.999000	16.02893401
1871.999000	46.56696595
1872.999000	-7.10052810
1873.999000	-11.12082170
1874.999000	78.77256355
1875.999000	-53.40824831
1876.999000	16.47619770
1877.999000	15.41407451
1878.999000	36.03386476
1879.999000	4.06070619
1880.999000	9.32621819
1881.999000	14.50483588
1882.999000	-3.79451887
1883.999000	64.04918123
1884.999000	35.19230167
1885.999000	11.50744107
1886.999000	82.90582125
1887.999000	3.78259020
1888.999000	-42.85070148
1889.999000	52.23953725
1890.999000	19.47444709
1891.999000	-64.92012068
1892.999000	-25.92337184
1893.999000	-23.59007209
1894.999000	15.50108799
1895.999000	37.66251962
1896.999000	-9.48398172
1897.999000	24.61329718
1898.999000	-28.48384775
1899.999000	-51.24924693
1900.999000	-108.83615232
1901.999000	-83.00155879
1902.999000	-46.19727105
1903.999000	36.41404358
1904.999000	72.37519599
1905.999000	4.66244464
1906.999000	18.06316035
1907.999000	68.61197958
1908.999000	7.38508785
1909.999000	150.21860078
1910.999000	32.42688654
1911.999000	-45.14293809
1912.999000	120.34544716
1913.999000	-91.37110080
1914.999000	-12.34376854
1915.999000	15.84795351
1916.999000	111.12184828
1917.999000	-53.96738870
1918.999000	-28.52845995
1919.999000	27.74685810
1920.999000	-39.99512531
1921.999000	19.89808428
1922.999000	96.52129155
1923.999000	59.89499642
1924.999000	-28.23223728
1925.999000	-72.38317021
1926.999000	24.93921309
1927.999000	14.56399381
1928.999000	18.64860598
1929.999000	-85.43489941
1930.999000	13.63982698
1931.999000	2.28421702
1932.999000	-43.44365324
1933.999000	-14.94505140
1934.999000	-32.23691717
1935.999000	57.16245961
1936.999000	38.63296830
1937.999000	-134.55920914
1938.999000	-4.02506840
1939.999000	-55.53813824
1940.999000	-0.88601299
1941.999000	15.62387976
1942.999000	-2.41504314
1943.999000	16.27416101
1944.999000	-101.87125080
1945.999000	-55.49404950
1946.999000	-53.07386096
1947.999000	16.64905613
1948.999000	22.38909906
1949.999000	-8.49233251
1950.999000	-129.00527403
1951.999000	32.75228343
1952.999000	100.50906275
1953.999000	-13.43146986
1954.999000	35.57194083
1955.999000	61.78619643
1956.999000	-13.99623043
1957.999000	-100.24778062
1958.999000	74.48985381
1959.999000	43.91029575
1960.999000	58.82242160
1961.999000	-0.01165236
1962.999000	-4.81000837
1963.999000	-100.39154298
1964.999000	-1.83646559
1965.999000	134.70345066
1966.999000	35.40680119
1967.999000	7.37350519
1968.999000	-52.05675524
1969.999000	-9.59002261
1970.999000	-31.64166976
1971.999000	-87.15301034
1972.999000	49.25628438
1973.999000	-39.32233405
1974.999000	94.50860908
1975.999000	10.39876887
1976.999000	-10.80226990
1977.999000	66.44175187
1978.999000	-42.31091318
1979.999000	-44.52730229
1980.999000	-66.50072663
1981.999000	11.41764491
1982.999000	-5.40896912
1983.999000	-5.46353255
1984.999000	-28.03810303
1985.999000	-84.05163828
1986.999000	-93.99325914
1987.999000	36.38606806
1988.999000	-85.28776800
1989.999000	-94.15411038
1990.999000	-104.27755748
1991.999000	-48.35634534
1992.999000	55.64599579
1993.999000	45.15427350
1994.999000	20.62612307
1995.999000	12.13189777
1996.999000	76.54863891
1997.999000	16.75018482
1998.999000	-48.98312708
1999.999000	18.47735944
2000.999000	39.59153843
2001.999000	44.52487610
2002.999000	-26.84730129
2003.999000	-4.86562912
2004.999000	-35.80378742
2005.999000	29.69008766
2006.999000	-117.34420826
2007.999000	-46.25408759
2008.999000	-10.33701462
2009.999000	24.68144233
2010.999000	-67.72487478
2011.999000	37.91893953
2012.999000	1.51859963
2013.999000	-25.31157391
2014.999000	42.48222586
2015.999000	27.53929983
2016.999000	34.50984506
2017.999000	75.07869680
2018.999000	-7.86529873
2019.999000	49.54167110
2020.999000	27.26593077
2021.999000	54.77623060
2022.999000	55.37998081
2023.999000	46.08783177
2024.999000	0.17331058
2025.999000	-104.95677743
2026.999000	8.47179513
2027.999000	20.90589635
2028.999000	-11.23291517
2029.999000	28.42130024
2030.999000	50.32502809
2031.999000	35.74123059
2032.999000	-15.33196846
2033.999000	-11.03684557
2034.999000	43.74135285
2035.999000	116.02750807
2036.999000	-0.79474379
2037.999000	94.68610036
2038.999000	57.94093528
2039.999000	12.27197680
2040.999000	-1.09421836
2041.999000	15.37399717
2042.999000	-24.57707329
2043.999000	-186.72277409
2044.999000	-64.81560864
2045.999000	45.47917038
2046.999000	-47.85699876
2047.999000	35.83916806
2048.999000	54.62554657
2049.999000	66.95320980
2050.999000	-68.25804394
2051.999000	-24.69299728
2052.999000	-10.88411753
2053.999000	-18.00698610
2054.999000	54.64495810
2055.999000	-18.64588363
2056.999000	-7.69356318
2057.999000	-18.21642064
2058.999000	-96.45481294
2059.999000	-66.34636387
2060.999000	-8.74358969
2061.999000	13.95111552
2062.999000	-113.56587531
2063.999000	12.05317900
2064.999000	37.72890399
2065.999000	64.44910980
2066.999000	-26.51638315
2067.999000	-31.98818796
2068.999000	-3.07037586
2069.999000	14.69342820
2070.999000	-44.96183669
2071.999000	-8.69319988
2072.999000	-31.02806490
2073.999000	-70.63319830
2074.999000	-72.44930910
2075.999000	18.50386575
2076.999000	-9.94982834
2077.999000	91.19174796
2078.999000	-35.96559086
2079.999000	-65.87809119
2080.999000	-71.15290350
2081.999000	78.82175761
2082.999000	26.51315269
2083.999000	-39.25705756
2084.999000	43.64077729
2085.999000	-50.47548825
2086.999000	14.20080971
2087.999000	3.89203290
2088.999000	43.52979146
2089.999000	6.43411222
2090.999000	50.85417830
2091.999000	-6.54544102
2092.999000	-12.19227561
2093.999000	5.75028209
2094.999000	-86.58474587
2095.999000	-65.13763742
2096.999000	4.87925745
2097.999000	67.83575099
2098.999000	6.23480037
2099.999000	-36.12171204
