# F(k,t) correlation function
# Reference time: 0.000 ps
# lag_time_ps	F(k,t)
0.000000	572.61197397
1.000000	-15.48902556
2.000000	-35.66297237
3.000000	17.90833959
4.000000	-14.32540512
5.000000	77.65823214
6.000000	23.59581985
7.000000	15.93146930
8.000000	60.74012950
9.000000	-17.53403859
10.000000	-11.33471422
11.000000	-24.78728583
12.000000	33.43122004
13.000000	34.89448318
14.000000	-50.48467896
15.000000	-29.72037735
16.000000	-63.94399919
17.000000	-70.01449120
18.000000	-117.23057971
19.000000	82.60713973
20.000000	-22.51886177
21.000000	-38.38594041
22.000000	-101.91459646
23.000000	44.33267275
24.000000	-12.24824539
25.000000	-12.35764183
26.000000	-3.75592145
27.000000	49.75888653
28.000000	-78.53379411
29.000000	-55.12592077
30.000000	-21.59675246
31.000000	32.21175892
32.000000	42.99706670
33.000000	-6.58784538
34.000000	68.20113894
35.000000	19.07383058
36.000000	17.05008081
37.000000	-18.84538589
38.000000	16.36882854
39.000000	24.72537384
40.000000	-66.31306863
41.000000	149.73912622
42.000000	25.39728623
43.000000	51.96039270
44.000000	107.79223807
45.000000	11.60564584
46.000000	-94.50496048
47.000000	52.45639433
48.000000	-18.56597301
49.000000	32.68004500
50.000000	-26.75048926
51.000000	47.20793860
52.000000	110.83091707
53.000000	-22.16443535
54.000000	1.76778190
55.000000	-86.44747690
56.000000	-40.93259110
58.000000	-6.03612542
60.000000	1.32403301
62.000000	-42.92491170
64.000000	114.59763146
66.000000	57.81064433
68.000000	-187.55728691
70.000000	-124.19821879
72.000000	16.75816176
74.000000	-49.39777907
76.000000	54.70975995
78.000000	-15.15655693
80.000000	13.25946917
82.000000	36.13862168
84.000000	-43.69634444
86.000000	-98.10121131
88.000000	-13.87210952
90.000000	-62.16460988
92.000000	1.88911275
94.000000	-20.47755071
96.000000	30.41662870
98.000000	-16.21144989
100.000000	-106.58357369
102.000000	-4.89926678
104.000000	-13.06583878
106.000000	3.02497263
108.000000	-61.93678899
110.000000	24.97345409
112.000000	-21.44888740
114.000000	-57.86998885
116.000000	20.06592201
118.000000	-9.02783833
120.000000	-49.40902002
122.000000	-14.28673780
124.000000	35.50689637
126.000000	-23.50600898
128.000000	-9.36271314
130.000000	4.64441164
132.000000	62.02809178
134.000000	-66.30009747
135.001000	-16.65951980
137.001000	-108.83387663
139.001000	-4.90191776
141.001000	-94.26029551
143.001000	-6.78024083
145.001000	-73.90587672
147.001000	1.13722907
149.001000	-14.28022305
151.001000	-44.34702029
153.001000	-3.23259555
155.001000	2.28417585
157.001000	-27.14606299
159.001000	-15.76577307
161.001000	61.47392026
163.001000	46.38496047
165.001000	-79.88098454
167.001000	-30.76039529
169.001000	3.31287661
171.001000	106.29916118
173.001000	-32.88865035
175.001000	11.17197037
177.001000	-49.73635485
179.001000	-41.11031650
181.001000	35.18946938
183.001000	-27.08108634
185.001000	-39.09195610
187.001000	-3.78354514
189.001000	-37.50258990
191.001000	-9.92447306
193.001000	-70.42115722
195.001000	-33.42469972
197.001000	32.07456824
199.001000	33.63313675
201.001000	26.61839358
203.001000	-62.12904771
205.001000	24.84896838
207.001000	-26.33949017
209.001000	-22.87392516
211.001000	-107.75478958
213.001000	40.81263464
215.001000	-95.82309494
217.001000	21.76740594
219.001000	32.40648972
221.001000	-28.46144518
223.001000	-66.48423664
225.001000	-13.90447294
227.001000	-76.86054930
229.001000	-68.37394634
231.001000	38.57852722
233.001000	67.83485985
235.001000	35.82095272
237.001000	-36.34288033
239.001000	-108.42205879
241.001000	-3.62852839
243.001000	-26.54522762
245.001000	-7.42515376
247.001000	-20.34899410
249.001000	-73.95268905
251.001000	94.30141734
253.001000	-98.29039080
255.001000	49.41108202
257.001000	15.93796929
259.001000	98.78688194
261.001000	58.07975866
263.001000	8.60189891
265.001000	64.27752014
267.001000	-22.58368970
269.001000	-46.67976056
271.001000	-31.45317867
273.001000	-39.24694052
275.001000	-73.53681472
277.001000	52.70317926
279.001000	-36.35033406
281.001000	-25.87352038
283.001000	-121.11603415
285.001000	-12.71071947
287.001000	-45.89203504
289.001000	40.83084190
291.001000	39.05658315
293.001000	63.91663780
295.001000	-68.33353284
297.001000	78.08818923
299.001000	86.02388818
301.001000	-72.43717531
303.001000	-43.20999481
305.001000	78.55185488
307.001000	2.07687899
309.001000	-39.97481127
311.001000	37.05543047
313.001000	36.20987718
315.001000	24.24173263
317.001000	93.80523400
319.001000	24.99644115
321.001000	-30.84245907
323.001000	34.57123431
325.001000	123.43159242
327.001000	63.71898886
329.001000	23.06647288
331.001000	-81.75497925
333.001000	0.31185919
335.001000	32.00091052
337.001000	-29.31218972
339.001000	-52.05019455
341.001000	-34.76776570
343.001000	-82.34573606
345.001000	-42.75475015
347.001000	55.94335847
349.001000	162.30859455
351.001000	-19.83109912
353.001000	-40.74512949
355.001000	-79.92496776
357.001000	-7.84078561
359.001000	-13.36826175
361.001000	-35.65273350
363.001000	10.59350184
365.001000	72.01905461
367.001000	-82.90630507
369.001000	17.23808938
371.001000	67.43997163
373.001000	-32.00372047
375.001000	22.84429938
377.001000	-28.71715966
379.001000	12.54204359
381.001000	80.95117059
383.001000	-3.26935786
385.001000	-120.41798760
387.001000	34.31637606
389.001000	-9.56022838
391.001000	-8.85802450
393.001000	-7.12237926
395.001000	-4.00096023
397.001000	131.57026430
399.001000	111.75184201
401.001000	-38.81822919
403.001000	-65.84516574
405.001000	10.62412405
407.001000	-108.94329677
409.001000	-0.65642327
411.001000	8.55875828
413.001000	-69.65422126
415.001000	-38.35720886
417.001000	-43.81329066
419.001000	-5.20412352
421.001000	-21.09525249
423.001000	21.59725934
425.001000	-9.49863535
427.001000	39.68432941
429.001000	77.39732661
431.001000	-33.49985739
433.001000	-70.04620794
435.001000	-14.28285773
437.001000	-10.26879995
439.001000	45.05820836
441.001000	-39.83275342
443.001000	14.83934867
445.001000	-37.65961794
447.001000	-41.17195903
449.001000	-23.72217967
451.001000	-25.52320012
453.001000	-87.69804785
455.001000	31.66224398
457.001000	-6.40765014
459.001000	64.42996308
461.001000	76.15188986
463.001000	55.69872733
465.001000	-7.83333858
467.001000	7.16380988
469.001000	-33.05266735
471.001000	-3.92061473
473.001000	109.50476507
475.001000	21.92228689
477.001000	-90.40468865
479.001000	89.92438041
481.001000	-67.18210972
483.001000	-27.44392721
485.001000	-31.37104868
487.001000	-107.47755713
489.001000	-109.52272181
491.001000	47.01246260
493.001000	40.20998234
495.001000	-16.81548709
497.001000	0.17871815
499.001000	1.15244553
501.001000	14.17103539
503.001000	74.19110782
505.001000	-18.59112024
507.001000	7.89109315
509.001000	-51.75876582
511.001000	-61.48647351
513.001000	17.00095558
515.001000	43.15344115
517.001000	-54.70916748
519.001000	-16.78015060
521.001000	59.57554909
523.001000	-44.75956493
525.001000	30.06218237
527.001000	-42.98882917
529.001000	-41.93509448
531.001000	-8.66645447
533.001000	6.61927758
535.001000	-22.71671616
537.001000	62.49932636
539.001000	-1.14006248
541.001000	-17.68571222
543.001000	11.45675018
545.001000	-79.10567605
547.001000	85.47519560
549.001000	26.61850939
551.001000	-11.42592341
553.001000	-65.48419816
555.001000	-42.87274558
557.001000	57.90715661
559.001000	113.97327268
561.001000	-15.15651068
563.001000	-15.10648372
565.001000	-14.17646291
567.001000	-78.87675447
569.001000	-29.14689700
571.001000	-4.14150669
573.001000	-34.48545699
575.001000	-45.47703935
577.001000	-24.50125472
579.001000	30.31613025
581.001000	110.67791456
583.001000	-41.61297805
585.001000	35.96612927
587.001000	-27.16040566
589.001000	-50.61734777
591.001000	-8.02633935
593.001000	32.45946292
595.001000	-36.28083331
597.001000	-1.06419395
599.001000	-2.24292123
601.001000	62.38275986
603.001000	7.97049047
605.001000	-86.52412665
607.001000	-48.06327416
609.001000	-7.42437994
611.001000	-1.67714820
613.001000	-7.64587634
615.001000	0.12017500
617.001000	27.49081443
619.001000	-72.40323473
621.001000	14.92534267
623.001000	-44.31042322
625.001000	47.34502284
627.001000	65.01266353
629.001000	-83.34541429
631.001000	35.40201315
633.001000	-46.12471759
635.001000	43.55902265
637.001000	18.39898819
639.001000	-25.68293943
641.001000	71.89682976
643.001000	17.07218707
645.001000	-48.34474271
647.001000	40.96800272
649.001000	-77.92966167
651.001000	36.20412079
653.001000	-89.43193951
655.001000	37.96485947
657.001000	-37.30233832
659.001000	-40.13533708
661.001000	-8.07068385
663.001000	26.72352140
665.001000	-19.12910574
667.001000	-140.95987700
669.001000	-12.18523018
671.001000	94.69679247
673.001000	-39.88708249
675.001000	-46.64530151
677.001000	-36.60918382
679.001000	32.62212925
681.001000	-14.13600031
683.001000	-5.60725525
685.001000	-37.20368619
687.001000	53.61077935
689.001000	37.73649793
691.001000	56.23317643
693.001000	31.14589132
695.001000	-122.53962989
697.001000	77.05016746
699.001000	79.51681642
701.001000	41.83239384
703.001000	106.14343029
705.001000	11.30863477
707.001000	-101.72123793
709.001000	6.12238474
711.001000	-9.96075885
713.001000	96.63995873
715.001000	-12.46118710
717.001000	37.98864990
719.001000	-3.84867810
721.001000	-26.50473256
723.001000	8.25429811
725.001000	-132.22263377
727.001000	-90.61391966
729.001000	-26.65371305
731.001000	-16.53629075
733.001000	98.40770098
735.001000	-31.94980540
737.001000	-62.42843316
739.001000	45.01692415
741.001000	-24.27339941
743.001000	-0.68509531
745.001000	42.04342103
747.001000	58.09299207
749.001000	-22.44475926
751.001000	-57.81292559
753.001000	117.42573802
755.001000	-134.52889856
757.001000	-92.73493254
759.001000	-48.99182176
761.001000	24.59313588
763.001000	-2.51282474
765.001000	132.13182159
767.001000	16.16603287
769.001000	31.95009746
771.001000	-79.93194269
773.001000	-32.29621775
775.001000	45.13525774
777.001000	52.71385158
779.001000	60.46757029
781.001000	50.33144711
783.001000	90.22242267
785.001000	-76.72856611
787.001000	15.94232534
789.001000	54.16334626
791.001000	-27.22342921
793.001000	-21.42370383
795.001000	21.11120279
797.001000	78.92045779
799.001000	79.38427058
801.001000	27.24641162
803.001000	-105.33669224
805.001000	-16.44710916
807.001000	39.33008959
809.001000	30.46647198
811.001000	67.27577066
813.001000	-73.24660110
815.001000	-8.54580174
817.001000	12.71254490
819.001000	-17.66305622
821.001000	-3.57978310
823.001000	-89.38593916
825.001000	52.38322326
827.001000	17.55786042
829.001000	50.12842366
831.001000	72.58754517
833.001000	-68.05357855
835.001000	-110.66653283
837.001000	10.06011846
839.001000	3.43454191
841.001000	6.96397224
843.001000	-29.77631790
845.001000	-50.88772135
847.001000	-74.41344089
849.001000	-52.38744523
851.001000	4.34831686
853.001000	11.11566147
855.001000	7.04964869
857.001000	30.10051018
859.001000	-56.24413934
861.001000	-12.01264796
863.001000	17.43308546
865.001000	81.74473912
867.001000	15.71986741
869.001000	-24.49267253
871.001000	33.57539211
873.001000	-4.86183652
875.001000	-40.23115435
877.001000	-21.37507572
879.001000	45.44100686
881.001000	35.60059961
883.001000	-4.52390636
885.001000	31.63760335
887.001000	47.53752011
889.001000	-1.01942178
891.001000	-35.18555257
893.001000	-67.10123364
895.001000	-52.89574777
897.001000	-62.53115601
899.001000	-7.75259084
901.001000	-86.34578765
903.001000	-60.70080262
905.001000	41.19580707
907.001000	-20.16659537
909.001000	-52.41573186
911.001000	30.52749049
913.001000	30.24459326
915.001000	74.48757299
917.001000	6.08523756
919.001000	30.01372222
921.001000	75.72250794
923.001000	-72.29756903
925.001000	-161.46675291
927.001000	42.15002693
929.001000	23.80249518
931.001000	-35.88094757
933.001000	-16.79665607
935.001000	-26.60852366
937.001000	52.25607034
939.001000	-4.52573599
941.001000	-34.76690132
943.001000	-27.98716715
945.001000	-9.74528334
947.001000	27.17666407
949.001000	40.67662776
951.001000	23.52984949
953.001000	6.67284878
955.001000	-41.25137608
957.001000	48.74956020
959.001000	-77.06990824
961.001000	-62.39386911
963.001000	27.71204016
965.001000	4.02136961
967.001000	14.65194280
969.001000	-61.31298096
971.001000	51.40004186
973.001000	3.32450671
975.001000	-26.48510130
977.001000	-73.88212750
979.001000	56.05536862
981.001000	-25.15952834
983.001000	19.28434922
985.001000	-21.39657126
987.001000	-22.67905934
989.001000	-56.80271610
991.001000	-75.48180856
993.001000	-29.28816405
995.001000	54.51625837
997.001000	84.19780712
999.001000	2.51483631
1001.001000	91.93800523
1003.001000	88.33427294
1005.001000	40.00747227
1007.001000	-97.46668612
1009.001000	-69.01298975
1011.001000	1.12698390
1013.001000	89.95861309
1015.001000	-77.48883086
1017.001000	-8.54835822
1019.001000	-35.12640900
1021.001000	13.64882903
1023.001000	-55.80720049
1025.001000	31.11916558
1027.001000	-25.42869242
1029.001000	63.64107795
1031.001000	-30.09587844
1033.001000	77.27068588
1035.001000	13.67245968
1037.001000	-35.05536646
1039.001000	-36.16871795
1041.001000	-114.96026656
1043.001000	45.73915177
1045.001000	-21.59931595
1047.001000	2.56189415
1049.001000	44.57501828
1051.001000	17.61801888
1053.001000	-34.40465257
1055.001000	17.14339375
1057.001000	-89.31275121
1059.001000	-10.59541477
1061.001000	-89.12501811
1063.001000	-47.79240987
1065.001000	22.44276757
1067.001000	84.13722264
1069.001000	88.32275588
1071.001000	140.48863338
1073.001000	-49.13832642
1075.001000	-69.17512187
1077.001000	-18.97591963
1079.001000	-13.12150744
1081.001000	-51.92663812
1083.001000	-41.35736526
1085.001000	8.19784940
1087.001000	32.85533283
1089.001000	1.80134854
1091.001000	-68.02030033
1093.001000	-16.43736025
1095.001000	-19.90127915
1097.001000	91.28486274
1099.001000	36.04820881
1101.001000	61.67060355
1103.001000	69.83080828
1105.001000	8.50647259
1107.001000	-56.22409881
1109.001000	-24.13803120
1111.001000	20.01253212
1113.001000	88.87155028
1115.001000	78.23452220
1117.001000	3.26421400
1119.001000	-58.32149824
1121.001000	96.75030522
1123.001000	1.48872373
1125.001000	-29.35822269
1127.001000	22.71315398
1129.001000	13.10496870
1131.001000	19.74919032
1133.001000	-118.69950535
1135.001000	119.59386466
1137.001000	14.47615530
1139.001000	-65.20669030
1141.001000	-28.83639807
1143.001000	67.37470219
1145.001000	-14.58394541
1147.001000	32.84744870
1149.001000	44.09141814
1151.001000	116.27868894
1153.001000	40.65463551
1155.001000	-16.67200420
1157.001000	2.54256379
1159.001000	-54.25510500
1161.001000	-58.85373940
1163.001000	57.66815056
1165.001000	30.72503619
1167.001000	27.78188390
1169.001000	-113.84292197
1171.001000	-34.86105112
1173.001000	92.71954082
1175.001000	52.98944991
1177.001000	-5.17063718
1179.001000	66.34519186
1181.001000	81.70130602
1183.001000	11.85136279
1185.001000	-97.87281451
1187.001000	-35.91799308
1189.001000	45.34457819
1191.001000	-17.84827921
1193.001000	-4.27298234
1195.001000	36.35791125
1197.001000	-68.92645187
1199.001000	2.49423999
1201.001000	35.21093594
1203.001000	-29.21522647
1205.001000	33.78775540
1207.001000	-81.64925632
1209.001000	89.08175474
1211.001000	-41.34923170
1213.001000	-23.50805537
1215.001000	-54.61403622
1217.001000	7.48391690
1219.001000	-82.51330983
1221.001000	-47.16979110
1223.001000	-10.78825246
1225.001000	15.88438578
1227.001000	62.54089842
1229.001000	-43.05897775
1231.001000	80.05355386
1233.001000	16.17539295
1235.001000	-93.33477356
1237.001000	-62.66960497
1239.001000	-11.76253194
1241.001000	-37.14308140
1243.001000	-75.72685526
1245.001000	78.83126905
1247.001000	-53.53874598
1249.001000	-90.93719182
1251.001000	-85.75260388
1253.001000	45.93251263
1255.001000	18.18344928
1257.001000	-10.45959497
1259.001000	72.83815611
1261.001000	80.79000668
1263.001000	73.64912662
1265.001000	92.36139955
1267.001000	12.21556948
1269.001000	-37.54704857
1271.001000	-59.33355120
1273.001000	0.67431612
1275.001000	-17.53289475
1277.001000	-78.80160729
1279.001000	-71.82576811
1281.001000	-61.51188624
1283.001000	1.16220763
1285.001000	-83.90100417
1287.001000	114.51348806
1289.001000	63.01470777
1291.001000	-20.06566428
1293.001000	7.83690783
1295.001000	-75.28678199
1297.001000	66.81853265
1299.001000	-14.88176904
1301.001000	17.13756859
1303.001000	-117.92865214
1305.001000	64.29615134
1307.001000	-3.24755305
1309.001000	-77.54756649
1311.001000	-55.94483027
1313.001000	0.13604484
1315.001000	29.70097993
1317.001000	22.63308127
1319.001000	-35.90766427
1321.001000	49.58074106
1323.001000	-26.83325814
1325.001000	29.65157111
1327.001000	-19.10113369
1329.001000	127.63847359
1331.001000	-3.65997317
1333.001000	-12.93915055
1335.001000	-84.14819701
1337.001000	-116.58476814
1339.001000	12.38595881
1341.001000	59.66462283
1343.001000	-7.61472506
1345.001000	52.31028045
1347.001000	17.02627633
1349.001000	74.07474360
1351.001000	-7.58240580
1353.001000	-13.34305174
1355.001000	-99.65478545
1357.001000	-58.48828833
1359.001000	28.92725022
1361.001000	56.38465329
1363.001000	-35.20575275
1365.001000	40.29277186
1367.001000	23.79230350
1369.001000	6.84942334
1371.001000	7.07625706
1373.001000	19.69227778
1375.001000	72.02897927
1377.001000	-18.12939002
1379.001000	55.60864686
1381.001000	-106.02473832
1383.001000	86.78436745
1385.001000	-21.59242598
1387.001000	35.45426755
1389.001000	-50.05030257
1391.001000	-69.58031878
1393.001000	0.39966576
1395.001000	-7.60458852
1397.001000	75.13417301
1399.001000	21.48552049
1401.001000	-44.67594787
1403.001000	-24.35968721
1405.001000	-24.25844348
1407.001000	42.17660938
1409.001000	92.79256833
1411.001000	47.27620475
1413.001000	-42.65469811
1415.001000	24.60239229
1417.001000	72.99798067
1419.001000	-20.70515178
1421.001000	47.06865112
1423.001000	-6.63363711
1425.001000	-15.35465750
1427.001000	121.70379322
1429.001000	31.77312592
1431.001000	21.77045584
1433.001000	-52.85824595
1435.001000	4.41914808
1437.001000	86.96773185
1439.001000	51.31720051
1441.001000	0.01468421
1443.001000	97.12254334
1445.001000	14.29519545
1447.001000	-17.93747048
1449.001000	21.75545538
1451.001000	-20.87447361
1453.001000	-40.32029069
1455.001000	-45.65539125
1457.001000	135.29745348
1459.001000	35.19825362
1461.001000	2.10605572
1463.001000	-65.26610922
1465.001000	-74.07886466
1467.001000	61.48005021
1469.001000	28.64039495
1471.001000	-74.91225032
1473.001000	9.80133561
1475.001000	-61.21159938
1477.001000	44.41837611
1479.001000	14.41680757
1481.001000	-48.86897658
1483.001000	11.33984800
1485.001000	16.63758305
1487.001000	-31.25828642
1489.001000	-59.63938684
1491.001000	26.24701811
1493.001000	-44.67330487
1495.001000	-37.48650059
1497.001000	57.10978388
1499.001000	27.15402131
1501.001000	-27.68643839
1503.001000	57.26255756
1505.001000	-26.73137458
1507.001000	117.09411556
1509.001000	8.25519690
1511.001000	61.68009707
1513.001000	-63.33310084
1515.001000	42.10533306
1517.001000	-1.98592626
1519.001000	-16.76347443
1521.001000	30.33161441
1523.001000	63.94922334
1525.001000	-41.03961599
1527.001000	124.28599493
1529.001000	-58.48628080
1531.001000	-12.52127997
1533.001000	89.82764604
1535.001000	78.14920048
1537.001000	56.57607924
1539.001000	135.99026172
1541.001000	80.20154271
1543.001000	15.70092144
1545.001000	12.35882844
1547.001000	49.47210211
1549.001000	-38.19079794
1551.001000	1.78597289
1553.001000	-35.14498270
1555.001000	49.84435636
1557.001000	-26.80976203
1559.001000	44.17181558
1561.001000	20.23402906
1563.001000	-19.89118054
1565.001000	55.79329954
1567.001000	-15.01692157
1569.001000	2.77106240
1571.001000	105.73968990
1573.001000	30.91578820
1575.001000	66.71961816
1577.001000	35.20420960
1579.001000	-11.76868939
1581.001000	68.35208257
1583.001000	1.61000656
1585.001000	3.24813879
1587.001000	99.12528600
1589.001000	-61.63863565
1591.001000	0.10072949
1593.001000	-20.23272234
1595.001000	-29.41504395
1597.001000	44.18057523
1599.001000	-34.65341973
1601.001000	117.83912720
1603.001000	-67.42637380
1605.001000	5.65610832
1607.001000	15.46683065
1609.001000	15.15708007
1611.001000	18.61479183
1613.001000	117.30506757
1615.001000	96.65278365
1617.001000	-146.64977919
1619.001000	69.81688316
1621.001000	4.83818342
1623.001000	-2.15373336
1625.001000	66.32969994
1627.001000	-55.79589151
1629.001000	-51.04076047
1631.001000	6.38747704
1633.001000	33.74064886
1635.001000	-5.12779774
1637.001000	-115.97105666
1639.001000	-43.18712797
1641.001000	34.81529901
1643.001000	3.01404526
1645.001000	37.41120118
1647.001000	-38.70948753
1649.001000	62.66694595
1651.001000	-98.85369426
1653.001000	-121.06874104
1655.001000	67.72297473
1657.001000	27.50649806
1659.001000	-68.23669894
1661.001000	-50.21358848
1663.001000	-24.68681542
1665.001000	-76.49389074
1667.001000	-1.48576599
1669.001000	-125.78419283
1671.001000	-58.30273721
1673.001000	-39.19392267
1675.001000	15.49039878
1677.001000	19.79684046
1679.001000	43.76987666
1681.001000	-67.49150854
1683.001000	40.45690678
1685.001000	9.66531010
1687.001000	31.62310767
1689.001000	34.47310077
1691.001000	30.96216112
1693.001000	23.36612018
1695.001000	-33.94107170
1697.001000	34.19216676
1699.001000	-35.42385680
1701.001000	-26.45071579
1703.001000	3.84554982
1705.001000	22.53703252
1707.001000	-12.44190068
1709.001000	25.85075340
1711.001000	-40.33954567
1713.001000	37.53843914
1715.001000	-38.37521586
1717.001000	-101.76784754
1719.001000	-87.69163352
1721.001000	25.36709958
1723.001000	-63.40037382
1725.001000	24.28232972
1727.001000	40.74430418
1729.001000	32.98497135
1731.001000	-30.77422289
1733.001000	85.57468050
1735.001000	1.65982548
1737.001000	16.23973493
1739.001000	-14.61955508
1741.001000	-65.42427502
1743.001000	-66.67728237
1745.001000	-53.80257209
1747.001000	-0.06489345
1749.001000	10.30086585
1751.001000	48.82464911
1753.001000	-19.01086559
1755.001000	-62.40516740
1757.001000	16.35789417
1759.001000	-55.84913027
1761.001000	-160.81185722
1763.001000	19.32443854
1765.001000	-48.79056018
1767.001000	-169.06507763
1769.001000	10.28115282
1771.001000	-62.51055883
1773.001000	-18.19145595
1775.001000	31.10443823
1777.001000	106.54801979
1779.001000	-62.09216580
1781.001000	-91.03020598
1783.001000	50.69423604
1785.001000	21.76928617
1787.001000	-78.79992722
1789.001000	1.64438106
1791.001000	40.45528714
1793.001000	-94.03048015
1795.001000	-43.11383716
1797.001000	17.32955851
1799.001000	23.48738916
1801.001000	-16.95470033
1803.001000	19.84647946
1805.001000	-30.04207118
1807.001000	-54.97837490
1809.001000	31.27080459
1811.001000	-30.22464040
1813.001000	64.76354582
1815.001000	4.28682854
1817.001000	-36.73910836
1819.001000	-130.09099069
1821.001000	107.82813627
1823.001000	-65.71619791
1825.001000	23.40189540
1827.001000	-122.21007711
1829.001000	-29.03731124
1831.001000	70.91351406
1833.001000	28.88552282
1835.001000	-28.48220875
1837.001000	124.00711358
1839.001000	-72.37092903
1841.001000	-5.53683924
1843.001000	-52.28420218
1845.001000	-6.85135841
1847.001000	11.45744904
1849.001000	55.70646558
1850.001000	20.60523509
1851.001000	-42.91982917
1852.001000	53.93224311
1853.001000	26.89459917
1854.001000	-30.90615324
1855.001000	16.52688687
1856.001000	-17.74090693
1857.001000	-1.37513844
1858.001000	-51.78371556
1859.001000	23.74715788
1860.001000	60.15198975
1861.001000	15.96242321
1862.001000	-53.57955435
1863.001000	3.26185488
1864.001000	-22.46703214
1865.001000	13.01355368
1866.001000	51.46676447
1867.001000	-14.13759919
1868.001000	-122.15470551
1869.001000	25.48343213
1870.001000	-46.00147916
1871.001000	-32.63369039
1872.001000	8.07058286
1873.001000	-107.04396135
1874.001000	45.96142738
1875.001000	77.56905892
1876.001000	96.28486008
1877.001000	-46.98832958
1878.001000	-13.69704594
1879.001000	-31.19344497
1880.001000	-28.73537737
1881.001000	-96.58688273
1882.001000	-100.64547075
1883.001000	107.86855084
1884.001000	-4.96294675
1885.001000	-20.61710610
1886.001000	99.45801384
1887.001000	-2.66590807
1888.001000	63.84894591
1889.001000	-25.30660593
1890.001000	24.54335616
1891.001000	-9.59125338
1892.001000	-7.35412021
1893.001000	25.22971204
1894.001000	9.06755334
1895.001000	21.02620853
1896.001000	105.48190236
1897.001000	-45.50457021
1898.001000	61.22738886
1899.001000	12.12649016
1900.001000	-94.47243637
1901.001000	-109.79601152
1902.001000	-45.95674903
1903.001000	68.26202582
1904.001000	-41.95899418
1905.001000	79.27970391
1906.001000	78.44823858
1907.001000	42.21649899
1908.001000	-66.24747385
1909.001000	-27.41844566
1910.001000	66.50922563
1911.001000	-1.88266718
1912.001000	167.16838735
1913.001000	51.46621082
1914.001000	61.53625131
1915.001000	76.80127110
1916.001000	-125.51371980
1917.001000	-74.02394574
1918.001000	-66.29611754
1919.001000	-34.53060839
1920.001000	-38.43934502
1921.001000	-57.14182974
1922.001000	-86.17253990
1923.001000	-143.49330911
1924.001000	-13.88030488
1925.001000	-36.72057299
1926.001000	-11.70152586
1927.001000	53.47057388
1928.001000	12.80496863
1929.001000	-101.96207414
1930.001000	-26.47950766
1931.001000	-3.33788033
1932.001000	45.35032421
1933.001000	-16.73940848
1934.001000	-8.34720273
1935.001000	18.49650293
1936.001000	43.16035744
1937.001000	-51.66549896
1938.001000	31.85990640
1939.001000	-27.69371996
1940.001000	61.04329079
1941.001000	65.25681285
1942.001000	9.31851331
1943.001000	23.77135037
1944.001000	24.15019349
1945.001000	-16.24231746
1946.001000	43.32451215
1947.001000	9.30633721
1948.001000	30.16276691
1949.001000	9.27952686
1950.001000	10.97957630
1951.001000	10.43015568
1952.001000	-33.48632202
1953.001000	8.08542021
1954.001000	-48.33245163
1955.001000	39.20891898
1956.001000	26.23893692
1957.001000	29.87439464
1958.001000	-8.67555942
1959.001000	-84.44337592
1960.001000	-118.24147246
1961.001000	14.95039068
1962.001000	7.96957158
1963.001000	9.87030814
1964.001000	38.49853631
1965.001000	29.02012232
1966.001000	-5.38808514
1967.001000	39.06641419
1968.001000	66.55641609
1969.001000	88.11077730
1970.001000	-11.69963758
1971.001000	77.77133332
1972.001000	-31.93535103
1973.001000	74.11859311
1974.001000	-31.08128064
1975.001000	-162.30593687
1976.001000	-22.12878399
1977.001000	18.69386830
1978.001000	88.51330249
1979.001000	13.72730421
1980.001000	8.88916563
1981.001000	-12.87382822
1982.001000	-106.83580309
1983.001000	21.61911483
1984.001000	-76.33109897
1985.001000	57.72191449
1986.001000	-72.56877707
1987.001000	-63.91613872
1988.001000	-56.72076241
1989.001000	-156.39393112
1990.001000	-49.60330179
1991.001000	-62.64237536
1992.001000	155.52326540
1993.001000	-96.96084399
1994.001000	-60.68293544
1995.001000	-39.27138050
1996.001000	-26.23383746
1997.001000	-80.78846336
1998.001000	68.46819421
1999.001000	-15.93833255
2000.001000	13.48063417
2001.001000	-23.18808347
2002.001000	46.00598001
2003.001000	27.60554426
2004.001000	12.67849418
2005.001000	-171.07478818
2006.001000	55.33906845
2007.001000	38.43819599
2008.001000	21.31386667
2009.001000	-27.12534069
2010.001000	50.14405997
2011.001000	-59.08207319
2012.001000	21.70821656
2013.001000	-5.46839407
2014.001000	-42.97214629
2015.001000	26.24141400
2016.001000	30.10208701
2017.001000	55.17460033
2018.001000	-93.59616390
2019.001000	15.66859674
2020.001000	-16.77723143
2021.001000	-53.20658626
2022.001000	-80.65825678
2023.001000	7.96206487
2024.001000	29.80196875
2025.001000	48.10903824
2026.001000	44.12929184
2027.001000	39.89221964
2028.001000	7.25686333
2029.001000	-47.00953615
2030.001000	25.55757623
2031.001000	-46.12142236
2032.001000	-29.61184418
2033.001000	-40.39493855
2034.001000	2.06146080
2035.001000	110.73145068
2036.001000	-63.98401268
2037.001000	-88.28524637
2038.001000	67.09730097
2039.001000	50.95236854
2040.001000	-10.29068622
2041.001000	-65.50184622
2042.001000	-15.38687516
2043.001000	-15.94008531
2044.001000	-31.50241129
2045.001000	94.61589861
2046.001000	-11.58863180
2048.000000	-23.81442216
2049.000000	-45.91142891
2050.000000	-37.85218838
2051.000000	21.64535142
2052.000000	-3.18689891
2053.000000	18.28513798
2054.000000	35.39257235
2055.000000	-27.95508268
2056.000000	59.63153656
2057.000000	-64.86371685
2058.000000	7.84026414
2059.000000	62.50419831
2060.000000	-12.33156666
2061.000000	14.45447091
2062.000000	15.60175987
2063.000000	-34.03723316
2064.000000	11.26366708
2065.000000	25.87245289
2066.000000	-44.95750002
2067.000000	-51.59287823
2068.000000	48.53988940
2069.000000	-18.12773603
2070.000000	41.38649359
2071.000000	-34.35353969
2072.000000	46.64145447
2073.000000	18.71417064
2074.000000	-66.52749562
2075.000000	-1.84890248
2076.000000	26.75565975
2077.000000	48.31849678
2078.000000	-85.64345552
2079.000000	-84.63858368
2080.000000	1.46866157
2081.000000	-24.73255399
2082.000000	27.44804090
2083.000000	-19.98924376
2084.000000	-71.90343304
2085.000000	39.67588425
2086.000000	-27.09470000
2087.000000	-11.55392794
2088.000000	-9.96869154
2089.000000	39.69799016
2090.000000	-49.43170479
2091.000000	-2.36195081
2092.000000	-82.37800815
2093.000000	59.04288553
2094.000000	-12.46135702
2095.000000	14.01787293
2096.000000	-35.57700891
2097.000000	-23.09859822
2098.000000	86.61181195
2099.000000	-68.48685425
2100.000000	13.34935796
2101.000000	66.20167301
2102.000000	17.41368764
2103.000000	93.63370099
2104.000000	-1.03861192
2105.000000	-83.29350195
2106.000000	45.24040454
2107.000000	-21.51025273
2108.000000	18.84132760
2109.000000	-33.42703864
2110.000000	-0.97895991
2111.000000	-24.51317815
2112.000000	99.12223302
2113.000000	-15.46888897
2114.000000	-34.79358680
2115.000000	-55.81323209
2116.000000	78.34961874
2117.000000	3.99057064
2118.000000	97.10909513
2119.000000	38.71693903
2120.000000	18.79460110
2121.000000	-40.25316392
2122.000000	-42.42636402
2123.000000	-90.51234564
2124.000000	-76.21050216
2125.000000	-65.50408081
2126.000000	-35.68563091
2127.000000	20.67325561
2128.000000	24.20188837
2129.000000	91.44984593
2130.000000	15.49834930
2131.000000	1.16303349
2132.000000	88.12257486
2133.000000	-37.23020461
2134.000000	-71.83742645
2135.000000	-58.15323765
2136.000000	-2.15708271
2137.000000	57.34726384
2138.000000	14.35107540
2139.000000	-4.20986244
2140.000000	-71.69555086
2141.000000	64.18874543
2142.000000	-96.76777772
2143.000000	-54.55946815
2144.000000	22.55719987
2145.000000	-102.10134500
2146.000000	-32.56827146
2147.000000	-34.56610496
2148.000000	90.08876657
2149.000000	-41.86738657
2150.000000	49.16605541
2151.000000	10.04325409
2152.000000	-75.18337062
2153.000000	-128.80246828
2154.000000	-52.15699447
2155.000000	1.72370637
2156.000000	-17.38738882
2157.000000	-2.63380984
2158.000000	37.26491555
2159.000000	14.17209292
2160.000000	27.33369214
2161.000000	5.57399798
2162.000000	97.21376402
2163.000000	2.37787087
2164.000000	-94.54717676
2165.000000	-49.55561586
2166.000000	-82.95871855
2167.000000	19.90801521
2168.000000	-105.35463827
2169.000000	23.49789851
2170.000000	-21.03868924
2171.000000	13.26599944
2172.000000	-44.84202368
2173.000000	-29.90915215
2174.000000	-119.79345630
2175.000000	-104.02568049
2176.000000	-10.99736936
2177.000000	-29.07644012
2178.000000	-14.07601238
2179.000000	-63.08088409
2180.000000	-12.71335197
2181.000000	48.48863207
2182.000000	-31.30087065
2183.000000	30.21635377
2184.000000	2.70954952
2185.000000	-53.75237944
2186.000000	-65.91856449
2187.000000	-64.51212839
2188.000000	-71.09681994
2189.000000	22.76161895
2190.000000	-50.39638413
2191.000000	-60.61423209
2192.000000	-78.52087491
2193.000000	-36.99483882
2194.000000	-108.68427331
2195.000000	51.58043271
2196.000000	-32.29453785
2197.000000	50.00777616
2198.000000	123.94971910
2199.000000	-12.76731154
2200.000000	10.54137894
2201.000000	-35.07241745
2202.000000	-4.95582650
2203.000000	38.58332636
2204.000000	-1.14434851
2205.000000	-37.89073484
2206.000000	-20.02127666
2207.000000	-56.03546592
2208.000000	-55.08151043
2209.000000	-50.90172043
2210.000000	-54.63514132
2211.000000	-45.89790120
2212.000000	11.54507130
2213.000000	-117.42922271
2214.000000	-59.89598219
2215.000000	-34.58550915
2216.000000	-0.14707547
2217.000000	-45.64236191
2218.000000	29.59998142
2219.000000	-70.25815634
2220.000000	-34.34582740
2221.000000	-19.46314626
2222.000000	-15.52145996
2223.000000	-18.45698703
2224.000000	-6.86701878
2225.000000	5.24102080
2226.000000	23.45654245
2227.000000	-0.58335334
2228.000000	-2.06784442
2229.000000	-94.90177281
2230.000000	-41.59554230
2231.000000	98.68416455
2232.000000	13.18538862
2233.000000	-79.77934373
2234.000000	34.40878166
2235.000000	127.86278741
2236.000000	-93.81667533
2237.000000	-28.18565967
2238.000000	43.36454232
2239.000000	4.62570860
2240.000000	-110.66255347
2241.000000	-27.16618774
2242.000000	-119.62677360
2243.000000	49.58241363
2244.000000	105.42972129
2245.000000	26.05469020
2246.000000	38.74226381
2247.000000	50.43477453
2248.000000	15.91840419
2249.000000	-123.36463351
2250.000000	5.83806467
2251.000000	-45.78672058
2252.000000	-149.57320576
2253.000000	52.61234422
2254.000000	28.57518750
2255.000000	102.98450076
2256.000000	63.13009893
2257.000000	-13.66102886
2258.000000	-80.19321134
2259.000000	-27.80153902
2260.000000	-22.29345782
2261.000000	63.97200996
2262.000000	-23.31003507
2263.000000	98.28045029
2264.000000	116.73031397
2265.000000	-22.13874040
2266.000000	-12.94919492
2267.000000	-7.66732799
2268.000000	-95.71523376
2269.000000	113.36670109
2270.000000	1.30764190
2271.000000	-2.94551400
2272.000000	70.74518112
2273.000000	2.86880345
2274.000000	-14.49500883
2275.000000	-65.46915996
2276.000000	-98.23307548
2277.000000	-14.99863187
2278.000000	118.75302790
2279.000000	-37.58724263
2280.000000	18.69317031
2281.000000	-89.08589644
2282.000000	-217.48779512
2283.000000	-34.48494908
2284.000000	58.21980301
2285.000000	-40.25805418
2286.000000	-40.00436530
2287.000000	67.79598517
2288.000000	-32.93334078
2289.000000	-74.17971544
2290.000000	86.09015900
2291.000000	-66.75595389
2292.000000	13.54640541
2293.000000	-23.60154574
2294.000000	36.23894492
2295.000000	-4.26214179
2296.000000	27.01023839
2297.000000	-18.18979593
2298.000000	-75.14392467
2299.000000	-45.47415125
2300.000000	-22.23713128
