# F(k,t) correlation function
# Reference time: 2008.001 ps
# lag_time_ps	F(k,t)
0.000000	523.51707650
1.000000	80.10569919
2.000000	-12.44136096
3.000000	-61.81375322
4.000000	95.69844580
5.000000	42.91776747
6.000000	15.01466987
7.000000	-80.23408255
8.000000	22.02542098
9.000000	23.07658941
10.000000	26.39399045
11.000000	-99.24042624
12.000000	68.10154872
13.000000	-41.51739624
14.000000	-19.02665977
15.000000	-10.52613097
16.000000	90.77673987
17.000000	-36.91433796
18.000000	-30.50992829
19.000000	63.65058215
20.000000	-19.34874242
21.000000	6.37796328
22.000000	-36.58381647
23.000000	-21.16967086
24.000000	-23.44490356
25.000000	-0.09890498
26.000000	-29.13801047
27.000000	-45.40309492
28.000000	74.66931539
29.000000	-24.70286115
30.000000	-142.87031723
31.000000	-7.91760304
32.000000	-18.12963072
33.000000	33.96794728
34.000000	-80.55266354
35.000000	58.69797622
36.000000	121.99423445
37.000000	-0.20988241
38.000000	-56.26328776
39.999000	71.93546783
40.999000	16.83632147
41.999000	26.90851053
42.999000	78.22540626
43.999000	8.56368562
44.999000	1.17009222
45.999000	49.11340131
46.999000	-41.38401630
47.999000	31.53881782
48.999000	-2.85816332
49.999000	61.06806096
50.999000	-66.12652659
51.999000	33.45545462
52.999000	70.13477239
53.999000	10.54537286
54.999000	-46.92786382
55.999000	-92.14706067
56.999000	-39.47271214
57.999000	-56.72123395
58.999000	-70.59274320
59.999000	7.06878550
60.999000	26.90224305
61.999000	35.54110984
62.999000	-13.53029765
63.999000	-27.21090012
64.999000	15.94851653
65.999000	66.27307835
66.999000	-45.91509850
67.999000	-36.83012902
68.999000	-9.02883616
69.999000	100.51833387
70.999000	54.77437700
71.999000	-56.32103678
72.999000	52.69798941
73.999000	38.58307051
74.999000	-27.78856109
75.999000	-36.36254761
76.999000	60.08321762
77.999000	-12.27975129
78.999000	0.60080994
79.999000	-58.16091543
80.999000	90.62249213
81.999000	0.63610963
82.999000	77.62032808
83.999000	-45.21731044
84.999000	34.93308738
85.999000	10.82076667
86.999000	-65.14900927
87.999000	-21.63582637
88.999000	-24.42919817
89.999000	-23.72338875
90.999000	-17.32652064
91.999000	-80.24914327
92.999000	-37.22887464
93.999000	-18.08110013
94.999000	4.81147227
95.999000	-40.47957256
96.999000	9.34414256
97.999000	-74.45121213
98.999000	-80.36381738
99.999000	-15.39992691
100.999000	65.48948869
101.999000	12.47324545
102.999000	115.30785797
103.999000	44.13247188
104.999000	-32.05332873
105.999000	-83.47194525
106.999000	50.74842850
107.999000	8.57442162
108.999000	-32.86392950
109.999000	-48.73708119
110.999000	-29.80419990
111.999000	-15.11936933
112.999000	82.16548375
113.999000	9.43163826
114.999000	80.62306823
115.999000	9.86253009
116.999000	4.74900186
117.999000	-84.63389420
118.999000	-45.04888557
119.999000	-42.55792427
120.999000	23.24676013
121.999000	88.33118555
122.999000	19.59406898
123.999000	-15.89027778
124.999000	-18.44915576
125.999000	51.22964696
126.999000	-43.97795177
127.999000	114.74876253
128.999000	-10.15321061
129.999000	-18.61101557
130.999000	-74.26121320
131.999000	11.48768963
132.999000	30.44046407
133.999000	-70.42203884
134.999000	2.83182992
135.999000	-32.21515967
136.999000	-5.27735465
137.999000	65.11982500
138.999000	-25.07436794
139.999000	-35.14942946
140.999000	53.33744310
141.999000	-6.14290840
142.999000	29.65541183
143.999000	-18.93206828
144.999000	-80.17254245
145.999000	-8.98660254
146.999000	18.23040683
147.999000	40.92383295
148.999000	6.82228253
149.999000	18.24400492
150.999000	34.65199529
151.999000	-48.08641497
152.999000	-77.46432751
153.999000	-52.23268069
154.999000	-52.25342743
155.999000	-36.97411141
156.999000	15.46525683
157.999000	-50.53737636
158.999000	-34.98136125
159.999000	-64.92326441
160.999000	-56.90605331
161.999000	13.54686057
162.999000	-11.69632736
163.999000	-28.00183586
164.999000	-15.44078737
165.999000	9.15114125
166.999000	55.06728353
167.999000	-12.59780821
168.999000	-29.53820607
169.999000	-129.61899627
170.999000	-6.21270536
171.999000	13.98555195
172.999000	0.32667772
173.999000	-36.07875433
174.999000	64.57174054
175.999000	-124.62363822
176.999000	39.59382183
177.999000	-26.38459191
178.999000	-3.96854492
179.999000	-74.91012702
180.999000	66.08032607
181.999000	36.81990989
182.999000	-11.54797286
183.999000	45.76173335
184.999000	67.43437829
185.999000	34.91556454
186.999000	48.26011387
187.999000	60.37885222
188.999000	-80.73306649
189.999000	-13.82585192
190.999000	1.95666529
191.999000	30.66383153
192.999000	-58.17388213
193.999000	39.65158397
194.999000	48.33972568
195.999000	-49.74197074
196.999000	-39.39400083
197.999000	6.65924267
198.999000	-15.47148362
199.999000	-75.74404607
200.999000	-11.46583019
201.999000	15.01851952
202.999000	-55.63751834
203.999000	-20.12524873
204.999000	25.17798360
205.999000	68.75480986
206.999000	72.12850716
207.999000	-72.29581573
208.999000	-13.35862995
209.999000	25.24819096
210.999000	31.26346916
211.999000	-8.22849803
212.999000	-47.83931502
213.999000	-56.65547646
214.999000	-40.51711271
215.999000	75.04054767
216.999000	-22.00295096
217.999000	-14.25462605
218.999000	-28.27628084
219.999000	-53.15539942
220.999000	9.69943927
221.999000	22.07101584
222.999000	-65.08503931
223.999000	49.93260604
224.999000	25.93599033
225.999000	-17.97861476
226.999000	-90.62465432
227.999000	1.66990156
228.999000	-22.95414378
229.999000	-70.73175450
230.999000	-23.21781970
231.999000	97.76270385
232.999000	3.88732143
233.999000	-43.79693786
234.999000	83.86337323
235.999000	38.65459696
236.999000	113.45731191
237.999000	70.74943787
238.999000	6.52533797
239.999000	6.89097432
240.999000	53.61912388
241.999000	18.44939786
242.999000	30.58482936
243.999000	36.25140401
244.999000	75.52741366
245.999000	25.83275812
246.999000	26.40886457
247.999000	14.26321423
248.999000	7.97454531
249.999000	69.36601958
250.999000	57.12745807
251.999000	1.79413023
252.999000	66.03136938
253.999000	33.41927222
254.999000	-75.78988435
255.999000	-20.60175272
256.999000	-3.05069420
257.999000	-59.87518000
258.999000	92.40771386
259.999000	-18.14599549
260.999000	46.88546535
261.999000	-11.54690914
262.999000	68.07136746
263.999000	87.12882310
264.999000	-1.47391721
265.999000	11.75441932
266.999000	-9.14534984
267.999000	-6.21336904
268.999000	14.50354997
269.999000	-33.66575161
270.999000	-13.52463038
271.999000	-1.60257908
272.999000	-55.17285367
273.999000	3.22653887
274.999000	-76.51621077
275.999000	-21.28097883
276.999000	114.37671370
277.999000	106.72038297
278.999000	66.91791558
279.999000	29.70629586
280.999000	-78.36996888
281.999000	-4.14509108
282.999000	-15.51274794
283.999000	12.72964465
284.999000	-29.67854394
285.999000	6.59338206
286.999000	38.85954111
287.999000	17.66395843
288.999000	-47.19220446
289.999000	-23.36748753
290.999000	2.88565227
291.999000	-6.32918115
