# F(k,t) correlation function
# Reference time: 0.000 ps
# lag_time_ps	F(k,t)
0.000000	539.45667574
1.000000	-0.95102161
2.000000	42.01991008
3.000000	-109.19213370
4.000000	4.09963606
5.000000	114.63833692
6.000000	-35.85170292
7.000000	83.84042705
8.000000	-64.41340753
9.000000	-1.74838384
10.000000	-16.57912064
11.000000	60.27065237
12.000000	37.70138113
13.000000	39.73863966
14.000000	2.55375264
15.000000	3.79933524
16.000000	11.90358390
17.000000	51.61690190
18.000000	1.83121834
19.000000	-37.60425054
20.000000	34.79360766
21.000000	-10.00867298
22.000000	194.20120802
23.000000	42.08276433
24.000000	-12.18247300
25.000000	-116.78513839
26.000000	-19.51755434
27.000000	-21.33823066
28.000000	84.53032884
29.000000	-45.74319866
30.000000	43.07443586
31.000000	-10.14434248
32.000000	-6.56417616
33.000000	-6.23030094
34.000000	32.07726737
35.000000	79.51735543
36.000000	-32.56918918
37.000000	-76.11912456
38.000000	9.85144363
39.000000	-34.02126002
40.000000	19.88560177
41.000000	-18.22339845
42.000000	-48.27087869
43.000000	0.67486404
44.000000	-60.99425630
45.000000	112.35901091
46.000000	33.33406968
47.000000	-12.03363592
48.000000	41.18408383
49.000000	28.24961531
50.000000	22.54341652
51.000000	84.02607333
52.000000	12.61951564
53.000000	-12.13972018
54.000000	0.54278185
55.000000	-37.30527883
56.000000	-1.80797159
58.000000	-35.23887084
60.000000	-73.96121475
62.000000	2.47410431
64.000000	-101.54108373
66.000000	34.14896282
68.000000	-123.94709069
70.000000	40.07079257
72.000000	-56.93855476
74.000000	-60.05215685
76.000000	22.75575643
78.000000	39.00817900
80.000000	79.89831169
82.000000	74.72986338
84.000000	7.61791644
86.000000	92.26172843
88.000000	19.48762400
90.000000	24.62026843
92.000000	0.33421108
94.000000	-22.91753398
96.000000	31.26725238
98.000000	32.22823633
100.000000	20.86190772
102.000000	-87.31521790
104.000000	2.40999903
106.000000	59.45007512
108.000000	-73.36002497
110.000000	-51.94949620
112.000000	-1.64916022
114.000000	5.35609076
116.000000	44.53804265
118.000000	-100.20221536
120.000000	26.28203284
122.000000	-53.84784198
124.000000	-53.50487096
126.000000	19.25097320
128.000000	47.77358245
130.000000	27.77768846
132.000000	-3.52459223
134.000000	31.75040190
135.001000	-18.76010363
137.001000	-20.24199879
139.001000	-19.87499928
141.001000	-27.48485869
143.001000	20.36165412
145.001000	-46.62226673
147.001000	-28.16093530
149.001000	22.81681995
151.001000	26.31457293
153.001000	-14.64023182
155.001000	64.40509421
157.001000	45.99041962
159.001000	29.55133776
161.001000	31.81255409
163.001000	2.55910575
165.001000	-53.02857835
167.001000	19.07452845
169.001000	-40.55578873
171.001000	16.85792313
173.001000	-52.44600809
175.001000	70.76068749
177.001000	11.85872277
179.001000	-3.64545177
181.001000	98.34541547
183.001000	-76.72996315
185.001000	27.08992349
187.001000	-21.49108063
189.001000	22.62888240
191.001000	-53.09461538
193.001000	-17.55660130
195.001000	-12.08247494
197.001000	28.72410896
199.001000	-59.27916301
201.001000	-33.11625781
203.001000	-45.96252945
205.001000	32.78389653
207.001000	-82.94451018
209.001000	-8.80228110
211.001000	5.52822466
213.001000	41.85540696
215.001000	-34.43547587
217.001000	-28.69270685
219.001000	-42.74109053
221.001000	42.50648584
223.001000	3.17548430
225.001000	125.04247568
227.001000	1.20713811
229.001000	42.62755241
231.001000	58.36121724
233.001000	-18.10957731
235.001000	7.08953945
237.001000	-133.73202231
239.001000	11.07823701
241.001000	134.25637899
243.001000	56.27059954
245.001000	102.94641877
247.001000	-41.68647691
249.001000	-27.07252055
251.001000	103.31510038
253.001000	70.04849425
255.001000	-32.29169188
257.001000	-4.09972903
259.001000	82.56614309
261.001000	-96.36304654
263.001000	-49.47339066
265.001000	42.21288726
267.001000	-95.70822706
269.001000	-95.15595222
271.001000	64.68701562
273.001000	-1.15373255
275.001000	-35.60577163
277.001000	-90.71133956
279.001000	-32.73980411
281.001000	-20.93413391
283.001000	-51.29717377
285.001000	30.70210581
287.001000	-18.44940631
289.001000	60.70948665
291.001000	116.92922168
293.001000	14.27519869
295.001000	-45.00942977
297.001000	95.72081206
299.001000	75.98699398
301.001000	-94.45526801
303.001000	-44.79599648
305.001000	39.54408497
307.001000	4.01734552
309.001000	22.80854680
311.001000	-65.56093044
313.001000	-36.92801133
315.001000	4.94480875
317.001000	30.55893335
319.001000	0.04597670
321.001000	-71.74354662
323.001000	-25.03616981
325.001000	1.96025414
327.001000	92.05604555
329.001000	-34.43167649
331.001000	-53.10098516
333.001000	-13.01593149
335.001000	51.15255608
337.001000	48.67436631
339.001000	-26.72211572
341.001000	-104.07241509
343.001000	136.74792911
345.001000	104.38074637
347.001000	28.57885608
349.001000	-7.83375852
351.001000	-10.65616515
353.001000	-2.54843480
355.001000	-2.89331332
357.001000	89.09808085
359.001000	66.43556215
361.001000	49.85632209
363.001000	-33.52764925
365.001000	14.21569182
367.001000	45.90851566
369.001000	-55.41059836
371.001000	57.60781591
373.001000	-5.92493034
375.001000	37.50655775
377.001000	15.47759982
379.001000	-80.41308163
381.001000	-35.78894805
383.001000	-39.90299727
385.001000	-3.36788759
387.001000	140.53625778
389.001000	-15.84346114
391.001000	-9.62739340
393.001000	65.27920079
395.001000	10.62002078
397.001000	11.44188511
399.001000	52.64958942
401.001000	-73.57150257
403.001000	-68.28440339
405.001000	-47.69583114
407.001000	77.12233461
409.001000	-35.95366123
411.001000	88.01501663
413.001000	5.02943172
415.001000	-18.35684224
417.001000	55.02061896
419.001000	-73.48427623
421.001000	-52.94994542
423.001000	150.30729526
425.001000	-53.43175580
427.001000	-17.24024287
429.001000	-102.02313562
431.001000	32.31660199
433.001000	-16.98363105
435.001000	-49.52242880
437.001000	-140.93789565
439.001000	-22.03449964
441.001000	30.38735948
443.001000	15.80241782
445.001000	-67.11906917
447.001000	103.45593266
449.001000	2.58882277
451.001000	106.14820368
453.001000	-24.20057081
455.001000	-63.01631802
457.001000	113.34688318
459.001000	7.81513887
461.001000	7.15936198
463.001000	21.69626598
465.001000	-43.89747733
467.001000	-17.99095244
469.001000	-53.65594246
471.001000	-25.82069855
473.001000	-17.04250353
475.001000	-77.14971606
477.001000	41.50742737
479.001000	-4.98938360
481.001000	22.92126586
483.001000	49.55640723
485.001000	35.93096227
487.001000	-6.94679974
489.001000	23.17298681
491.001000	3.58273227
493.001000	17.39920518
495.001000	35.26787986
497.001000	23.02339443
499.001000	-21.15212426
501.001000	12.05154731
503.001000	-44.53964243
505.001000	-3.18378080
507.001000	-30.23070309
509.001000	-4.77410058
511.001000	24.41732528
513.001000	13.48807466
515.001000	97.94811848
517.001000	61.58467948
519.001000	-59.88110563
521.001000	-16.23611091
523.001000	-100.90221499
525.001000	148.44632318
527.001000	-5.48796660
529.001000	13.76621094
531.001000	-11.84661035
533.001000	-104.76215486
535.001000	-62.34907368
537.001000	46.49331609
539.001000	14.51484253
541.001000	-4.02254339
543.001000	23.76917161
545.001000	-3.02657318
547.001000	43.98963037
549.001000	-67.26328990
551.001000	42.93467001
553.001000	17.73100844
555.001000	7.41041292
557.001000	40.77006988
559.001000	-35.57223855
561.001000	-29.57678000
563.001000	-37.64953308
565.001000	-5.33218360
567.001000	-8.20070650
569.001000	-36.15325238
571.001000	-42.09720280
573.001000	7.26927344
575.001000	-35.01099850
577.001000	-63.86278313
579.001000	-74.99720686
581.001000	60.74602156
583.001000	64.65143973
585.001000	-122.92792532
587.001000	-25.02714032
589.001000	-55.66112357
591.001000	-40.54628520
593.001000	-51.25041651
595.001000	-62.45503674
597.001000	-62.51013980
599.001000	85.47653427
601.001000	-37.77813452
603.001000	29.87353169
605.001000	-63.86496982
607.001000	-17.54018112
609.001000	-8.92019281
611.001000	62.34200980
613.001000	12.17709207
615.001000	109.00861582
617.001000	-25.47840861
619.001000	18.07787334
621.001000	-75.22492666
623.001000	9.18256884
625.001000	35.05395992
627.001000	4.16731530
629.001000	-43.30218017
631.001000	15.64854215
633.001000	53.43889116
635.001000	145.67043080
637.001000	33.34965263
639.001000	-62.73996326
641.001000	20.82014636
643.001000	-126.54959841
645.001000	37.08729781
647.001000	-88.49574891
649.001000	-26.90843778
651.001000	27.75108540
653.001000	-28.23868662
655.001000	-4.09664554
657.001000	-72.29170179
659.001000	-34.05144955
661.001000	2.14384549
663.001000	6.99594145
665.001000	43.94418813
667.001000	-2.07209093
669.001000	-30.00182679
671.001000	-13.18563111
673.001000	11.02913598
675.001000	57.15641837
677.001000	11.67896029
679.001000	4.95774616
681.001000	-2.29204733
683.001000	8.98805636
685.001000	85.99872774
687.001000	66.42230873
689.001000	-19.15092665
691.001000	-20.23219336
693.001000	157.40011252
695.001000	-44.07238070
697.001000	-28.80712898
699.001000	70.20338817
701.001000	54.21024861
703.001000	-107.59652238
705.001000	21.22046773
707.001000	-48.28226861
709.001000	-15.47516241
711.001000	-108.78465088
713.001000	27.41077922
715.001000	8.62305214
717.001000	4.47188889
719.001000	-126.66939378
721.001000	14.13318105
723.001000	-28.44172745
725.001000	78.48244073
727.001000	37.67650598
729.001000	79.02713923
731.001000	33.60873417
733.001000	68.34519644
735.001000	8.60591588
737.001000	2.61577998
739.001000	20.02263321
741.001000	28.30037830
743.001000	40.55930173
745.001000	11.68124674
747.001000	68.19299581
749.001000	-18.40729688
751.001000	-16.47982538
753.001000	106.46044258
755.001000	29.71891583
757.001000	15.94180313
759.001000	17.68052522
761.001000	-16.00402533
763.001000	-73.53363839
765.001000	-26.24113727
767.001000	-60.38355557
769.001000	103.21014831
771.001000	-75.15493696
773.001000	-11.13348821
775.001000	34.25946112
777.001000	23.21296862
779.001000	50.83002185
781.001000	91.10046900
783.001000	-122.08535130
785.001000	-13.86259377
787.001000	-120.63540416
789.001000	13.89012027
791.001000	-121.65277784
793.001000	57.40936696
795.001000	85.89034670
797.001000	5.43267696
799.001000	-118.76017017
801.001000	-5.05275792
803.001000	-55.18036860
805.001000	29.80008043
807.001000	-35.81177820
809.001000	-46.05465942
811.001000	-3.96922819
813.001000	-1.39647033
815.001000	84.85676979
817.001000	-8.65104003
819.001000	-60.08073245
821.001000	58.73568485
823.001000	-41.98757862
825.001000	-42.41804427
827.001000	-29.34306943
829.001000	-7.26260101
831.001000	-35.07678260
833.001000	0.27384544
835.001000	23.96075279
837.001000	131.94380971
839.001000	13.19026573
841.001000	49.65270927
843.001000	-10.24286259
845.001000	-13.39337025
847.001000	-10.83258883
849.001000	-47.00471788
851.001000	75.01770762
853.001000	-44.49527816
855.001000	21.92218677
857.001000	16.93676271
859.001000	-10.53019829
861.001000	0.17905517
863.001000	59.54397432
865.001000	30.22807452
867.001000	-36.87871094
869.001000	11.27533387
871.001000	15.59874143
873.001000	-57.06659733
875.001000	-17.76507038
877.001000	-44.50373718
879.001000	-10.25826959
881.001000	57.44175165
883.001000	-94.54080445
885.001000	32.73217120
887.001000	7.26784359
889.001000	-62.54020902
891.001000	-36.32400728
893.001000	-24.34513416
895.001000	-62.35106067
897.001000	-40.42094499
899.001000	-73.37743058
901.001000	-62.22985962
903.001000	6.00221448
905.001000	-70.64093475
907.001000	-27.73236630
909.001000	128.37496386
911.001000	-10.65961676
913.001000	24.28012417
915.001000	4.45443928
917.001000	-101.79882480
919.001000	28.73425922
921.001000	133.64863124
923.001000	-16.40436924
925.001000	55.44901913
927.001000	-13.10819129
929.001000	14.05982325
931.001000	-15.32451579
933.001000	-0.77955373
935.001000	-77.33744026
937.001000	80.72985666
939.001000	79.16771729
941.001000	27.95317379
943.001000	-58.43680931
945.001000	51.53850934
947.001000	-7.47487410
949.001000	-10.53371617
951.001000	7.58005239
953.001000	94.21893236
955.001000	-62.56516932
957.001000	-15.88191094
959.001000	62.07444544
961.001000	9.42086262
963.001000	50.25471848
965.001000	49.12340610
967.001000	32.69081147
969.001000	39.30191233
971.001000	-122.76161155
973.001000	126.99125196
975.001000	15.63824236
977.001000	50.00031306
979.001000	42.36400900
981.001000	81.33946242
983.001000	-22.16876929
985.001000	9.64162699
987.001000	50.67909022
989.001000	-13.91051305
991.001000	0.30209360
993.001000	-50.20781779
995.001000	54.34910642
997.001000	20.60592397
999.001000	-59.37950472
1001.001000	-5.54684764
1003.001000	32.99471064
1005.001000	75.90721186
1007.001000	16.21444494
1009.001000	17.49879056
1011.001000	2.79203450
1013.001000	49.89325744
1015.001000	28.11001449
1017.001000	-38.89816349
1019.001000	44.92249718
1021.001000	6.46357312
1023.001000	35.90653571
1025.001000	83.60855912
1027.001000	-26.84441412
1029.001000	140.50170785
1031.001000	-49.86259481
1033.001000	27.05812802
1035.001000	46.77640601
1037.001000	-4.46172551
1039.001000	51.72895803
1041.001000	55.33559516
1043.001000	45.61231442
1045.001000	-35.98114905
1047.001000	70.02092248
1049.001000	-26.11346658
1051.001000	-4.35209326
1053.001000	-6.98356691
1055.001000	-43.85748032
1057.001000	41.31974173
1059.001000	124.17168369
1061.001000	55.97952587
1063.001000	8.09311485
1065.001000	55.55439563
1067.001000	-43.67845234
1069.001000	119.11411675
1071.001000	100.58211121
1073.001000	19.66541333
1075.001000	25.62471464
1077.001000	4.64694361
1079.001000	58.36324170
1081.001000	-83.48568531
1083.001000	21.79461865
1085.001000	-15.13892564
1087.001000	37.46501959
1089.001000	33.34023073
1091.001000	37.42071992
1093.001000	4.12516511
1095.001000	33.49479344
1097.001000	15.57508419
1099.001000	69.47528107
1101.001000	81.11167776
1103.001000	-68.69938145
1105.001000	21.79805358
1107.001000	-22.96870999
1109.001000	-57.97388040
1111.001000	-27.90937540
1113.001000	-19.42331833
1115.001000	44.02990945
1117.001000	-67.05258211
1119.001000	68.33711859
1121.001000	-79.48837985
1123.001000	22.73973948
1125.001000	15.80005947
1127.001000	-57.71473907
1129.001000	23.33585626
1131.001000	38.88510371
1133.001000	84.80005973
1135.001000	-6.09113368
1137.001000	-90.56591431
1139.001000	29.15194455
1141.001000	55.06764017
1143.001000	16.96205135
1145.001000	-39.64958814
1147.001000	102.09125390
1149.001000	-52.57799212
1151.001000	-79.66194962
1153.001000	-34.41832881
1155.001000	54.04323416
1157.001000	-26.13110305
1159.001000	17.84796959
1161.001000	-10.43181063
1163.001000	-77.22528814
1165.001000	25.10422503
1167.001000	44.62975240
1169.001000	20.37271852
1171.001000	-154.07323263
1173.001000	48.87288760
1175.001000	-9.68682144
1177.001000	-37.86149717
1179.001000	128.53654526
1181.001000	12.68179523
1183.001000	-81.33815560
1185.001000	-98.41335221
1187.001000	125.06554218
1189.001000	55.30428328
1191.001000	-40.34286999
1193.001000	27.81799137
1195.001000	10.94732232
1197.001000	-2.31337726
1199.001000	58.38548385
1201.001000	56.84940954
1203.001000	-47.58598406
1205.001000	38.75885458
1207.001000	-2.48598006
1209.001000	25.01434828
1211.001000	-65.46132185
1213.001000	24.27332453
1215.001000	29.10702439
1217.001000	33.76482912
1219.001000	60.58500745
1221.001000	-59.17192768
1223.001000	23.47854692
1225.001000	7.28102162
1227.001000	38.37139113
1229.001000	104.51660405
1231.001000	-41.09347550
1233.001000	28.34857540
1235.001000	30.05630113
1237.001000	95.78093389
1239.001000	-61.27808563
1241.001000	46.78385227
1243.001000	75.20241232
1245.001000	35.34752560
1247.001000	-49.75044286
1249.001000	-0.11753014
1251.001000	-167.35708260
1253.001000	-1.66717675
1255.001000	57.96425119
1257.001000	-62.16700726
1259.001000	-29.46553529
1261.001000	56.30294525
1263.001000	-23.13650423
1265.001000	94.10900485
1267.001000	31.32637997
1269.001000	-57.49785531
1271.001000	-32.64177993
1273.001000	62.31709248
1275.001000	14.24090033
1277.001000	-15.79329341
1279.001000	66.41980909
1281.001000	54.93267352
1283.001000	-33.15813855
1285.001000	7.14728903
1287.001000	-4.37371842
1289.001000	-107.37896913
1291.001000	-82.45604888
1293.001000	-8.98229453
1295.001000	39.78515611
1297.001000	-28.81476530
1299.001000	42.36912466
1301.001000	93.96490340
1303.001000	-6.47457861
1305.001000	-71.68033772
1307.001000	88.26278073
1309.001000	33.00770467
1311.001000	-4.81903687
1313.001000	-7.62882990
1315.001000	-61.37775606
1317.001000	9.11867137
1319.001000	93.66496597
1321.001000	-12.26047492
1323.001000	-79.00446994
1325.001000	1.29625662
1327.001000	52.23067349
1329.001000	-35.63155474
1331.001000	-44.25908739
1333.001000	47.69769025
1335.001000	46.97685088
1337.001000	32.83558241
1339.001000	56.20299132
1341.001000	18.36657263
1343.001000	69.39674425
1345.001000	-55.32954010
1347.001000	17.67407852
1349.001000	1.41259855
1351.001000	-14.58109168
1353.001000	-57.46305922
1355.001000	-6.09135051
1357.001000	-76.50567140
1359.001000	49.02286108
1361.001000	-43.73015556
1363.001000	30.20663269
1365.001000	41.98999853
1367.001000	24.66935974
1369.001000	-41.18278002
1371.001000	-10.06876696
1373.001000	18.25864033
1375.001000	-57.48411747
1377.001000	-93.88346164
1379.001000	25.60269350
1381.001000	-98.53262154
1383.001000	-109.26161639
1385.001000	-90.47884252
1387.001000	6.09143380
1389.001000	-108.97556747
1391.001000	62.70022315
1393.001000	-5.25309287
1395.001000	51.35601724
1397.001000	3.54224556
1399.001000	53.57676860
1401.001000	-12.94861326
1403.001000	99.99379513
1405.001000	-69.46416826
1407.001000	-36.74514357
1409.001000	-67.15086227
1411.001000	-41.14040965
1413.001000	-20.29095304
1415.001000	75.77806629
1417.001000	0.17841027
1419.001000	-43.24592065
1421.001000	-25.39298745
1423.001000	26.45844929
1425.001000	95.60472782
1427.001000	-34.07360829
1429.001000	-37.82180415
1431.001000	30.54518523
1433.001000	-45.83178863
1435.001000	91.45763699
1437.001000	6.25198589
1439.001000	14.74925710
1441.001000	74.63106882
1443.001000	3.58830119
1445.001000	28.43751634
1447.001000	-38.94235976
1449.001000	-5.69817007
1451.001000	130.16595288
1453.001000	120.53668053
1455.001000	16.32152844
1457.001000	-39.91703830
1459.001000	-47.80312274
1461.001000	1.10062087
1463.001000	1.05481972
1465.001000	-31.43217694
1467.001000	44.64047177
1469.001000	-53.88745525
1471.001000	-35.27684934
1473.001000	98.19070177
1475.001000	-18.25449579
1477.001000	-19.26149874
1479.001000	19.14538825
1481.001000	-19.17184644
1483.001000	27.58920335
1485.001000	20.54480442
1487.001000	-117.04730251
1489.001000	34.13728454
1491.001000	-2.22562063
1493.001000	30.81459186
1495.001000	38.19739023
1497.001000	6.68047902
1499.001000	-30.13673097
1501.001000	51.87093804
1503.001000	9.25600658
1505.001000	60.63662404
1507.001000	1.94591879
1509.001000	-94.01986192
1511.001000	70.53815724
1513.001000	-24.56177637
1515.001000	-52.91914616
1517.001000	-59.29927984
1519.001000	-30.82047557
1521.001000	-14.19638120
1523.001000	54.39585333
1525.001000	7.39016081
1527.001000	2.92066992
1529.001000	99.44516819
1531.001000	-65.01815101
1533.001000	-13.19596220
1535.001000	119.41939282
1537.001000	-121.51598559
1539.001000	54.33312779
1541.001000	15.94384116
1543.001000	66.76358224
1545.001000	38.79542569
1547.001000	38.02292351
1549.001000	78.64595693
1551.001000	-41.65273920
1553.001000	50.94665973
1555.001000	45.02889767
1557.001000	-47.38214283
1559.001000	-51.08271627
1561.001000	-19.26983107
1563.001000	-49.09319021
1565.001000	9.75213138
1567.001000	39.74959098
1569.001000	93.34403612
1571.001000	-27.82271784
1573.001000	43.86170023
1575.001000	-45.35041254
1577.001000	-41.58201681
1579.001000	63.07902793
1581.001000	2.81337115
1583.001000	-21.61472635
1585.001000	77.45134006
1587.001000	-26.77788104
1589.001000	2.90257829
1591.001000	-47.60205812
1593.001000	37.21916812
1595.001000	29.67176786
1597.001000	42.96703630
1599.001000	14.18970266
1601.001000	-73.67787917
1603.001000	-31.11363836
1605.001000	77.46651456
1607.001000	-78.15972533
1609.001000	48.18810200
1611.001000	31.90810632
1613.001000	-79.78606618
1615.001000	97.95724332
1617.001000	55.87443059
1619.001000	30.06277430
1621.001000	18.40091059
1623.001000	4.52733734
1625.001000	19.99012074
1627.001000	5.11684594
1629.001000	-93.38496995
1631.001000	-30.25273863
1633.001000	-21.65539403
1635.001000	-54.99742074
1637.001000	41.26786615
1639.001000	-87.14667699
1641.001000	13.34142019
1643.001000	87.41389330
1645.001000	57.59547413
1647.001000	10.11314572
1649.001000	6.61786998
1651.001000	-11.96390866
1653.001000	14.45618272
1655.001000	-21.25774591
1657.001000	19.44734121
1659.001000	-12.83280684
1661.001000	15.52558456
1663.001000	66.62878317
1665.001000	129.91578884
1667.001000	-35.10520247
1669.001000	-46.63288985
1671.001000	-67.95868039
1673.001000	39.11712639
1675.001000	-72.76770158
1677.001000	-21.33748709
1679.001000	-57.15240489
1681.001000	5.96131001
1683.001000	3.30540196
1685.001000	8.57042879
1687.001000	51.76577742
1689.001000	59.87512318
1691.001000	17.76735415
1693.001000	-96.48641928
1695.001000	87.53088979
1697.001000	-41.03587115
1699.001000	-15.79816819
1701.001000	-4.89671765
1703.001000	23.74960969
1705.001000	-76.84776509
1707.001000	-27.15711614
1709.001000	38.56596783
1711.001000	-23.59401837
1713.001000	-51.81721259
1715.001000	-30.10411909
1717.001000	-10.68881910
1719.001000	-33.61758159
1721.001000	-33.71700035
1723.001000	71.63925994
1725.001000	35.74465978
1727.001000	11.18146756
1729.001000	13.18152870
1731.001000	48.69133990
1733.001000	42.81926515
1735.001000	-92.15244013
1737.001000	-17.57909516
1739.001000	59.28658448
1741.001000	-43.77171279
1743.001000	-131.72321831
1745.001000	22.11830652
1747.001000	-7.05916885
1749.001000	84.45915834
1751.001000	-51.58921901
1753.001000	-6.50084601
1755.001000	-86.18566036
1757.001000	11.03691168
1759.001000	62.42250566
1761.001000	18.60028916
1763.001000	12.79502718
1765.001000	20.64422347
1767.001000	15.33528715
1769.001000	33.29535710
1771.001000	89.11097357
1773.001000	23.83440909
1775.001000	72.45693988
1777.001000	-20.84790422
1779.001000	12.10940724
1781.001000	-38.87897375
1783.001000	-26.03200271
1785.001000	156.88594461
1787.001000	-38.21578248
1789.001000	60.92016192
1791.001000	-35.85414592
1793.001000	-120.82371756
1795.001000	-121.32297715
1797.001000	-68.86121544
1799.001000	18.24559746
1801.001000	-28.76307169
1803.001000	14.20140818
1805.001000	-4.02935401
1807.001000	77.44501059
1809.001000	47.75522907
1811.001000	105.03051886
1813.001000	103.83934248
1815.001000	-60.36616756
1817.001000	24.69122502
1819.001000	56.18527948
1821.001000	92.99339813
1823.001000	69.57875640
1825.001000	57.70972198
1827.001000	82.01028836
1829.001000	-14.51578987
1831.001000	60.20202912
1833.001000	72.02487868
1835.001000	23.21558104
1837.001000	83.91289704
1839.001000	101.93875514
1841.001000	59.50804031
1843.001000	43.32408886
1845.001000	-52.65954477
1847.001000	85.27928128
1849.001000	-16.62885089
1850.001000	-70.05504354
1851.001000	3.91797053
1852.001000	3.50478134
1853.001000	-26.95282526
1854.001000	-106.36379831
1855.001000	34.82369374
1856.001000	63.79920386
1857.001000	-18.57133361
1858.001000	-25.76997704
1859.001000	-10.26042971
1860.001000	3.68741287
1861.001000	-3.02367569
1862.001000	-60.32741870
1863.001000	5.35841703
1864.001000	49.42703859
1865.001000	24.31654387
1866.001000	-21.76351956
1867.001000	-42.67150329
1868.001000	-66.77966647
1869.001000	135.11972102
1870.001000	57.49008753
1871.001000	-79.04314577
1872.001000	-12.98121359
1873.001000	-98.42235348
1874.001000	-17.56580806
1875.001000	-15.50095806
1876.001000	-14.49834693
1877.001000	65.89090649
1878.001000	-3.30896827
1879.001000	139.68769023
1880.001000	14.24094785
1881.001000	41.56324208
1882.001000	-27.13346002
1883.001000	25.27643309
1884.001000	118.80193351
1885.001000	45.36576375
1886.001000	-40.31152380
1887.001000	-18.01503098
1888.001000	-40.52449913
1889.001000	-50.77369841
1890.001000	-30.62589340
1891.001000	-55.65472416
1892.001000	-24.45105145
1893.001000	-15.15746123
1894.001000	7.46466764
1895.001000	9.01909771
1896.001000	103.94909148
1897.001000	-56.58732368
1898.001000	-84.86904105
1899.001000	8.97479977
1900.001000	23.31422233
1901.001000	104.94108501
1902.001000	-50.92918628
1903.001000	27.18449934
1904.001000	-70.45846463
1905.001000	1.61709419
1906.001000	-64.90156747
1907.001000	-55.14534051
1908.001000	-124.97191665
1909.001000	14.51005698
1910.001000	39.75376930
1911.001000	12.34678608
1912.001000	-42.24103479
1913.001000	6.63473233
1914.001000	46.14847218
1915.001000	61.81940039
1916.001000	-65.76864251
1917.001000	-35.22003365
1918.001000	-14.33499506
1919.001000	-152.05177819
1920.001000	8.46304462
1921.001000	126.57730597
1922.001000	56.38771111
1923.001000	-0.54259341
1924.001000	44.86721627
1925.001000	-81.54321172
1926.001000	50.70583725
1927.001000	-53.00364616
1928.001000	34.37071567
1929.001000	-103.29777322
1930.001000	-69.08922942
1931.001000	-41.04918682
1932.001000	26.48781582
1933.001000	10.87503725
1934.001000	-10.53292545
1935.001000	48.80236367
1936.001000	-75.92658193
1937.001000	-11.34759723
1938.001000	76.70911235
1939.001000	-17.31835115
1940.001000	-24.30036056
1941.001000	1.63864427
1942.001000	-53.36799020
1943.001000	-24.38597540
1944.001000	70.35390456
1945.001000	80.94176638
1946.001000	-66.79983524
1947.001000	-57.35911024
1948.001000	85.84639925
1949.001000	-22.89377304
1950.001000	95.90626554
1951.001000	4.17402752
1952.001000	13.29042892
1953.001000	42.82329943
1954.001000	61.94221686
1955.001000	11.86787264
1956.001000	-30.22399222
1957.001000	-129.82069464
1958.001000	-47.72607705
1959.001000	5.74344518
1960.001000	-2.38592176
1961.001000	-8.03645519
1962.001000	-44.49879021
1963.001000	-86.47085279
1964.001000	44.38148321
1965.001000	49.00340970
1966.001000	65.88622318
1967.001000	68.36720820
1968.001000	9.80199595
1969.001000	95.12238522
1970.001000	52.65366941
1971.001000	19.96899033
1972.001000	35.98785370
1973.001000	30.45274014
1974.001000	24.26853178
1975.001000	58.36584111
1976.001000	-39.28738638
1977.001000	-14.01429540
1978.001000	49.28843573
1979.001000	-28.23584544
1980.001000	37.51879212
1981.001000	-158.02899130
1982.001000	9.15079758
1983.001000	99.38924825
1984.001000	-28.92235771
1985.001000	-6.26382362
1986.001000	34.93191940
1987.001000	-5.06106074
1988.001000	15.67082267
1989.001000	-5.53698735
1990.001000	61.08652161
1991.001000	-48.79036197
1992.001000	-59.26671260
1993.001000	-18.23818155
1994.001000	-10.16726925
1995.001000	-44.59078360
1996.001000	-28.93807081
1997.001000	72.22746499
1998.001000	88.51770196
1999.001000	28.80298388
2000.001000	33.51482936
2001.001000	83.15056866
2002.001000	24.34110014
2003.001000	32.35033862
2004.001000	68.27829538
2005.001000	-16.52920900
2006.001000	64.72190282
2007.001000	16.56299900
2008.001000	13.90153764
2009.001000	51.79204705
2010.001000	-42.95994007
2011.001000	42.53520966
2012.001000	20.43458601
2013.001000	-0.37592338
2014.001000	48.12414080
2015.001000	46.95779140
2016.001000	2.13070836
2017.001000	-72.06350214
2018.001000	72.42669635
2019.001000	-24.44482516
2020.001000	44.59865305
2021.001000	-29.73178525
2022.001000	-47.77929555
2023.001000	-11.35055778
2024.001000	16.53879228
2025.001000	-75.50656433
2026.001000	18.12105383
2027.001000	-37.79110224
2028.001000	1.84048332
2029.001000	53.36735598
2030.001000	30.01409380
2031.001000	45.31771509
2032.001000	0.09095716
2033.001000	72.84975368
2034.001000	-48.91701440
2035.001000	-53.64523640
2036.001000	-2.24031958
2037.001000	-3.41782027
2038.001000	106.01946626
2039.001000	-25.04230777
2040.001000	-9.22622757
2041.001000	-59.20086952
2042.001000	60.51102340
2043.001000	-10.07280322
2044.001000	-38.37625164
2045.001000	83.90768404
2046.001000	-6.71747231
2048.000000	6.09524484
2049.000000	46.80601670
2050.000000	-64.47573566
2051.000000	-53.21693470
2052.000000	-98.69757643
2053.000000	37.01600026
2054.000000	86.46359683
2055.000000	75.20988880
2056.000000	103.97053708
2057.000000	55.82615987
2058.000000	-35.52845057
2059.000000	29.29154528
2060.000000	-80.14026611
2061.000000	-34.10705214
2062.000000	-71.16709569
2063.000000	-45.60478297
2064.000000	-64.65477891
2065.000000	1.96960173
2066.000000	107.94537951
2067.000000	0.55472074
2068.000000	28.65869936
2069.000000	104.33721171
2070.000000	-0.49242524
2071.000000	2.67136464
2072.000000	-35.74814956
2073.000000	-32.73313887
2074.000000	-107.34624783
2075.000000	5.61360623
2076.000000	46.09092467
2077.000000	17.00837234
2078.000000	0.49845236
2079.000000	-0.91771451
2080.000000	7.29844736
2081.000000	-23.51082170
2082.000000	-18.49176167
2083.000000	63.89121288
2084.000000	42.69785222
2085.000000	-86.52719338
2086.000000	84.44104159
2087.000000	-89.77848858
2088.000000	100.10399742
2089.000000	25.46400202
2090.000000	75.69945081
2091.000000	141.69609637
2092.000000	78.68898206
2093.000000	109.27277230
2094.000000	3.11475563
2095.000000	-71.92254733
2096.000000	41.70508734
2097.000000	31.41777556
2098.000000	54.08650066
2099.000000	-14.67836604
2100.000000	40.20745449
2101.000000	-1.78573658
2102.000000	-41.13541168
2103.000000	2.46839287
2104.000000	19.41218259
2105.000000	3.10993501
2106.000000	108.24602031
2107.000000	109.33945683
2108.000000	57.55293632
2109.000000	14.68911424
2110.000000	10.82307428
2111.000000	-88.90023508
2112.000000	67.69456997
2113.000000	-14.81236363
2114.000000	-90.76611592
2115.000000	-40.23405232
2116.000000	12.12980077
2117.000000	-77.65359025
2118.000000	98.80434816
2119.000000	40.00366815
2120.000000	-58.64956865
2121.000000	39.52510744
2122.000000	-52.03900570
2123.000000	5.39999150
2124.000000	-125.60773361
2125.000000	62.11144419
2126.000000	2.01690424
2127.000000	-28.12273243
2128.000000	-96.82097472
2129.000000	-25.56036186
2130.000000	-57.77826577
2131.000000	-27.84569116
2132.000000	-36.77128215
2133.000000	99.81970621
2134.000000	16.75269514
2135.000000	8.58457823
2136.000000	-53.77225887
2137.000000	-27.29664775
2138.000000	3.65314615
2139.000000	-28.52691955
2140.000000	53.13304809
2141.000000	71.05428122
2142.000000	101.36464992
2143.000000	-18.81519633
2144.000000	40.57987931
2145.000000	-9.59646460
2146.000000	-98.14419435
2147.000000	-21.07278799
2148.000000	15.58733240
2149.000000	0.70127810
2150.000000	-2.72829553
2151.000000	-32.32482946
2152.000000	-50.25937674
2153.000000	-15.53472684
2154.000000	32.58898309
2155.000000	15.05395595
2156.000000	-45.77163741
2157.000000	-73.01082504
2158.000000	24.55201926
2159.000000	-28.23783869
2160.000000	-30.46934110
2161.000000	50.97621334
2162.000000	7.95065561
2163.000000	-27.86545542
2164.000000	-47.55098562
2165.000000	43.99590610
2166.000000	-36.75098648
2167.000000	32.77451634
2168.000000	18.84739529
2169.000000	80.51001237
2170.000000	-86.28470868
2171.000000	-15.65872022
2172.000000	-60.50971810
2173.000000	5.52145062
2174.000000	6.14327441
2175.000000	-20.23426047
2176.000000	14.28338851
2177.000000	49.68687274
2178.000000	-58.30350416
2179.000000	-29.24856941
2180.000000	22.64699459
2181.000000	26.98319258
2182.000000	64.57494026
2183.000000	19.23675323
2184.000000	-55.56932130
2185.000000	72.24165306
2186.000000	116.09778017
2187.000000	-14.86647933
2188.000000	9.79357644
2189.000000	-46.04397515
2190.000000	43.60718136
2191.000000	-23.43770541
2192.000000	24.97281330
2193.000000	38.67014884
2194.000000	4.14755894
2195.000000	47.86277742
2196.000000	54.14098634
2197.000000	-36.54693711
2198.000000	28.46181152
2199.000000	-82.95491380
2200.000000	-37.67452475
2201.000000	-67.83455980
2202.000000	8.47212085
2203.000000	-5.19728253
2204.000000	23.45585561
2205.000000	64.11324430
2206.000000	10.11112699
2207.000000	-23.13703216
2208.000000	-23.77385955
2209.000000	38.39313933
2210.000000	73.79884556
2211.000000	-33.08696446
2212.000000	-9.26985702
2213.000000	-0.93561521
2214.000000	30.27566424
2215.000000	-21.54876821
2216.000000	54.58694308
2217.000000	-16.17014692
2218.000000	36.15606475
2219.000000	73.82614960
2220.000000	-16.96793958
2221.000000	-20.22370528
2222.000000	10.51635248
2223.000000	-16.94671954
2224.000000	16.22102387
2225.000000	-78.15284578
2226.000000	-77.83618418
2227.000000	-12.99921722
2228.000000	162.16340044
2229.000000	-89.07390635
2230.000000	-110.73052931
2231.000000	-32.04462771
2232.000000	-3.73385321
2233.000000	-29.15185386
2234.000000	108.17357251
2235.000000	-128.16116372
2236.000000	-38.71756237
2237.000000	17.11103499
2238.000000	-64.81622665
2239.000000	-44.86984758
2240.000000	-10.87519155
2241.000000	19.51937188
2242.000000	-53.06062078
2243.000000	65.43869388
2244.000000	63.26131706
2245.000000	17.41380935
2246.000000	-89.57066462
2247.000000	-67.83699710
2248.000000	9.01144046
2249.000000	-17.20910979
2250.000000	15.23187949
2251.000000	-18.08789948
2252.000000	10.13320797
2253.000000	8.59167751
2254.000000	14.75538289
2255.000000	-50.91898977
2256.000000	-62.33852680
2257.000000	46.05583375
2258.000000	-127.85083938
2259.000000	-53.95648142
2260.000000	-80.96100725
2261.000000	-126.79054280
2262.000000	65.16924977
2263.000000	17.99705528
2264.000000	-93.28061561
2265.000000	-9.04956693
2266.000000	-58.24073305
2267.000000	-29.05266980
2268.000000	-59.75723447
2269.000000	18.46732656
2270.000000	81.81936687
2271.000000	-139.08615352
2272.000000	40.22262632
2273.000000	26.11067922
2274.000000	15.16166357
2275.000000	60.04723160
2276.000000	-53.41433893
2277.000000	31.59645369
2278.000000	178.03073112
2279.000000	23.81623710
2280.000000	-24.84703975
2281.000000	-72.66049533
2282.000000	-57.96678256
2283.000000	82.39124632
2284.000000	72.85929981
2285.000000	36.87132949
2286.000000	13.04078025
2287.000000	57.79597925
2288.000000	43.51418373
2289.000000	19.93860085
2290.000000	-58.95626613
2291.000000	20.92895081
2292.000000	-2.68226654
2293.000000	2.39525807
2294.000000	2.05327523
2295.000000	87.72600183
2296.000000	-17.23104179
2297.000000	-20.99825180
2298.000000	-21.69552962
2299.000000	26.05254417
2300.000000	-55.08166885
