# F(k,t) correlation function
# Reference time: 401.001 ps
# lag_time_ps	F(k,t)
0.000000	615.52713343
2.000000	-77.08560737
4.000000	-32.68157184
6.000000	-32.67134698
8.000000	143.67768956
10.000000	65.32838969
12.000000	-18.47624187
14.000000	-68.88165924
16.000000	-61.44438978
18.000000	-57.92405047
20.000000	-25.52052530
22.000000	-6.84103050
24.000000	54.34094415
26.000000	18.91127235
28.000000	140.99127885
30.000000	11.89077116
32.000000	-32.72245634
34.000000	63.47826905
36.000000	2.94435372
38.000000	-31.72738089
40.000000	-22.57089541
42.000000	37.37761459
44.000000	-24.20328350
46.000000	6.21656834
48.000000	70.41207836
50.000000	83.36040717
52.000000	-62.57170539
54.000000	44.13569933
56.000000	18.88971975
58.000000	-4.68070831
60.000000	-45.15329303
62.000000	-7.84845935
64.000000	-37.94097414
66.000000	-79.49069849
68.000000	21.54555917
70.000000	-34.23388116
72.000000	-46.77762896
74.000000	-50.69191843
76.000000	-47.67744749
78.000000	-103.04373359
80.000000	-72.60927897
82.000000	-68.03705680
84.000000	-85.57659532
86.000000	-6.96769796
88.000000	53.74793580
90.000000	46.19579123
92.000000	-72.07531278
94.000000	26.86929313
96.000000	-18.56180712
98.000000	-67.86569514
100.000000	-40.26904151
102.000000	85.49153230
104.000000	-42.95531031
106.000000	71.57313732
108.000000	-48.01111064
110.000000	117.82500280
112.000000	30.63334549
114.000000	33.59226951
116.000000	-91.12786966
118.000000	-43.09954091
120.000000	1.17539293
122.000000	66.95859356
124.000000	26.06364043
126.000000	2.57938527
128.000000	-1.56179144
130.000000	61.17640930
132.000000	-10.05639564
134.000000	35.56060892
136.000000	72.82363598
138.000000	33.28126642
140.000000	-48.79845903
142.000000	-36.73168856
144.000000	30.70528758
146.000000	-31.02924051
148.000000	-114.17490076
150.000000	124.85309091
152.000000	23.88856488
154.000000	101.06811885
156.000000	-96.98848378
158.000000	30.83155975
160.000000	58.04138269
162.000000	-49.48289142
164.000000	-109.08869886
166.000000	171.03860898
168.000000	6.49626003
170.000000	-62.09452387
172.000000	-4.94305886
174.000000	-31.22661316
176.000000	23.50100488
178.000000	67.65815003
180.000000	-65.89334747
182.000000	87.30839452
184.000000	2.08304249
186.000000	-13.36738698
188.000000	35.65011662
190.000000	-56.02003100
192.000000	-54.38921690
194.000000	-31.44407965
196.000000	27.50462723
198.000000	-15.25067615
200.000000	91.38256679
202.000000	55.32801881
204.000000	-64.04925840
206.000000	-91.71932595
208.000000	-35.99204578
210.000000	-41.21846346
212.000000	119.54462131
214.000000	-66.48617327
216.000000	26.96633471
218.000000	28.30747565
220.000000	3.80693725
222.000000	44.25940477
224.000000	60.46582816
226.000000	-92.50859209
228.000000	-66.00651338
230.000000	0.29383943
232.000000	110.72864332
234.000000	10.42338617
236.000000	-31.57810377
238.000000	-30.23657114
240.000000	6.34719222
242.000000	8.92562989
244.000000	47.84987314
246.000000	53.90200485
248.000000	15.19873202
250.000000	-14.93171318
252.000000	-6.20918991
254.000000	21.10022064
256.000000	9.72371227
258.000000	39.72431341
260.000000	-15.37625798
262.000000	-15.06556663
264.000000	28.42945776
266.000000	-73.59853466
268.000000	-23.66729948
270.000000	21.90904151
272.000000	58.32499371
274.000000	-79.62862559
276.000000	-87.85181245
278.000000	-99.49226571
280.000000	-11.84894073
282.000000	4.93911133
284.000000	-12.84580814
286.000000	-15.53996898
288.000000	12.69941660
290.000000	-8.08895288
292.000000	-78.71515036
294.000000	-11.88631969
296.000000	-46.04530874
298.000000	-106.80677432
300.000000	-24.74789647
302.000000	-42.15523178
304.000000	-25.79366993
306.000000	-31.89193901
308.000000	-10.87414449
310.000000	-66.91876786
312.000000	-9.43580090
314.000000	-5.81359519
316.000000	65.31218718
318.000000	8.73693707
320.000000	-32.01488200
322.000000	77.19324867
324.000000	24.53959510
326.000000	-64.44379338
328.000000	-4.97423875
330.000000	-104.99328685
332.000000	19.96704802
334.000000	42.65299480
336.000000	-56.66037192
338.000000	-15.05285860
340.000000	1.35408105
342.000000	-93.74299923
344.000000	9.66427158
346.000000	24.63441812
348.000000	-72.21907884
350.000000	-11.26532027
352.000000	-36.15279013
354.000000	26.81207808
356.000000	13.02629180
358.000000	-11.80737727
360.000000	74.55488528
362.000000	-64.21073427
364.000000	-46.34847823
366.000000	90.57312970
368.000000	-3.52466207
370.000000	-23.97894345
372.000000	46.09452179
374.000000	121.78552898
376.000000	58.11626510
378.000000	74.73603932
380.000000	-8.59051757
382.000000	-37.64455239
384.000000	-88.32105826
386.000000	-71.52714855
388.000000	62.87789903
390.000000	76.72663255
392.000000	48.68254028
394.000000	1.57946565
396.000000	16.30777087
398.000000	13.08935965
400.000000	33.67213333
402.000000	-32.99555243
404.000000	22.61438563
406.000000	-79.54490500
408.000000	48.22729853
410.000000	69.14701204
412.000000	1.99135204
414.000000	36.88054422
416.000000	29.64775018
418.000000	-59.42418573
420.000000	-23.99239382
422.000000	5.98257774
424.000000	43.31331142
426.000000	-23.11869696
428.000000	45.04132702
430.000000	48.64350427
432.000000	25.93648074
434.000000	-96.67339239
436.000000	18.38346826
438.000000	2.92735591
440.000000	68.79175223
442.000000	51.18987282
444.000000	3.99321731
446.000000	-127.37611022
448.000000	29.09673956
450.000000	-44.95365382
452.000000	-116.59705998
454.000000	61.03013471
456.000000	46.13285958
458.000000	-20.69560976
460.000000	-69.43083919
462.000000	18.31017962
464.000000	23.66504067
466.000000	-139.91115394
468.000000	-16.69022394
470.000000	-18.14337552
472.000000	-90.23378090
474.000000	81.01275767
476.000000	-53.17752957
478.000000	-22.16271593
480.000000	21.61979913
482.000000	48.70619985
484.000000	-15.23362589
486.000000	-35.64306791
488.000000	26.91905198
490.000000	-16.03672039
492.000000	-44.74526427
494.000000	34.43105959
496.000000	-35.25702601
498.000000	-15.25475713
500.000000	3.05567706
502.000000	47.31544903
504.000000	-2.84919164
506.000000	107.78013513
508.000000	-37.08691378
510.000000	-30.99088667
512.000000	-12.16634234
514.000000	25.23494912
516.000000	67.98544750
518.000000	-27.22824783
520.000000	0.88560171
522.000000	22.95624685
524.000000	33.30042340
526.000000	-27.95846013
528.000000	38.90025204
530.000000	20.21078056
532.000000	-31.38507285
534.000000	78.24230305
536.000000	-67.47712361
538.000000	-39.79556994
540.000000	114.92941189
542.000000	4.18289036
544.000000	-20.34684725
546.000000	128.60897314
548.000000	48.25825090
550.000000	40.63599440
552.000000	-9.70291102
554.000000	-84.61324937
556.000000	-10.69477604
558.000000	17.66669676
560.000000	80.49855545
562.000000	-15.10364839
564.000000	16.14679899
566.000000	27.83743775
568.000000	-52.48440484
570.000000	-16.17385907
572.000000	-137.04248602
574.000000	-38.44223204
576.000000	-57.85557204
578.000000	-23.94776099
580.000000	-54.35309597
582.000000	83.07048005
584.000000	2.44725653
586.000000	-2.28358584
588.000000	-28.69677929
590.000000	-2.18605217
592.000000	39.15387756
594.000000	84.47341630
596.000000	-10.75584583
598.000000	-32.25214466
600.000000	-30.12841863
602.000000	-111.42210360
604.000000	20.43537899
606.000000	-0.72149721
608.000000	42.28467215
610.000000	-68.65855494
612.000000	75.88361729
614.000000	-103.94654431
616.000000	39.30595162
618.000000	-16.49484281
620.000000	-20.40950965
622.000000	34.46810762
624.000000	27.56190186
626.000000	17.24896376
628.000000	157.20154010
630.000000	-27.65799126
632.000000	25.47232961
634.000000	2.64225840
636.000000	-63.36102342
638.000000	81.67274848
640.000000	-14.99424878
642.000000	-36.61025383
644.000000	21.42112676
646.000000	22.43158566
648.000000	-72.73015274
650.000000	-78.20080132
652.000000	-96.95379050
654.000000	8.67832961
656.000000	-29.88704877
658.000000	-5.65385669
660.000000	-44.64388540
662.000000	-59.62692045
664.000000	-86.93211420
666.000000	-46.64872252
668.000000	-76.91353501
670.000000	-39.79117125
672.000000	25.59614522
674.000000	4.95892406
676.000000	34.91020911
678.000000	-0.87819271
680.000000	-5.17005931
682.000000	-18.12809504
684.000000	10.77354722
686.000000	-43.52120465
688.000000	8.88523686
690.000000	75.12503294
692.000000	22.77517211
694.000000	-1.84235000
696.000000	-22.88703277
698.000000	-20.79218297
700.000000	26.53363460
702.000000	66.21603178
704.000000	-43.97046933
706.000000	7.38243621
708.000000	51.37768122
710.000000	-28.15066479
712.000000	-14.71726793
714.000000	-16.54718765
716.000000	40.05941393
718.000000	-68.62906817
720.000000	57.33589347
722.000000	106.08539043
724.000000	18.25508052
726.000000	143.83342092
728.000000	26.35566921
730.000000	-58.64509217
732.000000	-33.53054646
734.000000	77.30780126
736.000000	-11.54442571
738.000000	-86.95875214
740.000000	-25.19997407
742.000000	-99.33201163
744.000000	30.32587127
746.000000	-10.58410506
748.000000	-82.98517782
750.000000	-99.52475077
752.000000	115.33475228
754.000000	73.45474220
756.000000	-1.87928676
758.000000	-28.49361581
760.000000	-30.83349826
762.000000	-61.23754496
764.000000	-64.51165490
766.000000	3.54732136
768.000000	26.37585962
770.000000	-31.70026163
772.000000	51.86179581
774.000000	-62.42326575
776.000000	-13.18978143
778.000000	-7.82137057
780.000000	-62.38807558
782.000000	15.72233210
784.000000	31.90217409
786.000000	-8.41698271
788.000000	46.46814398
790.000000	114.83194922
792.000000	67.56607900
794.000000	-11.28229762
796.000000	-71.35268351
798.000000	55.82033823
800.000000	-40.55849008
802.000000	-4.46177219
804.000000	49.40997044
806.000000	-81.04345180
808.000000	48.33649428
810.000000	-68.70348884
812.000000	19.94446859
814.000000	70.12001693
816.000000	-66.61909735
818.000000	-26.30424982
820.000000	6.25204917
822.000000	2.98992169
824.000000	-97.49487250
826.000000	-62.96802092
828.000000	-14.39032117
830.000000	-19.71198385
832.000000	-25.26024528
834.000000	-32.05064428
836.000000	51.74783827
838.000000	-52.99364224
840.000000	-56.02852020
842.000000	-37.31487320
844.000000	-29.72756844
846.000000	8.84783002
848.000000	-52.96598646
850.000000	46.59384570
852.000000	34.16714716
854.000000	-7.74706043
856.000000	9.34714798
858.000000	58.32293353
860.000000	13.06624834
862.000000	47.96225098
864.000000	74.07763105
866.000000	-1.79386937
868.000000	-30.59788928
870.000000	-9.23147584
872.000000	-62.78442476
874.000000	-35.35427813
876.000000	-60.93104767
878.000000	-65.48858096
880.000000	82.56822316
882.000000	74.05206782
884.000000	55.71677379
886.000000	16.37918097
888.000000	9.88723516
890.000000	-81.49531501
892.000000	-61.90871439
894.000000	21.83116112
896.000000	-21.49365590
898.000000	16.54787144
900.000000	48.31352751
902.000000	69.68767796
904.000000	20.21207268
906.000000	92.39991981
908.000000	-19.75196563
910.000000	40.49071039
912.000000	95.63938095
914.000000	-3.17060196
916.000000	20.69523454
918.000000	43.13568100
920.000000	-21.07974829
922.000000	-19.87191960
924.000000	-21.11839572
926.000000	-1.77244248
928.000000	66.40952051
930.000000	25.42434401
932.000000	137.27526734
934.000000	-79.30368057
936.000000	22.89417752
938.000000	-81.55872516
940.000000	-56.99752670
942.000000	-39.90516147
944.000000	27.79247778
946.000000	-26.50939176
948.000000	84.51795360
950.000000	-51.00224940
952.000000	-36.61946220
954.000000	-12.33605553
956.000000	7.55442279
958.000000	71.26656357
960.000000	136.13699119
962.000000	31.64431826
964.000000	-28.09441281
966.000000	6.09944866
968.000000	64.49480495
970.000000	-5.52296086
972.000000	-20.28492351
974.000000	-58.75716663
976.000000	-38.88504350
978.000000	-73.64347340
980.000000	92.20418453
982.000000	-26.55568150
984.000000	-126.24017289
986.000000	33.98956717
988.000000	98.13301236
990.000000	110.05836966
992.000000	-111.73772510
994.000000	-10.71859905
996.000000	21.12682023
998.000000	95.14191708
1000.000000	-11.10917787
1002.000000	-59.56313633
1004.000000	34.64986263
1006.000000	62.27942405
1008.000000	99.71826359
1010.000000	38.71678372
1012.000000	8.42343907
1014.000000	-26.50490289
1016.000000	-5.95931394
1018.000000	41.09140630
1020.000000	-18.32797841
1022.000000	27.78931822
1024.000000	-55.82663889
1026.000000	18.19806325
1028.000000	68.59136782
1030.000000	5.25782210
1032.000000	-17.38130937
1034.000000	-37.51676249
1036.000000	37.85278706
1038.000000	-63.16775525
1040.000000	64.60485044
1042.000000	-49.53224803
1044.000000	-37.88813698
1046.000000	-22.85978462
1048.000000	10.77954269
1050.000000	-87.21166234
1052.000000	19.55368749
1054.000000	-48.04518134
1056.000000	-81.69281470
1058.000000	47.69157176
1060.000000	-100.35079837
1062.000000	-30.00135465
1064.000000	-42.76758574
1066.000000	15.05245152
1068.000000	47.07672519
1070.000000	-45.46401620
1072.000000	-31.48778654
1074.000000	-28.82437272
1076.000000	6.07527037
1078.000000	30.31900763
1080.000000	9.06229033
1082.000000	-11.83581672
1084.000000	-11.25181060
1086.000000	-30.32691901
1088.000000	-19.96798107
1090.000000	27.07903378
1092.000000	4.79566350
1094.000000	-2.11094145
1096.000000	-40.08396096
1098.000000	35.54795489
1100.000000	-110.10570633
1102.000000	-58.22112796
1104.000000	-17.80100818
1106.000000	-10.61244963
1108.000000	-52.71818985
1110.000000	22.05358804
1112.000000	-48.45448708
1114.000000	-62.83198453
1116.000000	60.20328468
1118.000000	31.43743817
1120.000000	22.64341722
1122.000000	-14.54588765
1124.000000	43.18355137
1126.000000	59.34436442
1128.000000	76.93657004
1130.000000	35.66476715
1132.000000	13.46932983
1134.000000	6.50867311
1136.000000	-29.22098922
1138.000000	-50.82863241
1140.000000	89.03954463
1142.000000	-18.89510257
1144.000000	28.39221566
1146.000000	-96.21700123
1148.000000	-73.98028594
1150.000000	-16.32267271
1152.000000	74.62609614
1154.000000	-48.45562597
1156.000000	32.12809553
1158.000000	-37.43427068
1160.000000	43.11300275
1162.000000	-36.51100112
1164.000000	51.92228720
1166.000000	88.56441583
1168.000000	-25.94344030
1170.000000	-15.56650503
1172.000000	44.72406363
1174.000000	37.99274492
1176.000000	-11.39477620
1178.000000	-83.92446500
1180.000000	113.14198062
1182.000000	-69.88353326
1184.000000	-96.93381262
1186.000000	-8.10160757
1188.000000	56.88493176
1190.000000	49.04577246
1192.000000	56.73629300
1194.000000	-10.71779879
1196.000000	143.60023819
1198.000000	-69.43115397
1200.000000	-76.41208857
1202.000000	23.08991517
1204.000000	118.22806184
1206.000000	16.20450249
1208.000000	-50.28096359
1210.000000	40.95957193
1212.000000	81.61297410
1214.000000	-86.30200453
1216.000000	-24.98605249
1218.000000	16.28864471
1220.000000	3.87423942
1222.000000	-19.05692762
1224.000000	-32.39860312
1226.000000	10.24970245
1228.000000	-34.04786895
1230.000000	-88.17768028
1232.000000	121.16969675
1234.000000	-21.23614213
1236.000000	-43.00544696
1238.000000	73.15813157
1240.000000	7.88783840
1242.000000	-4.92448569
1244.000000	-109.89651839
1246.000000	79.18617890
1248.000000	-92.47693232
1250.000000	-70.78268432
1252.000000	-73.93257344
1254.000000	-46.09716950
1256.000000	-154.23636458
1258.000000	74.82669815
1260.000000	-60.91542835
1262.000000	-59.93282360
1264.000000	55.81572873
1266.000000	76.72833188
1268.000000	-7.11939840
1270.000000	9.30317282
1272.000000	22.63169731
1274.000000	4.09139311
1276.000000	-56.31746470
1278.000000	-58.79542859
1280.000000	-80.04991091
1282.000000	43.96512248
1284.000000	-73.75927872
1286.000000	47.19875954
1288.000000	-50.73385143
1290.000000	-60.93394840
1292.000000	-27.16456865
1294.000000	51.29860184
1296.000000	-11.92178368
1298.000000	-61.13975696
1300.000000	-15.02203208
1302.000000	15.42159206
1304.000000	-32.90092460
1306.000000	-0.20376283
1308.000000	75.85026919
1310.000000	-5.83153057
1312.000000	-42.63208857
1314.000000	-68.39767399
1316.000000	31.68441988
1318.000000	59.09186596
1320.000000	-75.31371185
1322.000000	-12.09384324
1324.000000	49.54084662
1326.000000	-21.41772869
1328.000000	117.60241076
1330.000000	-34.64226347
1332.000000	0.21229556
1334.000000	-48.45430108
1336.000000	-23.58245915
1338.000000	79.30349593
1340.000000	113.69243891
1342.000000	21.00967880
1344.000000	54.07027012
1346.000000	68.29477866
1348.000000	-93.09621095
1350.000000	-36.38109873
1352.000000	13.79893110
1354.000000	-16.40325283
1356.000000	64.45693493
1358.000000	44.27734327
1360.000000	58.98721687
1362.000000	83.50898670
1364.000000	-9.93060305
1366.000000	19.14674633
1368.000000	-36.98496544
1370.000000	-11.71045112
1372.000000	31.86387339
1374.000000	3.81279842
1376.000000	-36.76304710
1378.000000	-59.41547635
1380.000000	148.17194384
1382.000000	-34.43549279
1384.000000	-52.19059541
1386.000000	-3.22559765
1388.000000	50.13396262
1390.000000	-98.29052928
1392.000000	-162.76991730
1394.000000	-20.29311007
1396.000000	48.83267878
1398.000000	21.15113993
1400.000000	-141.31417370
1402.000000	49.02103743
1404.000000	61.94939943
1406.000000	33.31120949
1408.000000	2.42984978
1410.000000	-26.75209758
1412.000000	47.45419862
1414.000000	-74.23232615
1416.000000	-49.38893548
1418.000000	8.46909983
1420.000000	-7.91265921
1422.000000	28.82256656
1424.000000	-36.46176629
1426.000000	11.65350470
1428.000000	-93.01379816
1430.000000	-45.83960204
1432.000000	9.32808930
1434.000000	-13.06299292
1436.000000	-69.43441372
1438.000000	58.08886713
1440.000000	-23.21019815
1442.000000	-2.32401069
1444.000000	-101.08882876
1446.000000	72.69881194
1448.000000	-39.14122687
1449.000000	-6.74687362
1450.000000	23.50695222
1451.000000	-46.50817437
1452.000000	42.77805818
1453.000000	-63.17387444
1454.000000	60.07905814
1455.000000	-4.40554678
1456.000000	-38.29452699
1457.000000	-18.23847144
1458.000000	170.34241760
1459.000000	6.76969244
1460.000000	-96.88346852
1461.000000	-4.09858348
1462.000000	-57.27119814
1463.000000	17.31248471
1464.000000	73.70410816
1465.000000	92.35707668
1466.000000	-13.23751771
1467.000000	31.86895181
1468.000000	23.40287433
1469.000000	9.72494211
1470.000000	-65.31530904
1471.000000	-25.42061394
1472.000000	96.73338976
1473.000000	-54.77169057
1474.000000	-22.93809301
1475.000000	72.36697414
1476.000000	9.74676128
1477.000000	45.90621876
1478.000000	20.08050670
1479.000000	-10.64062491
1480.000000	-3.23206778
1481.000000	-14.71956695
1482.000000	3.26748444
1483.000000	68.44497588
1484.000000	-116.55329519
1485.000000	92.08707373
1486.000000	58.19780114
1487.000000	9.70794430
1488.000000	-25.63096988
1489.000000	-48.37916931
1490.000000	77.01310157
1491.000000	-78.78954814
1492.000000	-12.82100346
1493.000000	-31.70019525
1494.000000	26.90058033
1495.000000	-45.83572301
1496.000000	13.12336655
1497.000000	92.20189534
1498.000000	-34.86613678
1499.000000	40.78915895
1500.000000	-1.71674933
1501.000000	-36.33017537
1502.000000	16.25557597
1503.000000	76.46439630
1504.000000	-89.21403588
1505.000000	75.67902623
1506.000000	-64.33511000
1507.000000	-73.70171278
1508.000000	51.32507796
1509.000000	-79.69941283
1510.000000	-1.99893447
1511.000000	-10.95391616
1512.000000	9.58476897
1513.000000	96.80470662
1514.000000	28.07304778
1515.000000	105.74721217
1516.000000	-47.37320265
1517.000000	35.81284111
1518.000000	55.66670281
1519.000000	93.51874131
1520.000000	24.29835669
1521.000000	2.75820625
1522.000000	-41.62542833
1523.000000	-39.64693569
1524.000000	-113.66336002
1525.000000	55.19279792
1526.000000	-46.53173826
1527.000000	-23.58335568
1528.000000	131.81039019
1529.000000	58.64161944
1530.000000	-44.43077731
1531.000000	-8.55421245
1532.000000	-63.68443008
1533.000000	-83.67213754
1534.000000	-54.53347858
1535.000000	-80.73957334
1536.000000	41.77930891
1537.000000	-6.99174287
1538.000000	-7.69327615
1539.000000	-6.95197667
1540.000000	0.85406461
1541.000000	37.10486699
1542.000000	-78.01950280
1543.000000	-22.73557210
1544.000000	9.17452985
1545.000000	-28.22060699
1546.000000	-33.03733460
1547.000000	89.35273462
1548.000000	-50.75854310
1549.000000	-22.90895327
1550.000000	134.41165229
1551.000000	-44.20959552
1552.000000	1.66130349
1553.000000	10.01171864
1554.000000	10.74900448
1555.000000	19.57322561
1556.000000	69.32027529
1557.000000	29.96652562
1558.000000	25.61058637
1559.000000	52.84371186
1560.000000	4.43867307
1561.000000	-21.32110881
1562.000000	-0.75766255
1563.000000	64.91296436
1564.000000	-43.62902608
1565.000000	73.87402811
1566.000000	-96.80764585
1567.000000	-98.68714549
1568.000000	3.83206421
1569.000000	29.20020916
1570.000000	34.84461006
1571.000000	-4.66545472
1572.000000	-1.40406403
1573.000000	-31.90647525
1574.000000	57.27993803
1575.000000	-17.49738323
1576.000000	-41.37495388
1577.000000	73.44373496
1578.000000	-72.94727264
1579.000000	58.90231690
1580.000000	-5.24281702
1581.000000	-31.80619894
1582.000000	-79.47288405
1583.000000	-11.02432640
1584.000000	17.44832495
1585.000000	19.65845449
1586.000000	-143.22790074
1587.000000	17.24816734
1588.000000	-59.15620951
1589.000000	46.76170172
1590.000000	-11.43894584
1591.000000	94.60642299
1592.000000	-10.13353932
1593.000000	-9.31015382
1594.000000	-23.35474951
1595.000000	-25.48610459
1596.000000	-24.84351576
1597.000000	1.88480408
1598.000000	-78.12312360
1599.000000	4.95135152
1600.000000	-20.42769907
1601.000000	29.38149790
1602.000000	-55.26261874
1603.000000	-48.38646591
1604.000000	69.10969477
1605.000000	-24.68006374
1606.000000	-108.68977119
1607.000000	-9.99882104
1608.000000	-81.08262424
1609.000000	-48.81943790
1610.000000	-47.58948706
1611.000000	78.77667714
1612.000000	27.65488493
1613.000000	-70.43747372
1614.000000	73.13028938
1615.000000	-31.67360953
1616.000000	-5.00181800
1617.000000	-24.61239570
1618.000000	5.99365956
1619.000000	-12.94220057
1620.000000	-63.53697356
1621.000000	-62.47094658
1622.000000	105.02037888
1623.000000	-46.58832084
1624.000000	34.94014370
1625.000000	-27.77845103
1626.000000	-28.71274384
1627.000000	40.30028809
1628.000000	70.96877235
1629.000000	10.02387828
1630.000000	85.29086592
1631.000000	-3.32034616
1632.000000	-19.40654277
1633.000000	47.20285730
1634.000000	-66.16202429
1635.000000	-115.05687947
1636.000000	-38.34997723
1637.000000	-47.75121031
1638.000000	-23.85988425
1639.000000	18.85247922
1640.000000	14.92458449
1641.000000	14.95705990
1642.000000	-32.83821652
1643.000000	-40.59852363
1644.000000	-81.26504202
1645.000000	68.48446461
1646.999000	-23.82044337
1647.999000	-83.87116087
1648.999000	-9.74889196
1649.999000	-79.03460053
1650.999000	-14.39413801
1651.999000	-111.10165991
1652.999000	-59.31069577
1653.999000	54.76805640
1654.999000	-64.79284808
1655.999000	43.84054747
1656.999000	49.49872216
1657.999000	-29.46057391
1658.999000	6.97491542
1659.999000	-79.09412256
1660.999000	68.45972895
1661.999000	-16.09721157
1662.999000	-166.69112446
1663.999000	-26.91410463
1664.999000	53.64136096
1665.999000	-126.01059074
1666.999000	-23.54698862
1667.999000	-45.60012940
1668.999000	33.08621041
1669.999000	49.17221845
1670.999000	24.60743142
1671.999000	140.44667891
1672.999000	-34.03090785
1673.999000	20.66395973
1674.999000	-99.95641259
1675.999000	-3.88269154
1676.999000	58.91111649
1677.999000	9.02055317
1678.999000	-48.24151125
1679.999000	39.75801713
1680.999000	18.60433501
1681.999000	-14.07682400
1682.999000	-67.86197140
1683.999000	-20.85195395
1684.999000	80.16302961
1685.999000	-8.79471181
1686.999000	31.06443418
1687.999000	86.77207658
1688.999000	36.90539416
1689.999000	58.46048123
1690.999000	-123.17935510
1691.999000	125.01862973
1692.999000	-55.70863523
1693.999000	36.35861968
1694.999000	-0.15391145
1695.999000	16.44607805
1696.999000	-73.37825506
1697.999000	13.75875281
1698.999000	-21.09891299
1699.999000	40.03523886
1700.999000	40.00367197
1701.999000	23.78294475
1702.999000	30.09676920
1703.999000	17.92725728
1704.999000	90.34524131
1705.999000	-28.04078958
1706.999000	-108.47582316
1707.999000	-33.62067636
1708.999000	15.41520724
1709.999000	-11.84380850
1710.999000	38.00338136
1711.999000	-110.60961301
1712.999000	27.78971466
1713.999000	17.10172459
1714.999000	-30.88531092
1715.999000	29.46764861
1716.999000	-5.97176194
1717.999000	-74.46832464
1718.999000	32.28415917
1719.999000	71.65153993
1720.999000	-38.88582906
1721.999000	-60.65528348
1722.999000	-69.17628522
1723.999000	-22.21169708
1724.999000	-12.67727625
1725.999000	73.07344033
1726.999000	-26.37189951
1727.999000	-12.61141547
1728.999000	21.74011118
1729.999000	-26.55900473
1730.999000	49.48141730
1731.999000	11.48302744
1732.999000	-95.92315585
1733.999000	39.31842323
1734.999000	-12.88801062
1735.999000	27.79478740
1736.999000	30.02330358
1737.999000	0.64354399
1738.999000	-21.26266309
1739.999000	-93.47141997
1740.999000	2.30983612
1741.999000	-11.22173944
1742.999000	43.38428603
1743.999000	-25.76200836
1744.999000	20.46779172
1745.999000	-91.81804222
1746.999000	-73.56017587
1747.999000	13.45026951
1748.999000	-71.28449738
1749.999000	-96.37442429
1750.999000	-41.68021518
1751.999000	-12.53206753
1752.999000	65.19238084
1753.999000	56.41772333
1754.999000	-19.91733644
1755.999000	58.62628340
1756.999000	-9.08228455
1757.999000	-27.70481901
1758.999000	39.23839093
1759.999000	14.95223317
1760.999000	97.95708451
1761.999000	-6.40544155
1762.999000	-70.88532643
1763.999000	-29.48194568
1764.999000	15.45997796
1765.999000	-44.80945759
1766.999000	-20.13088779
1767.999000	-58.56767259
1768.999000	-46.81701502
1769.999000	-44.61014153
1770.999000	24.84625445
1771.999000	-57.74621361
1772.999000	14.46465873
1773.999000	0.33918656
1774.999000	62.67437328
1775.999000	-67.23352749
1776.999000	14.42579015
1777.999000	-49.26868954
1778.999000	-9.72164854
1779.999000	-52.18589467
1780.999000	90.00665342
1781.999000	52.08740313
1782.999000	-19.03168553
1783.999000	-58.70721313
1784.999000	68.23120914
1785.999000	5.11143947
1786.999000	83.28059721
1787.999000	-65.00338848
1788.999000	-63.14926127
1789.999000	18.81074604
1790.999000	39.59138805
1791.999000	-0.55488544
1792.999000	11.29801687
1793.999000	-51.48302494
1794.999000	-53.84848104
1795.999000	-8.14336862
1796.999000	6.75327907
1797.999000	-46.94324797
1798.999000	54.79551558
1799.999000	35.24786151
1800.999000	-50.17765489
1801.999000	14.98852563
1802.999000	-4.15615890
1803.999000	29.49413802
1804.999000	-57.01541660
1805.999000	78.79917623
1806.999000	-37.90635722
1807.999000	-15.91887956
1808.999000	-47.25612400
1809.999000	31.91392919
1810.999000	6.12726104
1811.999000	-11.58864547
1812.999000	45.64170061
1813.999000	14.64024539
1814.999000	-47.58060812
1815.999000	-133.72860211
1816.999000	4.56995971
1817.999000	-61.77690435
1818.999000	15.33134063
1819.999000	86.95721982
1820.999000	-13.76785981
1821.999000	21.55012394
1822.999000	4.95160753
1823.999000	-79.98481372
1824.999000	-37.55468100
1825.999000	-28.36402762
1826.999000	2.25011793
1827.999000	4.97564730
1828.999000	76.54333605
1829.999000	-59.39874109
1830.999000	17.59455600
1831.999000	-68.63797411
1832.999000	69.38892144
1833.999000	-52.58104524
1834.999000	18.85427048
1835.999000	-60.27986309
1836.999000	-48.89828258
1837.999000	-108.31821401
1838.999000	-43.58403803
1839.999000	-56.89230035
1840.999000	-32.03903677
1841.999000	89.57862947
1842.999000	-78.90516879
1843.999000	29.76612485
1844.999000	7.39400007
1845.999000	97.58365475
1846.999000	38.27126859
1847.999000	92.61859911
1848.999000	50.52784434
1849.999000	30.83726971
1850.999000	37.07100304
1851.999000	45.16585912
1852.999000	-127.62203463
1853.999000	100.71536468
1854.999000	38.61340805
1855.999000	27.08205505
1856.999000	-117.09958394
1857.999000	13.16629522
1858.999000	36.00223993
1859.999000	-43.91029539
1860.999000	39.58914088
1861.999000	-2.95646535
1862.999000	-64.14557122
1863.999000	117.48822073
1864.999000	-7.98493045
1865.999000	61.59438770
1866.999000	-80.42403861
1867.999000	24.71671441
1868.999000	-33.16872584
1869.999000	-91.39167260
1870.999000	57.72808829
1871.999000	-21.21134513
1872.999000	47.50221523
1873.999000	106.51814624
1874.999000	-74.27147497
1875.999000	-78.51982105
1876.999000	29.01051030
1877.999000	-50.47970409
1878.999000	16.28070682
1879.999000	115.19979640
1880.999000	-112.27495557
1881.999000	-69.87506862
1882.999000	130.00138353
1883.999000	-10.54170243
1884.999000	120.57598128
1885.999000	32.96125172
1886.999000	-69.04060842
1887.999000	-19.59701833
1888.999000	-84.57980071
1889.999000	52.92177913
1890.999000	21.07888899
1891.999000	20.49407368
1892.999000	-5.27106229
1893.999000	69.95631789
1894.999000	-5.51071084
1895.999000	-74.20396788
1896.999000	-39.07186927
1897.999000	40.79995859
1898.999000	-3.74717546
