# F(k,t) correlation function
# Reference time: 2008.001 ps
# lag_time_ps	F(k,t)
0.000000	434.42192150
1.000000	6.59366051
2.000000	-54.05358576
3.000000	-21.01269330
4.000000	-31.98903903
5.000000	57.63269179
6.000000	21.49706847
7.000000	-20.63617313
8.000000	64.70352583
9.000000	13.45285811
10.000000	-69.76623556
11.000000	-77.53603857
12.000000	-14.89105939
13.000000	-17.33985480
14.000000	-12.90833295
15.000000	31.93656786
16.000000	-8.76887973
17.000000	55.74997920
18.000000	40.10591120
19.000000	-45.95292361
20.000000	-12.23105943
21.000000	-3.30052650
22.000000	69.26665898
23.000000	-55.97477803
24.000000	-25.30569860
25.000000	-20.78966686
26.000000	46.85191720
27.000000	28.72045232
28.000000	-73.57209560
29.000000	17.18155605
30.000000	-43.21051218
31.000000	29.72264423
32.000000	-25.86177303
33.000000	-15.33230321
34.000000	-14.08329172
35.000000	11.21962553
36.000000	-31.81535172
37.000000	-30.64953998
38.000000	66.82335130
39.999000	-45.34389037
40.999000	-4.04550444
41.999000	43.25990612
42.999000	15.28179739
43.999000	-68.68359558
44.999000	36.79025079
45.999000	-95.73606658
46.999000	16.10796839
47.999000	-57.43497624
48.999000	-16.88030788
49.999000	51.49280883
50.999000	21.18859479
51.999000	63.76378236
52.999000	37.01406256
53.999000	-100.38973485
54.999000	-70.78635743
55.999000	-11.65839461
56.999000	-23.47308764
57.999000	77.12511428
58.999000	-11.11659106
59.999000	18.50666381
60.999000	69.83516183
61.999000	54.03298418
62.999000	-12.21692995
63.999000	-21.55429639
64.999000	17.47747386
65.999000	1.34463859
66.999000	-17.75324433
67.999000	45.72383803
68.999000	-84.60814652
69.999000	4.66403023
70.999000	-39.66685354
71.999000	-88.26695112
72.999000	23.08016137
73.999000	-45.82918489
74.999000	-60.89697864
75.999000	-30.49775133
76.999000	-39.16608546
77.999000	-58.66437262
78.999000	38.12049243
79.999000	-42.25144804
80.999000	-9.86477881
81.999000	83.87110642
82.999000	93.48634025
83.999000	3.66698756
84.999000	11.76844072
85.999000	-35.42924214
86.999000	-86.08987279
87.999000	46.12447592
88.999000	62.77067236
89.999000	26.35542300
90.999000	-128.01520840
91.999000	39.24735736
92.999000	8.85515097
93.999000	-26.64864028
94.999000	36.39159577
95.999000	-3.91609848
96.999000	-19.45107152
97.999000	21.64971918
98.999000	-39.45851196
99.999000	-26.08363857
100.999000	37.82803555
101.999000	56.71184196
102.999000	-1.77317907
103.999000	39.47901647
104.999000	-66.65957078
105.999000	-100.49742146
106.999000	-68.01238592
107.999000	-63.39443461
108.999000	-1.89468888
109.999000	-8.53170154
110.999000	-29.92682614
111.999000	-62.74957825
112.999000	16.59171675
113.999000	103.78468341
114.999000	-64.61809069
115.999000	7.37423365
116.999000	-98.78956900
117.999000	-53.08337644
118.999000	35.33072044
119.999000	89.96386073
120.999000	-104.62638868
121.999000	-8.00014736
122.999000	59.75531184
123.999000	15.51824242
124.999000	-23.72019698
125.999000	-12.34870381
126.999000	-18.91642740
127.999000	-75.68341004
128.999000	-47.26119579
129.999000	41.90744268
130.999000	-99.30825887
131.999000	-21.85253986
132.999000	37.04725547
133.999000	-10.69131435
134.999000	1.91946440
135.999000	-67.60539751
136.999000	-60.71476256
137.999000	-3.91742462
138.999000	50.42601841
139.999000	-18.49264692
140.999000	-51.16538715
141.999000	28.19175100
142.999000	-3.71128746
143.999000	44.00679613
144.999000	-26.14780004
145.999000	26.15657117
146.999000	37.01656355
147.999000	30.27641864
148.999000	35.26841496
149.999000	-35.35760011
150.999000	-27.59123112
151.999000	40.87771500
152.999000	2.49301483
153.999000	-8.34962067
154.999000	8.03873208
155.999000	9.72462295
156.999000	-25.74124928
157.999000	65.52806161
158.999000	-79.10709018
159.999000	-19.05780441
160.999000	31.76348971
161.999000	9.77566988
162.999000	31.68720985
163.999000	16.68543739
164.999000	-10.69211260
165.999000	12.48263878
166.999000	-41.98945455
167.999000	-47.32197168
168.999000	54.01193242
169.999000	-44.39376977
170.999000	22.24218826
171.999000	2.25981980
172.999000	-100.01707481
173.999000	-40.68374004
174.999000	-13.31343604
175.999000	12.20576844
176.999000	69.54854102
177.999000	47.52910726
178.999000	-18.23137686
179.999000	-41.23878405
180.999000	-26.48216747
181.999000	-41.28783267
182.999000	23.70869429
183.999000	35.40013486
184.999000	-7.50204382
185.999000	51.35681344
186.999000	47.08667143
187.999000	-4.39524173
188.999000	-73.01635674
189.999000	-6.08960616
190.999000	-30.36463581
191.999000	25.56095564
192.999000	23.92031631
193.999000	76.91834041
194.999000	87.13647607
195.999000	-33.35609753
196.999000	13.68437656
197.999000	36.08312170
198.999000	-45.11899931
199.999000	16.67741246
200.999000	16.55043415
201.999000	29.36035666
202.999000	75.01983646
203.999000	113.37467685
204.999000	-33.59341888
205.999000	-41.08632112
206.999000	-44.80704330
207.999000	11.53762089
208.999000	-0.79360728
209.999000	32.47386406
210.999000	116.22332356
211.999000	-82.36661433
212.999000	51.09464898
213.999000	38.06204727
214.999000	-10.67614764
215.999000	-15.48260532
216.999000	69.17600278
217.999000	17.29178569
218.999000	-44.99237844
219.999000	25.68137619
220.999000	39.53546273
221.999000	-40.73905822
222.999000	1.93607450
223.999000	19.02929955
224.999000	63.15426109
225.999000	-47.37460207
226.999000	-34.09445768
227.999000	26.44477602
228.999000	-18.99533083
229.999000	-5.39333070
230.999000	-28.55731700
231.999000	51.91870464
232.999000	-29.03953948
233.999000	-55.72186762
234.999000	90.92771769
235.999000	-40.91188839
236.999000	52.99338355
237.999000	-49.27935171
238.999000	41.94838330
239.999000	73.19050682
240.999000	63.07886084
241.999000	46.86214445
242.999000	-71.07551818
243.999000	72.25370484
244.999000	79.15586182
245.999000	-8.45612097
246.999000	5.36246310
247.999000	-30.26778848
248.999000	33.48336755
249.999000	-3.11325348
250.999000	-24.03777220
251.999000	30.48938131
252.999000	70.94793086
253.999000	-83.92323423
254.999000	-35.36225745
255.999000	-67.88714287
256.999000	-8.26454631
257.999000	-51.43406917
258.999000	15.72556600
259.999000	3.39726173
260.999000	8.21123754
261.999000	32.16152601
262.999000	56.72412543
263.999000	-24.88181550
264.999000	-2.05053607
265.999000	35.63993562
266.999000	40.63480269
267.999000	-98.28243139
268.999000	16.89663604
269.999000	87.22097129
270.999000	38.36608683
271.999000	85.91921474
272.999000	4.98249366
273.999000	-83.12883981
274.999000	-16.24778595
275.999000	-45.84559310
276.999000	68.77866258
277.999000	-32.24180597
278.999000	-73.86746995
279.999000	-0.52945972
280.999000	57.36399917
281.999000	23.71471249
282.999000	2.35993145
283.999000	60.69362243
284.999000	101.85342612
285.999000	-19.48594357
286.999000	102.95721618
287.999000	-4.10058853
288.999000	18.88509634
289.999000	12.72980569
290.999000	69.79640966
291.999000	-73.60587397
