# F(k,t) correlation function
# Reference time: 1004.001 ps
# lag_time_ps	F(k,t)
0.000000	433.27788340
1.000000	-4.55095750
3.000000	42.76431613
5.000000	-3.47594002
7.000000	-32.95450796
9.000000	-35.56512971
11.000000	-10.13412113
13.000000	-72.33084350
15.000000	-12.39102828
17.000000	41.93766575
19.000000	-52.29732161
21.000000	-27.76717329
23.000000	43.99111297
25.000000	-91.18408785
27.000000	64.60743454
29.000000	-75.76784564
31.000000	84.47579933
33.000000	-17.62635456
35.000000	7.56066490
37.000000	51.12491802
39.000000	33.12479988
41.000000	18.51469751
43.000000	40.99696938
45.000000	0.23758040
47.000000	-10.69691480
49.000000	4.86103264
51.000000	7.95415656
53.000000	-2.35101968
55.000000	-76.55979999
57.000000	65.68785746
59.000000	54.72660954
61.000000	-48.67744938
63.000000	78.98680656
65.000000	7.12699980
67.000000	-66.59812707
69.000000	-14.70172312
71.000000	28.65173905
73.000000	-22.50124333
75.000000	-16.10717820
77.000000	-101.83359985
79.000000	-14.89099838
81.000000	-79.03000402
83.000000	31.26264562
85.000000	20.66980840
87.000000	-37.76520680
89.000000	89.87915695
91.000000	12.11646986
93.000000	13.06886439
95.000000	-22.03127900
97.000000	69.97152150
99.000000	35.46896743
101.000000	20.21497512
103.000000	34.21936197
105.000000	47.95099399
107.000000	-72.92300864
109.000000	4.94311041
111.000000	8.71116469
113.000000	0.78029148
115.000000	55.49330151
117.000000	19.08575007
119.000000	7.11275406
121.000000	-42.16882134
123.000000	-0.83631753
125.000000	-35.25465772
127.000000	-73.95694408
129.000000	-6.51640345
131.000000	-14.89194310
133.000000	17.98649390
135.000000	45.59902156
137.000000	-76.25278911
139.000000	-51.73110039
141.000000	-42.32255377
143.000000	4.50802609
145.000000	-76.22809382
147.000000	3.88139768
149.000000	-29.59845235
151.000000	46.95404491
153.000000	30.45567363
155.000000	-56.99747411
157.000000	-61.05388020
159.000000	32.17966283
161.000000	69.57066295
163.000000	-42.56319018
165.000000	-14.79038492
167.000000	13.56062736
169.000000	15.53008947
171.000000	4.27995009
173.000000	85.85657500
175.000000	36.72212921
177.000000	41.04429540
179.000000	1.95978463
181.000000	-36.64893597
183.000000	-45.11437511
185.000000	21.63879283
187.000000	-9.99155608
189.000000	-9.68503907
191.000000	68.18617112
193.000000	3.31484695
195.000000	-70.10369211
197.000000	-41.63386045
199.000000	-47.67204231
201.000000	25.90402782
203.000000	-20.79155907
205.000000	32.01528240
207.000000	-16.00708187
209.000000	-48.57176223
211.000000	35.29616660
213.000000	-162.73262815
215.000000	0.54244473
217.000000	-47.60719969
219.000000	0.19554938
221.000000	-62.62429307
223.000000	5.80085384
225.000000	71.85059320
227.000000	120.41942932
229.000000	7.24401155
231.000000	-3.80741905
233.000000	43.96701122
235.000000	-6.67688816
237.000000	16.24240093
239.000000	-51.07859471
241.000000	77.75359264
243.000000	-27.12015464
245.000000	-7.07341558
247.000000	12.95502077
249.000000	4.01442643
251.000000	37.11296872
253.000000	11.66704858
255.000000	47.59532637
257.000000	63.29248108
259.000000	55.29470722
261.000000	-143.63921926
263.000000	35.64771438
265.000000	60.85487594
267.000000	-56.95110718
269.000000	-28.48025609
271.000000	-49.28509921
273.000000	-9.36282478
275.000000	-29.83725612
277.000000	-31.20441220
279.000000	-11.36695331
281.000000	-42.67282357
283.000000	33.01099531
285.000000	-25.21439989
287.000000	13.05639476
289.000000	12.86290575
291.000000	-4.06509242
293.000000	-39.44634355
295.000000	17.88438559
297.000000	-14.06740238
299.000000	28.74122312
301.000000	8.90615122
303.000000	-38.87116089
305.000000	67.77081488
307.000000	-20.13268619
309.000000	-20.23249272
311.000000	7.83876383
313.000000	-92.68653236
315.000000	-49.95690111
317.000000	32.30321339
319.000000	-27.63523110
321.000000	-46.23463286
323.000000	11.34097540
325.000000	43.27208619
327.000000	-70.50077416
329.000000	102.61624056
331.000000	-54.51259408
333.000000	7.72690854
335.000000	-27.59614123
337.000000	-35.44796470
339.000000	22.94609168
341.000000	76.40801120
343.000000	-23.23733872
345.000000	-51.45001296
347.000000	1.08409872
349.000000	-22.15583085
351.000000	-91.45860636
353.000000	45.97889687
355.000000	48.46889965
357.000000	8.28371254
359.000000	-31.20842904
361.000000	-13.99011662
363.000000	-23.89355753
365.000000	41.84577168
367.000000	-40.65009471
369.000000	-105.13522802
371.000000	-1.28652539
373.000000	1.49547950
375.000000	25.27813281
377.000000	52.79566798
379.000000	-16.28722836
381.000000	95.87321203
383.000000	-6.47343210
385.000000	-42.85443225
387.000000	-44.09744651
389.000000	-13.13341038
391.000000	49.61372602
393.000000	8.25775629
395.000000	-106.36032222
397.000000	-7.61225769
399.000000	3.32874329
401.000000	-16.75491607
403.000000	-18.07383729
405.000000	-84.59253566
407.000000	65.39226363
409.000000	-30.68738517
411.000000	17.11729636
413.000000	-2.48290432
415.000000	17.79307500
417.000000	99.68114694
419.000000	146.00479844
421.000000	-90.60552540
423.000000	-5.68742461
425.000000	50.23989410
427.000000	13.67637489
429.000000	61.83836883
431.000000	67.75372126
433.000000	-25.99350054
435.000000	9.53284128
437.000000	35.72048941
439.000000	-47.96763835
441.000000	-36.00078759
443.000000	-37.38562677
445.000000	72.95317808
447.000000	-41.86343453
449.000000	-57.01961246
451.000000	32.99453432
453.000000	-28.12234613
455.000000	-1.78430819
457.000000	31.75297085
459.000000	91.01547452
461.000000	26.78085153
463.000000	2.87885536
465.000000	-7.05160259
467.000000	15.25143794
469.000000	19.72808876
471.000000	7.25483553
473.000000	86.34683430
475.000000	36.30781024
477.000000	63.31455565
479.000000	63.63052763
481.000000	39.92041716
483.000000	9.53947932
485.000000	-30.23173071
487.000000	-38.60050399
489.000000	0.11610658
491.000000	37.94942503
493.000000	-71.26765272
495.000000	-21.86761476
497.000000	40.43161333
499.000000	-63.65858086
501.000000	-39.49181594
503.000000	-20.56387790
505.000000	-38.41372376
507.000000	-16.75569457
509.000000	57.15619076
511.000000	32.00519288
513.000000	-39.58392926
515.000000	17.08552934
517.000000	0.27786854
519.000000	-48.82089241
521.000000	-21.59804700
523.000000	-36.65640651
525.000000	7.79353015
527.000000	-60.95687365
529.000000	9.07178157
531.000000	16.39024623
533.000000	-81.51892424
535.000000	-38.83231140
537.000000	30.52086158
539.000000	4.45567749
541.000000	-58.59370960
543.000000	-0.94754806
545.000000	-36.49778078
547.000000	77.49938468
549.000000	-79.16362202
551.000000	-31.46179770
553.000000	33.38858290
555.000000	-65.06743528
557.000000	7.41661190
559.000000	66.57706912
561.000000	-31.73724214
563.000000	-51.79560811
565.000000	-6.33270765
567.000000	-34.40974409
569.000000	11.73918231
571.000000	19.39647233
573.000000	50.82286423
575.000000	46.48114375
577.000000	11.46808979
579.000000	-92.53049306
581.000000	-6.53989597
583.000000	-20.16350544
585.000000	-13.38481099
587.000000	-28.43692568
589.000000	63.54211098
591.000000	94.84116574
593.000000	-36.21761557
595.000000	47.33672181
597.000000	11.34428942
599.000000	-72.07094900
601.000000	47.03044620
603.000000	-37.48235266
605.000000	-74.92097450
607.000000	-75.19406874
609.000000	90.54602674
611.000000	58.49280874
613.000000	4.09639198
615.000000	48.81219681
617.000000	-64.57632446
619.000000	-40.42300130
621.000000	-60.22666338
623.000000	-75.36279331
625.000000	0.81280627
627.000000	-60.81125909
629.000000	11.05374891
631.000000	62.81733558
633.000000	19.77670269
635.000000	60.70502125
637.000000	17.81600026
639.000000	56.94041718
641.000000	-18.69488586
643.000000	13.20739203
645.000000	-55.79843132
647.000000	-20.67523704
649.000000	-47.33075836
651.000000	26.79389558
653.000000	72.22335718
655.000000	34.95435190
657.000000	-11.93084877
659.000000	36.15350003
661.000000	9.94316505
663.000000	28.75625996
665.000000	37.06489633
667.000000	-92.87071682
669.000000	23.26664781
671.000000	8.28666193
673.000000	-1.17730540
675.000000	40.41745246
677.000000	24.20807829
679.000000	29.48983352
681.000000	40.01257173
683.000000	-25.16158861
685.000000	19.19358664
687.000000	54.49225361
689.000000	-62.83086532
691.000000	42.70294157
693.000000	-18.26082109
695.000000	49.70812443
697.000000	17.42372541
699.000000	-36.07639411
701.000000	-47.53461653
703.000000	-10.00522530
705.000000	1.04309721
707.000000	37.77023433
709.000000	90.48022149
711.000000	-4.61623329
713.000000	-25.38637347
715.000000	-41.59218418
717.000000	-1.62853286
719.000000	8.61734039
721.000000	-27.83339093
723.000000	-5.25997022
725.000000	-23.75337147
727.000000	54.21334423
729.000000	49.46410991
731.000000	35.81395185
733.000000	-10.54467002
735.000000	-95.15965802
737.000000	-32.12734710
739.000000	-65.30900389
741.000000	79.05443586
743.000000	-37.02178054
745.000000	75.78286733
747.000000	-28.60728295
749.000000	4.54914555
751.000000	27.12341929
753.000000	14.04570652
755.000000	1.98479153
757.000000	72.07808462
759.000000	-36.07130303
761.000000	51.93830563
763.000000	-90.09096816
765.000000	48.85006879
767.000000	-25.31783509
769.000000	-13.49341202
771.000000	48.76458585
773.000000	-35.70303076
775.000000	-23.26653218
777.000000	-11.97485603
779.000000	-60.34022276
781.000000	26.55970959
783.000000	-9.42323142
785.000000	30.26483815
787.000000	15.19006582
789.000000	-8.33446112
791.000000	-59.76184368
793.000000	13.72983656
795.000000	-2.07361737
797.000000	-12.10334899
799.000000	-29.55702984
801.000000	-11.53350114
803.000000	-35.53494714
805.000000	-28.07715055
807.000000	-30.41210820
809.000000	20.71367292
811.000000	4.55006649
813.000000	-24.27403603
815.000000	22.56949979
817.000000	-3.92557315
819.000000	11.04234282
821.000000	-30.30869133
823.000000	15.96283856
825.000000	18.19834606
827.000000	-50.97275094
829.000000	19.01097518
831.000000	98.43541669
833.000000	-8.69577021
835.000000	72.43131327
837.000000	-2.79205941
839.000000	-29.85345697
841.000000	-13.68163811
843.000000	29.87793032
845.000000	25.25767291
846.000000	18.93343482
847.000000	-18.79258882
848.000000	55.76396142
849.000000	61.65440802
850.000000	4.30972326
851.000000	-31.66440698
852.000000	47.45344976
853.000000	-16.19598662
854.000000	-16.09056331
855.000000	-44.86923318
856.000000	-46.42780054
857.000000	-14.88602466
858.000000	9.92582535
859.000000	117.83082915
860.000000	20.12430182
861.000000	58.48326805
862.000000	39.75704046
863.000000	36.50256271
864.000000	-46.34673146
865.000000	-57.00646599
866.000000	-148.95885259
867.000000	-71.64276703
868.000000	-5.96392796
869.000000	-24.64750411
870.000000	10.07192795
871.000000	-36.84275093
872.000000	9.19087209
873.000000	23.04273810
874.000000	-64.21609145
875.000000	27.56322888
876.000000	57.55630744
877.000000	84.86210332
878.000000	38.15578188
879.000000	4.37252557
880.000000	-62.39632092
881.000000	-4.93992023
882.000000	-2.97757351
883.000000	57.97513892
884.000000	-49.44927816
885.000000	18.05112032
886.000000	-6.68029768
887.000000	-65.30399308
888.000000	25.42238176
889.000000	-11.00200253
890.000000	-15.85216282
891.000000	2.75614483
892.000000	-14.47279535
893.000000	-18.12619349
894.000000	-26.57735987
895.000000	30.50941704
896.000000	-119.89897910
897.000000	85.77863822
898.000000	104.23228237
899.000000	13.15053468
900.000000	100.12232864
901.000000	44.76757126
902.000000	-38.45410062
903.000000	47.54067198
904.000000	-6.29623530
905.000000	95.16750140
906.000000	-25.71521026
907.000000	-10.33128072
908.000000	26.23391897
909.000000	-27.47720017
910.000000	30.39939700
911.000000	3.77065508
912.000000	95.40566956
913.000000	-1.46850427
914.000000	18.51190234
915.000000	-55.51345002
916.000000	48.27968796
917.000000	64.09810596
918.000000	-44.34728567
919.000000	-50.91236309
920.000000	0.36270243
921.000000	-21.32428190
922.000000	29.75768896
923.000000	36.20034552
924.000000	-1.93811150
925.000000	28.57474736
926.000000	-101.78729557
927.000000	-58.90889719
928.000000	38.13069484
929.000000	-26.51208718
930.000000	-0.34483818
931.000000	-63.34885486
932.000000	-60.70126898
933.000000	-67.15369477
934.000000	86.47631141
935.000000	-71.74529517
936.000000	14.79274793
937.000000	45.82111199
938.000000	-33.13919101
939.000000	8.81217921
940.000000	26.87834790
941.000000	-25.12841807
942.000000	-89.76866632
943.000000	-29.06481791
944.000000	72.45731342
945.000000	-11.77370201
946.000000	35.85065260
947.000000	27.16689651
948.000000	-9.28778594
949.000000	11.72548890
950.000000	-0.67477138
951.000000	33.93689017
952.000000	77.57007371
953.000000	-58.46887187
954.000000	-3.53823449
955.000000	13.97667620
956.000000	-28.92928046
957.000000	4.66755093
958.000000	29.52632006
959.000000	22.80998804
960.000000	-60.32602899
961.000000	5.52779074
962.000000	-24.53460760
963.000000	-1.18451554
964.000000	-21.32002496
965.000000	-83.04444135
966.000000	-57.62957616
967.000000	22.35265588
968.000000	-1.56834125
969.000000	-37.54243302
970.000000	6.18028371
971.000000	34.04194988
972.000000	-21.29842610
973.000000	24.03659400
974.000000	-82.62969875
975.000000	69.51308366
976.000000	20.00852354
977.000000	58.10360941
978.000000	-24.56820610
979.000000	-39.39071303
980.000000	56.78364465
981.000000	-23.03804920
982.000000	84.08886001
983.000000	-29.34341091
984.000000	89.37018602
985.000000	57.64505395
986.000000	-9.55348907
987.000000	38.11274935
988.000000	11.98584745
989.000000	30.57730191
990.000000	-14.24792051
991.000000	17.82163328
992.000000	17.91991923
993.000000	-85.10231887
994.000000	40.28398687
995.000000	21.83484366
996.000000	-74.58238789
997.000000	84.15170982
998.000000	74.98936720
999.000000	-22.62993060
1000.000000	-19.60502363
1001.000000	-57.67146347
1002.000000	46.67438231
1003.000000	29.96600881
1004.000000	-34.68025700
1005.000000	66.09457177
1006.000000	14.70977866
1007.000000	45.52498188
1008.000000	37.53082456
1009.000000	59.47754025
1010.000000	-40.85555504
1011.000000	-9.07479071
1012.000000	6.76222940
1013.000000	25.41944695
1014.000000	36.49979945
1015.000000	-3.11011906
1016.000000	115.56621717
1017.000000	-70.40550128
1018.000000	-42.97944319
1019.000000	7.07401813
1020.000000	35.11434580
1021.000000	25.34383969
1022.000000	-48.94648755
1023.000000	7.03648581
1024.000000	-20.85165843
1025.000000	96.75802993
1026.000000	50.68976817
1027.000000	39.88298597
1028.000000	93.32806933
1029.000000	-31.01447372
1030.000000	-13.43400709
1031.000000	-89.39996520
1032.000000	-23.38365610
1033.000000	-5.00523843
1034.000000	69.44235102
1035.000000	-9.32242471
1036.000000	42.92529854
1037.000000	3.20169942
1038.000000	-2.06325092
1039.000000	-53.73647885
1040.000000	-37.89155500
1041.000000	6.58719292
1042.000000	-72.09761377
1043.999000	13.01114691
1044.999000	-37.20722576
1045.999000	-33.30891265
1046.999000	-62.28006758
1047.999000	82.78971328
1048.999000	-59.83228930
1049.999000	-77.41459773
1050.999000	37.80159151
1051.999000	51.67796178
1052.999000	83.74743716
1053.999000	36.57475601
1054.999000	-0.30317953
1055.999000	-58.95783786
1056.999000	-26.32057166
1057.999000	-55.21392893
1058.999000	2.37945933
1059.999000	3.45123607
1060.999000	29.66695272
1061.999000	5.57534416
1062.999000	-28.05058413
1063.999000	-65.55903215
1064.999000	10.40787928
1065.999000	41.84972395
1066.999000	18.69782332
1067.999000	20.84582162
1068.999000	75.06640345
1069.999000	-12.43410358
1070.999000	27.16947300
1071.999000	40.19963513
1072.999000	-33.68407585
1073.999000	-2.78850435
1074.999000	-50.46447311
1075.999000	53.65461293
1076.999000	20.85874156
1077.999000	-24.20326597
1078.999000	-43.62296641
1079.999000	-2.98432328
1080.999000	70.15483628
1081.999000	-10.53180907
1082.999000	-24.37732310
1083.999000	90.75708533
1084.999000	-35.33413325
1085.999000	-11.35925822
1086.999000	3.57727118
1087.999000	25.88639460
1088.999000	37.31587590
1089.999000	108.73069966
1090.999000	23.16705703
1091.999000	57.16414238
1092.999000	10.27529755
1093.999000	35.10573189
1094.999000	21.49113938
1095.999000	1.30945766
1096.999000	-39.00697330
1097.999000	46.53549918
1098.999000	-0.64629371
1099.999000	-49.66568353
1100.999000	-20.30476097
1101.999000	-39.65489173
1102.999000	59.40870781
1103.999000	-24.79010992
1104.999000	115.41539841
1105.999000	9.09456771
1106.999000	59.75464377
1107.999000	17.51555415
1108.999000	4.27981338
1109.999000	14.71430513
1110.999000	-28.51726401
1111.999000	29.60759181
1112.999000	-94.33945822
1113.999000	-51.70974231
1114.999000	-21.37245045
1115.999000	13.01461212
1116.999000	-49.00449980
1117.999000	31.55976130
1118.999000	42.35503491
1119.999000	-54.21878918
1120.999000	-18.98485514
1121.999000	-47.82333766
1122.999000	-49.61779950
1123.999000	-27.57612289
1124.999000	-45.88345606
1125.999000	-33.55490456
1126.999000	-24.88204776
1127.999000	20.26675408
1128.999000	-19.42177015
1129.999000	21.71175101
1130.999000	70.58090161
1131.999000	-31.37072946
1132.999000	1.94146119
1133.999000	-33.78333249
1134.999000	54.18345044
1135.999000	-45.06426219
1136.999000	-38.90180738
1137.999000	-0.21339673
1138.999000	98.49176718
1139.999000	-3.89010530
1140.999000	-24.86383515
1141.999000	69.44758657
1142.999000	-12.95533244
1143.999000	82.74938959
1144.999000	66.08981587
1145.999000	25.86906795
1146.999000	-35.92415692
1147.999000	70.51191965
1148.999000	23.63434544
1149.999000	-35.63480821
1150.999000	-13.34045641
1151.999000	55.59738487
1152.999000	-2.06205019
1153.999000	13.06758104
1154.999000	86.48777934
1155.999000	-44.66664258
1156.999000	59.74646197
1157.999000	-91.44877860
1158.999000	51.31036057
1159.999000	-8.89718445
1160.999000	-89.41414739
1161.999000	-2.52218289
1162.999000	67.55542743
1163.999000	-4.72335852
1164.999000	34.89937204
1165.999000	34.77371630
1166.999000	50.46833646
1167.999000	-16.50237728
1168.999000	49.47024336
1169.999000	-23.26546943
1170.999000	-63.23836199
1171.999000	-40.95156170
1172.999000	28.24120339
1173.999000	26.85497879
1174.999000	-54.00605307
1175.999000	55.45463236
1176.999000	-20.29336155
1177.999000	-24.34544504
1178.999000	-35.85245597
1179.999000	-50.10326472
1180.999000	-94.01670980
1181.999000	50.30278515
1182.999000	-66.80048790
1183.999000	46.37485892
1184.999000	-51.74434769
1185.999000	13.95620052
1186.999000	37.98593810
1187.999000	21.97242283
1188.999000	-7.77604584
1189.999000	30.48793289
1190.999000	68.71300296
1191.999000	-20.12308067
1192.999000	0.27220370
1193.999000	-65.85657074
1194.999000	-15.57234975
1195.999000	-23.04554819
1196.999000	11.49698215
1197.999000	-99.21238407
1198.999000	-9.85620030
1199.999000	9.73143773
1200.999000	-12.00821861
1201.999000	56.51087868
1202.999000	0.43548612
1203.999000	-32.36347299
1204.999000	4.20283058
1205.999000	28.45308921
1206.999000	1.44156585
1207.999000	-35.30415064
1208.999000	4.55077549
1209.999000	31.22919396
1210.999000	-41.44737246
1211.999000	-60.77968703
1212.999000	-34.74484859
1213.999000	-1.08574826
1214.999000	38.29422905
1215.999000	-19.55572657
1216.999000	-0.83201409
1217.999000	-6.71147451
1218.999000	-4.80515675
1219.999000	-75.83790219
1220.999000	-23.06811320
1221.999000	-5.78700336
1222.999000	-9.11302348
1223.999000	-10.27557172
1224.999000	46.22002203
1225.999000	-80.04129483
1226.999000	-31.32990471
1227.999000	-34.28300588
1228.999000	1.11491963
1229.999000	42.82431440
1230.999000	-37.01248288
1231.999000	30.36849475
1232.999000	3.91654005
1233.999000	5.32892219
1234.999000	-95.16558926
1235.999000	55.51996676
1236.999000	-61.58833458
1237.999000	2.59013425
1238.999000	-87.81492503
1239.999000	-34.57731474
1240.999000	-53.56722415
1241.999000	33.91623178
1242.999000	46.20102088
1243.999000	-5.80625261
1244.999000	-32.04550379
1245.999000	25.53996710
1246.999000	77.58532243
1247.999000	41.23820565
1248.999000	-137.30658209
1249.999000	-73.17844350
1250.999000	-30.24948419
1251.999000	-29.04169150
1252.999000	74.60169955
1253.999000	15.25521496
1254.999000	18.00435089
1255.999000	53.01102396
1256.999000	59.99600046
1257.999000	-77.16189308
1258.999000	-22.18654643
1259.999000	-17.31641270
1260.999000	45.32432387
1261.999000	32.20415874
1262.999000	-61.52627302
1263.999000	67.64982093
1264.999000	8.65549395
1265.999000	50.83407195
1266.999000	-62.44508840
1267.999000	25.06942077
1268.999000	89.08024361
1269.999000	-30.14324926
1270.999000	-16.31635368
1271.999000	16.99895520
1272.999000	-27.27107572
1273.999000	-25.96502645
1274.999000	-54.25522504
1275.999000	-46.81048034
1276.999000	34.49527998
1277.999000	67.11580217
1278.999000	5.84820255
1279.999000	-39.01815967
1280.999000	-6.06058422
1281.999000	55.11986636
1282.999000	-11.56890008
1283.999000	-23.31298830
1284.999000	-10.71939269
1285.999000	-5.11339597
1286.999000	-45.57711896
1287.999000	47.02982695
1288.999000	23.11538464
1289.999000	61.37891672
1290.999000	-42.06524231
1291.999000	-84.91399227
1292.999000	22.53001303
1293.999000	68.90353733
1294.999000	-61.14013234
1295.999000	17.33524553
