# F(k,t) correlation function
# Reference time: 602.001 ps
# lag_time_ps	F(k,t)
0.000000	443.29568309
1.000000	5.40779748
3.000000	-14.29769591
5.000000	-21.29523819
7.000000	-48.31690381
9.000000	22.86802323
11.000000	14.88593714
13.000000	-34.63949315
15.000000	-55.72666683
17.000000	-49.92089893
19.000000	72.00094645
21.000000	-19.40577111
23.000000	77.17780734
25.000000	-48.37873401
27.000000	71.70762181
29.000000	-20.38704522
31.000000	60.54243174
33.000000	1.84962835
35.000000	-9.43825890
37.000000	10.75227013
39.000000	19.57115355
41.000000	-58.12971482
43.000000	-21.22008234
45.000000	52.26232241
47.000000	31.21572118
49.000000	-43.83433707
51.000000	-35.92628038
53.000000	36.30236864
55.000000	-32.67108368
57.000000	7.92004538
59.000000	-64.59897995
61.000000	14.00929508
63.000000	-56.96706114
65.000000	56.53407685
67.000000	-98.39810231
69.000000	-52.04063604
71.000000	-59.30989192
73.000000	-50.80905850
75.000000	-26.79978323
77.000000	-31.19029439
79.000000	19.37419740
81.000000	39.84502692
83.000000	-45.63823534
85.000000	0.86143643
87.000000	-100.70429180
89.000000	147.29049543
91.000000	7.15608192
93.000000	33.59769754
95.000000	64.24006523
97.000000	19.79351614
99.000000	-70.96911867
101.000000	5.52826405
103.000000	7.49772127
105.000000	31.78617050
107.000000	-5.02530540
109.000000	35.28673691
111.000000	-54.52276644
113.000000	-46.04033470
115.000000	19.44047275
117.000000	5.47754328
119.000000	-92.18772753
121.000000	-13.68834911
123.000000	39.45684836
125.000000	51.77211591
127.000000	-4.01342692
129.000000	32.40243571
131.000000	-19.69195571
133.000000	21.46226771
135.000000	92.87175383
137.000000	85.76031131
139.000000	-66.83952133
141.000000	123.57503369
143.000000	49.98733342
145.000000	83.84646965
147.000000	74.00002527
149.000000	-65.89247746
151.000000	-40.83838025
153.000000	63.58233490
155.000000	-27.70075068
157.000000	-26.68431699
159.000000	-89.95311520
161.000000	16.03881927
163.000000	-54.14013623
165.000000	-68.54791153
167.000000	-19.91040379
169.000000	-10.31115665
171.000000	-46.67767595
173.000000	18.98177706
175.000000	-5.17380889
177.000000	-11.79216934
179.000000	90.88234670
181.000000	-49.59868276
183.000000	-14.73117814
185.000000	16.12460393
187.000000	70.39306718
189.000000	53.26856396
191.000000	-11.16204564
193.000000	46.26061252
195.000000	36.04545889
197.000000	86.49429076
199.000000	8.26461425
201.000000	-26.39204182
203.000000	18.42237862
205.000000	16.40190137
207.000000	22.99963752
209.000000	41.69908706
211.000000	-32.08393526
213.000000	6.67502842
215.000000	-13.96816301
217.000000	33.54253901
219.000000	18.62252708
221.000000	-88.59111297
223.000000	4.66245616
225.000000	-35.85231261
227.000000	10.63963675
229.000000	-78.86728919
231.000000	19.36122173
233.000000	-39.73041029
235.000000	-30.59874351
237.000000	-6.44576832
239.000000	37.59548501
241.000000	16.48752672
243.000000	-46.59921757
245.000000	30.43061511
247.000000	18.57850662
249.000000	5.79938758
251.000000	-7.07017219
253.000000	44.97419741
255.000000	-15.41737359
257.000000	15.18909605
259.000000	-1.98265565
261.000000	-5.51677626
263.000000	38.03316111
265.000000	-4.03653302
267.000000	-12.59969060
269.000000	25.72195690
271.000000	-100.80732913
273.000000	103.87397551
275.000000	12.29856565
277.000000	14.01775160
279.000000	86.02318674
281.000000	1.43139654
283.000000	-16.66622586
285.000000	16.50104402
287.000000	87.12475308
289.000000	65.02360381
291.000000	7.51690535
293.000000	119.54448693
295.000000	11.66346874
297.000000	42.18448848
299.000000	-8.54290662
301.000000	23.33851137
303.000000	60.12744239
305.000000	-27.84516050
307.000000	-50.37451807
309.000000	48.98240692
311.000000	32.26177344
313.000000	-49.62914775
315.000000	51.67539439
317.000000	-73.25821677
319.000000	81.75397938
321.000000	40.26646685
323.000000	-17.75978904
325.000000	-77.18698699
327.000000	-9.60981589
329.000000	-11.17084131
331.000000	34.63793001
333.000000	2.46062856
335.000000	-3.47567712
337.000000	102.12922445
339.000000	-13.10914230
341.000000	-12.32750235
343.000000	-0.61891539
345.000000	43.04360851
347.000000	-4.68907933
349.000000	8.04905264
351.000000	78.77841540
353.000000	27.96642943
355.000000	-0.31738072
357.000000	-40.60135786
359.000000	2.97759542
361.000000	61.81965667
363.000000	31.15212426
365.000000	-32.18394993
367.000000	94.30078814
369.000000	75.17142926
371.000000	-20.70769361
373.000000	15.77393113
375.000000	62.73204823
377.000000	59.35491265
379.000000	0.37560044
381.000000	14.83650173
383.000000	-69.57049903
385.000000	30.18008480
387.000000	-69.16370504
389.000000	16.99578133
391.000000	71.51057823
393.000000	-41.58815333
395.000000	-39.75285956
397.000000	-87.07730654
399.000000	1.08646941
401.000000	-13.78842955
403.000000	137.19998101
405.000000	81.85191547
407.000000	-4.80128750
409.000000	86.02082837
411.000000	1.84028870
413.000000	11.58171747
415.000000	4.83038139
417.000000	-41.23886074
419.000000	20.27732249
421.000000	-16.88575072
423.000000	102.78422789
425.000000	24.30920911
427.000000	-55.81238643
429.000000	65.79401409
431.000000	101.61350638
433.000000	0.01036289
435.000000	1.30611940
437.000000	40.69674217
439.000000	11.84899503
441.000000	-39.07243916
443.000000	-67.85754943
445.000000	32.47720665
447.000000	-20.96623900
449.000000	22.35141226
451.000000	23.58330443
453.000000	-95.98406128
455.000000	15.52850039
457.000000	8.62920516
459.000000	-37.61253300
461.000000	-2.32929657
463.000000	-26.58770847
465.000000	24.01390608
467.000000	58.83893127
469.000000	-36.13653874
471.000000	46.45021453
473.000000	83.28817505
475.000000	-15.40177904
477.000000	12.32438131
479.000000	-30.18634653
481.000000	60.61355867
483.000000	-118.81058027
485.000000	-12.95187635
487.000000	-57.73365595
489.000000	-94.72173893
491.000000	31.46692224
493.000000	-4.98750343
495.000000	-95.72455939
497.000000	129.89998512
499.000000	55.33732135
501.000000	2.47620252
503.000000	34.48448198
505.000000	-44.79022981
507.000000	98.69916079
509.000000	37.36222421
511.000000	-77.57970509
513.000000	36.58831689
515.000000	52.74679628
517.000000	2.33628625
519.000000	15.25385091
521.000000	20.66982965
523.000000	-70.63286821
525.000000	33.01861169
527.000000	63.25837677
529.000000	-88.90433924
531.000000	0.05591450
533.000000	-52.23967344
535.000000	37.88359278
537.000000	48.18448042
539.000000	-15.35772986
541.000000	-23.03875839
543.000000	59.51748885
545.000000	6.92482505
547.000000	-11.90681052
549.000000	90.42132391
551.000000	22.67642837
553.000000	68.57001693
555.000000	59.58145089
557.000000	-2.09995951
559.000000	162.73435155
561.000000	25.63808371
563.000000	-78.64487216
565.000000	-8.08159035
567.000000	80.15040448
569.000000	84.15682442
571.000000	11.91587281
573.000000	104.69362572
575.000000	-64.25254723
577.000000	98.01003410
579.000000	6.86295752
581.000000	65.25475410
583.000000	99.98290718
585.000000	-63.44154811
587.000000	21.81936509
589.000000	21.80691980
591.000000	61.10993394
593.000000	-85.93327763
595.000000	-130.20093979
597.000000	0.58792946
599.000000	23.18712860
601.000000	-3.26617399
603.000000	40.00150900
605.000000	-63.80825596
607.000000	-14.89117789
609.000000	43.69159691
611.000000	-66.59116484
613.000000	39.42176752
615.000000	-86.59244026
617.000000	74.56216442
619.000000	27.54699526
621.000000	-45.33658181
623.000000	25.89222156
625.000000	98.04519206
627.000000	-68.92928339
629.000000	-56.49238223
631.000000	36.06319666
633.000000	-68.78829481
635.000000	46.09643920
637.000000	17.63457988
639.000000	5.75631935
641.000000	29.45885023
643.000000	-3.61487240
645.000000	-48.61557661
647.000000	-138.52244130
649.000000	48.26941905
651.000000	73.32839531
653.000000	-6.34386201
655.000000	-19.07032432
657.000000	47.30654146
659.000000	-32.18250934
661.000000	-21.57113919
663.000000	28.80961976
665.000000	40.97314146
667.000000	-24.62050870
669.000000	65.78480789
671.000000	-25.87129236
673.000000	34.40932367
675.000000	32.43221973
677.000000	-10.83604171
679.000000	11.06718620
681.000000	-41.79426657
683.000000	5.70935816
685.000000	-17.18651871
687.000000	-50.46623144
689.000000	-31.74826031
691.000000	25.68892023
693.000000	-0.57333355
695.000000	-47.74682922
697.000000	22.62894383
699.000000	-19.45192286
701.000000	-54.94393446
703.000000	46.88339129
705.000000	-23.24022341
707.000000	-49.44318286
709.000000	85.37506961
711.000000	31.73590702
713.000000	118.61009685
715.000000	-0.27040833
717.000000	99.62936773
719.000000	-59.44587779
721.000000	-39.07508953
723.000000	61.01719517
725.000000	-25.22073460
727.000000	17.61815085
729.000000	11.87839928
731.000000	34.09459439
733.000000	52.14273409
735.000000	-2.44991146
737.000000	101.07499194
739.000000	-19.05863699
741.000000	33.09204504
743.000000	-12.10947787
745.000000	-60.00076613
747.000000	-39.53146837
749.000000	23.19140690
751.000000	2.28180844
753.000000	-30.75849280
755.000000	29.79683898
757.000000	26.36314307
759.000000	25.91367771
761.000000	19.17490582
763.000000	12.27447820
765.000000	41.53184947
767.000000	-61.11327750
769.000000	31.86217589
771.000000	19.14597929
773.000000	-5.20889058
775.000000	-29.71079468
777.000000	6.38033500
779.000000	-25.78472959
781.000000	-55.96992511
783.000000	-66.80557739
785.000000	59.79462275
787.000000	70.62008060
789.000000	11.51495970
791.000000	-21.70963094
793.000000	46.03129993
795.000000	18.94580145
797.000000	25.36659838
799.000000	44.20521900
801.000000	36.04384453
803.000000	-42.40324645
805.000000	39.96347947
807.000000	-41.00636845
809.000000	71.91764050
811.000000	-24.82522303
813.000000	-36.29454411
815.000000	-30.05868855
817.000000	24.50684352
819.000000	42.54581538
821.000000	-87.47601641
823.000000	8.78898297
825.000000	15.90670468
827.000000	104.09148820
829.000000	35.90351963
831.000000	-62.64232203
833.000000	-30.84462027
835.000000	18.13015491
837.000000	-85.59614623
839.000000	-41.30145808
841.000000	26.75765411
843.000000	-16.80899480
845.000000	-6.80301831
847.000000	35.24185210
849.000000	-31.23794024
851.000000	40.32964995
853.000000	96.78625879
855.000000	21.87235761
857.000000	-42.12819654
859.000000	10.70908383
861.000000	42.51578628
863.000000	5.23638988
865.000000	47.14671986
867.000000	-12.93574468
869.000000	-11.30012219
871.000000	27.36173905
873.000000	-25.08765360
875.000000	54.74655801
877.000000	-13.68588909
879.000000	57.31025042
881.000000	64.98376963
883.000000	112.08249659
885.000000	19.44778091
887.000000	-11.77204095
889.000000	40.31732493
891.000000	-32.99736188
893.000000	66.63009094
895.000000	45.23472280
897.000000	69.20239490
899.000000	-28.45881613
901.000000	-0.71374400
903.000000	20.44771388
905.000000	66.87084079
907.000000	-61.18415409
909.000000	47.54812090
911.000000	-8.03241206
913.000000	88.30974832
915.000000	-73.25528478
917.000000	-29.25108106
919.000000	113.23854184
921.000000	-19.73116808
923.000000	14.30549908
925.000000	-36.24902065
927.000000	-34.76334559
929.000000	-2.88659626
931.000000	-16.65284492
933.000000	69.24643289
935.000000	-24.41520267
937.000000	-29.30591544
939.000000	-8.81847596
941.000000	23.34746688
943.000000	10.73056651
945.000000	-58.84955060
947.000000	-15.80674240
949.000000	26.80919046
951.000000	-9.73835064
953.000000	-82.55870022
955.000000	-65.19301853
957.000000	-57.75024898
959.000000	-28.15473993
961.000000	46.04580293
963.000000	-33.59789653
965.000000	-86.31630214
967.000000	62.16468854
969.000000	11.86893081
971.000000	-70.67332407
973.000000	-32.16688503
975.000000	44.83761746
977.000000	43.68097618
979.000000	70.76005357
981.000000	0.45245917
983.000000	-24.70377187
985.000000	-20.50165285
987.000000	-93.66025700
989.000000	-81.32972880
991.000000	-0.24709085
993.000000	-13.78956075
995.000000	28.98163346
997.000000	-28.47308216
999.000000	42.04669299
1001.000000	74.74032454
1003.000000	13.17652128
1005.000000	27.85545225
1007.000000	-84.80229481
1009.000000	-3.04069592
1011.000000	-33.26463432
1013.000000	-59.66744601
1015.000000	88.61917351
1017.000000	9.36601292
1019.000000	-65.68294378
1021.000000	-41.74334379
1023.000000	-10.90259868
1025.000000	-19.31076046
1027.000000	-28.08580898
1029.000000	-16.47109889
1031.000000	-3.22155508
1033.000000	-34.83920468
1035.000000	12.02341447
1037.000000	36.23330000
1039.000000	28.44039740
1041.000000	-30.66391953
1043.000000	9.55713920
1045.000000	-76.62618193
1047.000000	-97.24563511
1049.000000	47.93979258
1051.000000	-3.33196215
1053.000000	5.37751442
1055.000000	32.11267382
1057.000000	62.13020329
1059.000000	-26.93047591
1061.000000	76.61902079
1063.000000	28.89631267
1065.000000	11.12099426
1067.000000	45.96870057
1069.000000	47.94128045
1071.000000	117.97507196
1073.000000	94.26876184
1075.000000	129.45124683
1077.000000	-23.97282073
1079.000000	-12.83016362
1081.000000	-13.44302640
1083.000000	-35.83340005
1085.000000	-57.79936958
1087.000000	-54.75837793
1089.000000	101.21099172
1091.000000	-20.71845384
1093.000000	22.05438769
1095.000000	-123.12954285
1097.000000	77.62307293
1099.000000	-2.09662574
1101.000000	-30.54687879
1103.000000	51.15283868
1105.000000	-58.81667954
1107.000000	0.10919930
1109.000000	-82.19474467
1111.000000	105.58935844
1113.000000	80.06044425
1115.000000	0.18665928
1117.000000	-43.40765709
1119.000000	-26.03086179
1121.000000	-72.18626263
1123.000000	-41.17162280
1125.000000	34.94525147
1127.000000	5.26239830
1129.000000	52.71333047
1131.000000	47.67380417
1133.000000	-48.92679623
1135.000000	-14.60062390
1137.000000	-24.06423823
1139.000000	-24.21620752
1141.000000	17.40677577
1143.000000	61.64412157
1145.000000	69.15634188
1147.000000	63.61490880
1149.000000	6.02427595
1151.000000	-3.86013454
1153.000000	29.43563544
1155.000000	-33.51553275
1157.000000	-53.67856120
1159.000000	74.15664435
1161.000000	-97.15167699
1163.000000	-93.94167919
1165.000000	32.74377868
1167.000000	87.19731904
1169.000000	-27.87937097
1171.000000	-61.27857265
1173.000000	60.18698099
1175.000000	-115.60224307
1177.000000	-6.81747194
1179.000000	3.75581799
1181.000000	-85.28996781
1183.000000	-37.39896576
1185.000000	108.79709918
1187.000000	-96.87294560
1189.000000	31.96039868
1191.000000	20.22118980
1193.000000	73.04962540
1195.000000	0.49339946
1197.000000	-55.89013296
1199.000000	35.39882319
1201.000000	76.58435224
1203.000000	18.86709219
1205.000000	-1.49620184
1207.000000	-5.68634060
1209.000000	46.67124783
1211.000000	-2.07233433
1213.000000	-34.30827456
1215.000000	-108.89967910
1217.000000	-7.86375602
1219.000000	-37.73613609
1221.000000	27.41806183
1223.000000	-3.00844578
1225.000000	-61.40193700
1227.000000	-72.76743331
1229.000000	-21.35729816
1231.000000	-50.10842699
1233.000000	24.41750624
1235.000000	-14.50876237
1237.000000	19.23416339
1239.000000	-40.28369474
1241.000000	-33.97695135
1243.000000	-56.42295095
1245.000000	-9.36078214
1247.000000	3.67793216
1248.000000	12.65443952
1249.000000	-65.54193405
1250.000000	-15.69755287
1251.000000	17.42189077
1252.000000	-70.89194606
1253.000000	88.90529508
1254.000000	-16.03632045
1255.000000	25.50179708
1256.000000	37.31679089
1257.000000	-26.48747067
1258.000000	-30.12944535
1259.000000	158.10283798
1260.000000	-38.26069569
1261.000000	-70.34226070
1262.000000	-34.00546161
1263.000000	50.33762395
1264.000000	-90.31343107
1265.000000	21.10159975
1266.000000	-94.74365269
1267.000000	-70.29107952
1268.000000	29.17244802
1269.000000	95.49776896
1270.000000	-28.51417895
1271.000000	113.09428892
1272.000000	48.17618252
1273.000000	-83.88334591
1274.000000	73.83229882
1275.000000	-18.22494873
1276.000000	-85.72168639
1277.000000	-48.16523737
1278.000000	-14.03359980
1279.000000	-42.96312721
1280.000000	78.78497757
1281.000000	40.75753289
1282.000000	-29.28773091
1283.000000	7.50376880
1284.000000	72.10716818
1285.000000	-22.80164625
1286.000000	-60.45537171
1287.000000	-61.94624130
1288.000000	42.38386309
1289.000000	-69.13806700
1290.000000	79.87202499
1291.000000	13.22912214
1292.000000	-39.21248292
1293.000000	-29.95652916
1294.000000	5.01941660
1295.000000	-81.08790749
1296.000000	56.76865498
1297.000000	18.77101769
1298.000000	-45.69087311
1299.000000	-17.75965014
1300.000000	-7.60825934
1301.000000	-8.10503533
1302.000000	51.85712880
1303.000000	24.79974299
1304.000000	8.96469469
1305.000000	8.07719480
1306.000000	-96.68281229
1307.000000	-1.75925791
1308.000000	-79.04840526
1309.000000	22.45915098
1310.000000	-62.55219217
1311.000000	-0.83538145
1312.000000	71.19169820
1313.000000	33.22995870
1314.000000	-74.26554267
1315.000000	106.67226204
1316.000000	-8.17380066
1317.000000	61.94007298
1318.000000	-49.22839320
1319.000000	-65.85553844
1320.000000	-3.42840316
1321.000000	-32.90408295
1322.000000	-55.49254841
1323.000000	-15.82160498
1324.000000	-52.27577317
1325.000000	-58.06315070
1326.000000	37.21519338
1327.000000	97.98905079
1328.000000	24.67116966
1329.000000	-16.17633714
1330.000000	-24.64032950
1331.000000	12.02701602
1332.000000	-5.21388555
1333.000000	68.22120554
1334.000000	54.97936176
1335.000000	17.09052506
1336.000000	-55.32224364
1337.000000	31.33240144
1338.000000	-46.27620107
1339.000000	-5.42352703
1340.000000	-52.63831429
1341.000000	34.91005339
1342.000000	-44.34119748
1343.000000	-51.78709681
1344.000000	-43.84400943
1345.000000	24.71816309
1346.000000	-54.20634420
1347.000000	-39.69365059
1348.000000	40.85989214
1349.000000	55.78389356
1350.000000	31.99663509
1351.000000	48.98094772
1352.000000	-17.73188671
1353.000000	9.78937057
1354.000000	6.62970660
1355.000000	48.02229731
1356.000000	3.32181428
1357.000000	-8.05442615
1358.000000	4.37151098
1359.000000	62.55326345
1360.000000	56.51304826
1361.000000	-17.00383835
1362.000000	-51.41931360
1363.000000	93.16953564
1364.000000	-25.08235500
1365.000000	31.67485199
1366.000000	-10.62545689
1367.000000	86.29296187
1368.000000	-24.04032305
1369.000000	-16.70329479
1370.000000	-90.75029429
1371.000000	-8.93825740
1372.000000	-58.56297397
1373.000000	94.42907907
1374.000000	27.04953756
1375.000000	-19.08803196
1376.000000	66.64327174
1377.000000	6.88883626
1378.000000	42.08980209
1379.000000	25.38372635
1380.000000	23.43323265
1381.000000	46.51001752
1382.000000	78.16204575
1383.000000	-43.46428262
1384.000000	-29.42565364
1385.000000	25.30345183
1386.000000	2.55121456
1387.000000	-24.28763195
1388.000000	-1.99132076
1389.000000	45.15006185
1390.000000	-44.06237022
1391.000000	-42.16265036
1392.000000	67.55814353
1393.000000	-47.77272344
1394.000000	7.72579429
1395.000000	-78.44640490
1396.000000	-94.02923261
1397.000000	-54.06192609
1398.000000	25.71321469
1399.000000	18.53465202
1400.000000	69.00077202
1401.000000	18.09876539
1402.000000	72.33050068
1403.000000	2.77660376
1404.000000	49.94016409
1405.000000	-13.10709498
1406.000000	-106.42289819
1407.000000	53.92466935
1408.000000	-38.09424109
1409.000000	-30.54891948
1410.000000	107.02183953
1411.000000	-35.41871626
1412.000000	-4.50323776
1413.000000	48.98530355
1414.000000	-14.83994072
1415.000000	43.75423753
1416.000000	25.37978180
1417.000000	-9.41307073
1418.000000	74.25615071
1419.000000	-69.03207362
1420.000000	-1.90321957
1421.000000	102.61680548
1422.000000	0.28596902
1423.000000	-74.16219191
1424.000000	-29.20895727
1425.000000	16.12917609
1426.000000	28.28174638
1427.000000	10.76436338
1428.000000	-45.69208928
1429.000000	74.38834911
1430.000000	-43.16595741
1431.000000	-56.92787708
1432.000000	-30.40965426
1433.000000	-15.29966261
1434.000000	-25.69912197
1435.000000	-39.64487675
1436.000000	1.21540578
1437.000000	37.26839953
1438.000000	92.98532218
1439.000000	-13.01002530
1440.000000	-97.54803968
1441.000000	63.48549273
1442.000000	32.02549627
1443.000000	-19.14613773
1444.000000	19.81799279
1445.999000	-30.91290081
1446.999000	41.15627172
1447.999000	-26.07363496
1448.999000	-4.77986725
1449.999000	-20.82027502
1450.999000	76.25092739
1451.999000	30.86263581
1452.999000	90.54587846
1453.999000	58.07794898
1454.999000	-17.63957129
1455.999000	32.66041401
1456.999000	-67.99480114
1457.999000	22.40703105
1458.999000	-100.69148376
1459.999000	-8.90847478
1460.999000	45.99226842
1461.999000	-45.62576298
1462.999000	-106.97413871
1463.999000	25.07495511
1464.999000	-28.13073319
1465.999000	-19.59988175
1466.999000	106.73336108
1467.999000	29.15309153
1468.999000	-18.39989108
1469.999000	-51.40522763
1470.999000	29.51901496
1471.999000	42.03124057
1472.999000	-84.51109439
1473.999000	27.13257106
1474.999000	-29.08229084
1475.999000	13.12820284
1476.999000	133.86009152
1477.999000	-4.58024059
1478.999000	56.60275857
1479.999000	-8.29505902
1480.999000	56.85835415
1481.999000	71.70365028
1482.999000	29.86220593
1483.999000	6.32994220
1484.999000	-39.19345599
1485.999000	1.90038217
1486.999000	16.60872334
1487.999000	-20.91846546
1488.999000	-22.10777214
1489.999000	28.52482525
1490.999000	-51.04117118
1491.999000	48.76782660
1492.999000	22.80713887
1493.999000	-61.13724521
1494.999000	76.62318049
1495.999000	-77.55184425
1496.999000	54.41619896
1497.999000	-104.75113305
1498.999000	36.07984372
1499.999000	-40.39124228
1500.999000	99.23883810
1501.999000	77.70256561
1502.999000	19.93746215
1503.999000	38.87248672
1504.999000	4.55301390
1505.999000	-8.06057133
1506.999000	-20.41664330
1507.999000	-66.04391995
1508.999000	85.32427686
1509.999000	-133.18834820
1510.999000	49.98735614
1511.999000	-88.21962561
1512.999000	-61.92729335
1513.999000	68.83164191
1514.999000	-2.22834076
1515.999000	48.33895452
1516.999000	-7.80456975
1517.999000	61.42126827
1518.999000	-13.52739611
1519.999000	-56.63588922
1520.999000	83.92113374
1521.999000	12.21243312
1522.999000	23.23124259
1523.999000	59.42381550
1524.999000	-8.50001077
1525.999000	-4.54442041
1526.999000	-51.66073334
1527.999000	7.10656859
1528.999000	-34.85711142
1529.999000	56.68329559
1530.999000	-93.94707477
1531.999000	-1.23598193
1532.999000	40.80729590
1533.999000	19.30523657
1534.999000	25.58115138
1535.999000	1.27387881
1536.999000	-25.66347583
1537.999000	-16.03699975
1538.999000	51.38845234
1539.999000	-1.41652210
1540.999000	2.49840754
1541.999000	78.91486368
1542.999000	31.68507744
1543.999000	63.23468405
1544.999000	77.64905010
1545.999000	-42.48951562
1546.999000	33.06821537
1547.999000	101.06467634
1548.999000	-36.74512781
1549.999000	69.85454207
1550.999000	5.50888186
1551.999000	104.71130002
1552.999000	-7.36102743
1553.999000	-16.70919788
1554.999000	-89.15110417
1555.999000	-21.53471744
1556.999000	20.90947534
1557.999000	-17.27481292
1558.999000	110.83385621
1559.999000	54.90033961
1560.999000	88.40180886
1561.999000	40.14464115
1562.999000	-10.77297213
1563.999000	-16.59486169
1564.999000	50.85367003
1565.999000	12.28085000
1566.999000	45.62334284
1567.999000	-56.40348522
1568.999000	-32.95386409
1569.999000	89.57754121
1570.999000	84.49076920
1571.999000	-19.60231954
1572.999000	-55.48525431
1573.999000	-83.14485172
1574.999000	-76.63840802
1575.999000	72.55436777
1576.999000	90.91254850
1577.999000	-78.00480344
1578.999000	65.40180153
1579.999000	53.61772628
1580.999000	-37.23575427
1581.999000	-12.12109575
1582.999000	22.61716876
1583.999000	-73.08385530
1584.999000	-12.44309028
1585.999000	-3.59401742
1586.999000	-81.04567419
1587.999000	-9.29371394
1588.999000	-27.87605723
1589.999000	69.41809448
1590.999000	-63.78409398
1591.999000	9.69551720
1592.999000	24.20299837
1593.999000	67.19896367
1594.999000	-117.16175080
1595.999000	16.48188471
1596.999000	20.98636167
1597.999000	-14.25964587
1598.999000	84.58060236
1599.999000	21.97997239
1600.999000	-0.31834956
1601.999000	17.63645336
1602.999000	-51.83266035
1603.999000	96.31433244
1604.999000	-29.63302019
1605.999000	4.95686703
1606.999000	-83.32250935
1607.999000	71.82324387
1608.999000	-17.09266533
1609.999000	11.39986179
1610.999000	113.51961961
1611.999000	-137.33976210
1612.999000	-42.85541406
1613.999000	29.20110348
1614.999000	-40.44702583
1615.999000	18.16470252
1616.999000	71.86721336
1617.999000	-36.88298938
1618.999000	-67.11844888
1619.999000	4.17025276
1620.999000	-73.37810369
1621.999000	-33.97775474
1622.999000	25.96366317
1623.999000	-8.51288264
1624.999000	-49.85363110
1625.999000	72.99892400
1626.999000	-27.16223532
1627.999000	39.60063409
1628.999000	-38.80118192
1629.999000	-126.57525037
1630.999000	71.57963484
1631.999000	16.51771919
1632.999000	10.04616392
1633.999000	18.46091223
1634.999000	-30.52797367
1635.999000	-24.13365660
1636.999000	-41.82548752
1637.999000	16.26856589
1638.999000	-33.44451814
1639.999000	-31.83073156
1640.999000	-0.88835975
1641.999000	46.76210655
1642.999000	-7.32482076
1643.999000	-7.19557570
1644.999000	-58.15565369
1645.999000	-35.90807425
1646.999000	-25.36905580
1647.999000	-78.11426391
1648.999000	-62.91644658
1649.999000	45.33696027
1650.999000	83.61414352
1651.999000	-51.01371252
1652.999000	51.03849973
1653.999000	-10.68165425
1654.999000	-15.97463998
1655.999000	77.17813248
1656.999000	-69.41837653
1657.999000	-7.95056407
1658.999000	-26.57392798
1659.999000	-24.11182217
1660.999000	-92.28483342
1661.999000	16.57144985
1662.999000	-23.89971987
1663.999000	-15.05436562
1664.999000	76.62509529
1665.999000	-64.53069377
1666.999000	-45.72846355
1667.999000	-55.68957072
1668.999000	-59.78722666
1669.999000	-75.50505282
1670.999000	-12.47103736
1671.999000	13.40871003
1672.999000	17.16673299
1673.999000	-25.54190504
1674.999000	-67.01372095
1675.999000	-3.91195134
1676.999000	-57.68049621
1677.999000	37.35495421
1678.999000	11.42197398
1679.999000	60.47676041
1680.999000	-12.55906797
1681.999000	26.31563933
1682.999000	11.70388992
1683.999000	-79.94584059
1684.999000	-74.91529701
1685.999000	-21.81298068
1686.999000	9.30229018
1687.999000	36.08725884
1688.999000	-16.58731706
1689.999000	23.72623256
1690.999000	98.67732818
1691.999000	18.64408323
1692.999000	43.06096514
1693.999000	-34.74722491
1694.999000	110.17981582
1695.999000	-74.01544349
1696.999000	71.90960091
1697.999000	103.63932667
