# F(k,t) correlation function
# Reference time: 0.000 ps
# lag_time_ps	F(k,t)
0.000000	405.08323232
1.000000	38.27191099
2.000000	67.24123751
3.000000	69.49975123
4.000000	-77.82918293
5.000000	80.05172475
6.000000	-3.24778614
7.000000	-52.93181598
8.000000	-73.87087159
9.000000	-12.67376230
10.000000	-65.38169932
11.000000	18.06217938
12.000000	3.93147356
13.000000	-38.10524487
14.000000	17.33477919
15.000000	21.91440765
16.000000	-91.76278219
17.000000	42.01682130
18.000000	-44.56989796
19.000000	-16.71130821
20.000000	55.12377504
21.000000	-13.08890098
22.000000	15.80019166
23.000000	61.63332336
24.000000	-66.89416754
25.000000	-21.46501690
26.000000	-26.01599468
27.000000	-81.16175593
28.000000	67.63404378
29.000000	35.37609799
30.000000	90.94413486
31.000000	28.02392285
32.000000	46.37024111
33.000000	-10.14487286
34.000000	12.27116417
35.000000	27.57474713
36.000000	154.22201425
37.000000	12.46953080
38.000000	1.46259389
39.000000	-44.59297004
40.000000	-5.04809148
41.000000	-16.74517716
42.000000	-81.21802357
43.000000	86.39715886
44.000000	13.85195049
45.000000	66.59497626
46.000000	49.07469807
47.000000	-13.74257217
48.000000	21.16507776
49.000000	-28.50783811
50.000000	50.93052188
51.000000	-122.71798912
52.000000	17.87174646
53.000000	51.62000880
54.000000	-14.59651276
55.000000	-35.52738776
56.000000	27.62505320
58.000000	-2.24704165
60.000000	-37.32357074
62.000000	-44.81589157
64.000000	107.35979708
66.000000	19.80038208
68.000000	5.88656584
70.000000	-58.97903254
72.000000	-37.50226491
74.000000	3.91297512
76.000000	-42.41147207
78.000000	-34.00633619
80.000000	81.55178072
82.000000	39.07563442
84.000000	-47.65008397
86.000000	39.94773067
88.000000	-0.86238152
90.000000	-18.07878142
92.000000	-38.31324132
94.000000	80.24597157
96.000000	-35.87027622
98.000000	-90.71598433
100.000000	27.55479294
102.000000	1.72993491
104.000000	-31.36444520
106.000000	-138.32604204
108.000000	19.39576334
110.000000	-69.09396062
112.000000	-30.01954052
114.000000	40.09093464
116.000000	23.75670850
118.000000	33.57179226
120.000000	-74.01683495
122.000000	66.96357992
124.000000	-7.29668430
126.000000	-21.54069086
128.000000	-31.22570463
130.000000	-33.72623187
132.000000	20.62592318
134.000000	72.41921667
135.001000	64.80638417
137.001000	50.76179812
139.001000	76.60551278
141.001000	12.90441207
143.001000	49.33123331
145.001000	56.79662341
147.001000	8.59233883
149.001000	139.37021454
151.001000	-1.76346015
153.001000	-39.66130903
155.001000	42.31668456
157.001000	-10.46001039
159.001000	62.21535083
161.001000	-4.04350013
163.001000	40.28343085
165.001000	-92.72653020
167.001000	9.63486047
169.001000	39.54610960
171.001000	29.12061817
173.001000	17.54918317
175.001000	79.65148569
177.001000	97.69263720
179.001000	-60.47952180
181.001000	-38.66501766
183.001000	50.43223689
185.001000	8.49302024
187.001000	59.15658124
189.001000	-45.18507012
191.001000	-27.39640370
193.001000	-76.25080455
195.001000	83.77345198
197.001000	-55.61173380
199.001000	24.61647276
201.001000	36.06749886
203.001000	-88.10336401
205.001000	4.21396158
207.001000	-42.12952522
209.001000	-14.45414764
211.001000	-0.24266354
213.001000	57.39491816
215.001000	-1.44767058
217.001000	-30.04384423
219.001000	-113.97959815
221.001000	18.72903552
223.001000	-14.60819981
225.001000	15.91660030
227.001000	26.71958432
229.001000	71.29061224
231.001000	-58.34931591
233.001000	0.05358139
235.001000	-46.31904440
237.001000	33.18906193
239.001000	-94.15323947
241.001000	61.40818477
243.001000	-1.08321588
245.001000	36.95264449
247.001000	-95.79581930
249.001000	0.04042984
251.001000	40.57897493
253.001000	0.94991822
255.001000	-4.98517522
257.001000	-75.73625663
259.001000	42.46147226
261.001000	-45.88619341
263.001000	-55.58259329
265.001000	-94.65979844
267.001000	9.12447100
269.001000	-15.97654921
271.001000	-48.76475390
273.001000	43.15541502
275.001000	20.49572889
277.001000	-18.96495284
279.001000	-22.73088825
281.001000	-35.36806115
283.001000	-42.40598803
285.001000	7.87496200
287.001000	-11.21645942
289.001000	-70.30838720
291.001000	23.09080843
293.001000	72.39282678
295.001000	1.54932685
297.001000	-36.53457551
299.001000	40.80817048
301.001000	-1.13244030
303.001000	41.09440666
305.001000	4.32123891
307.001000	66.41939406
309.001000	24.66909622
311.001000	-10.01927053
313.001000	5.71346045
315.001000	-82.89947548
317.001000	-1.77716252
319.001000	-89.03339106
321.001000	48.87536296
323.001000	35.17037490
325.001000	-11.72964352
327.001000	-86.46372921
329.001000	-23.84642236
331.001000	0.34165900
333.001000	-1.82177226
335.001000	-3.12774519
337.001000	53.11610432
339.001000	-82.87930807
341.001000	-54.91321138
343.001000	33.23659044
345.001000	-75.79114313
347.001000	33.90328218
349.001000	9.20183186
351.001000	-17.24382597
353.001000	-26.11441927
355.001000	36.46597940
357.001000	-118.97059972
359.001000	-27.68864830
361.001000	-31.40047469
363.001000	9.56370867
365.001000	2.33576760
367.001000	51.41154508
369.001000	-34.06004092
371.001000	0.42091402
373.001000	1.14006107
375.001000	-87.32171804
377.001000	-22.10272018
379.001000	5.36820945
381.001000	-37.55838295
383.001000	163.49952104
385.001000	59.02562179
387.001000	-79.72515022
389.001000	-26.00546592
391.001000	-16.07921468
393.001000	29.14842596
395.001000	28.07708161
397.001000	48.13363586
399.001000	24.33526789
401.001000	38.83752286
403.001000	94.52708360
405.001000	74.70987154
407.001000	58.29522610
409.001000	-20.96883643
411.001000	18.57280880
413.001000	-109.85960865
415.001000	4.73599702
417.001000	47.91714138
419.001000	-28.33713332
421.001000	-54.36099713
423.001000	-37.20381622
425.001000	-26.27822554
427.001000	15.78641393
429.001000	2.56766060
431.001000	39.19173841
433.001000	-62.40171708
435.001000	34.94897267
437.001000	-20.45702558
439.001000	-7.74179967
441.001000	33.55309843
443.001000	37.78964355
445.001000	40.25244594
447.001000	31.71287720
449.001000	-30.40796400
451.001000	20.38704626
453.001000	9.38125774
455.001000	-60.27424999
457.001000	-0.05317985
459.001000	5.42557122
461.001000	-20.75616852
463.001000	46.01846657
465.001000	35.81124532
467.001000	-78.35867769
469.001000	-45.60221445
471.001000	39.39399438
473.001000	27.48030313
475.001000	117.38577766
477.001000	-28.02288148
479.001000	-53.97567199
481.001000	-104.17876546
483.001000	29.86981544
485.001000	65.07234987
487.001000	-57.04046461
489.001000	12.36117761
491.001000	-31.04498893
493.001000	1.93177861
495.001000	-4.09089997
497.001000	-80.09294978
499.001000	-123.50481875
501.001000	43.92974853
503.001000	-26.44254140
505.001000	-9.32869631
507.001000	13.51046630
509.001000	35.29608451
511.001000	63.11840485
513.001000	68.34388244
515.001000	8.63109478
517.001000	-20.29436404
519.001000	41.28136324
521.001000	8.59614483
523.001000	0.58929407
525.001000	-1.20916818
527.001000	8.86440789
529.001000	27.09414977
531.001000	-50.26882319
533.001000	11.96693920
535.001000	47.36639104
537.001000	-74.36579010
539.001000	118.58290558
541.001000	53.92720632
543.001000	-25.02751550
545.001000	64.40406650
547.001000	-2.15691336
549.001000	23.15095379
551.001000	18.35082562
553.001000	8.37938487
555.001000	17.79843235
557.001000	-27.73239369
559.001000	-86.78745498
561.001000	-22.27619033
563.001000	-10.17968584
565.001000	-5.29035843
567.001000	103.77246897
569.001000	-15.54104356
571.001000	-2.53256782
573.001000	32.41931673
575.001000	13.62253494
577.001000	-9.95075086
579.001000	-32.15034196
581.001000	10.89221429
583.001000	44.36334735
585.001000	13.23997115
587.001000	66.60587292
589.001000	-46.34961906
591.001000	42.14186584
593.001000	-35.29627663
595.001000	78.41172120
597.001000	-46.22375402
599.001000	-11.02530112
601.001000	74.35678608
603.001000	-74.51200193
605.001000	-39.11659712
607.001000	-25.32874625
609.001000	29.24935756
611.001000	33.16213375
613.001000	39.52250863
615.001000	-9.59448734
617.001000	29.46135225
619.001000	-94.37303303
621.001000	-25.22253632
623.001000	10.01659794
625.001000	-99.19696053
627.001000	-72.37082747
629.001000	87.61246076
631.001000	-92.61449774
633.001000	-28.66973275
635.001000	5.05763359
637.001000	-11.52589485
639.001000	59.53051137
641.001000	-83.19236396
643.001000	45.09834452
645.001000	-12.86304852
647.001000	-58.35708858
649.001000	7.94728769
651.001000	30.75503285
653.001000	1.61218540
655.001000	4.18862779
657.001000	-26.56323735
659.001000	-37.54968379
661.001000	19.68835752
663.001000	-28.10540494
665.001000	-17.66704091
667.001000	-107.05231640
669.001000	-27.41773343
671.001000	11.00509946
673.001000	25.84308827
675.001000	8.76673591
677.001000	19.79719217
679.001000	0.39582903
681.001000	-14.85537781
683.001000	76.43491007
685.001000	7.64965892
687.001000	73.17714135
689.001000	-51.11984387
691.001000	10.50051139
693.001000	67.98676995
695.001000	-13.43930416
697.001000	-63.23151440
699.001000	-117.22774471
701.001000	42.78992709
703.001000	22.96078345
705.001000	-58.29139933
707.001000	14.29714048
709.001000	17.44641551
711.001000	-28.52338879
713.001000	-129.88397540
715.001000	-111.67496517
717.001000	-33.38435720
719.001000	-15.21222476
721.001000	-25.85080529
723.001000	61.36569784
725.001000	64.25942151
727.001000	57.55473773
729.001000	1.21249247
731.001000	36.90922919
733.001000	-13.38579122
735.001000	11.61821256
737.001000	-20.20774938
739.001000	11.71189050
741.001000	-34.04688331
743.001000	59.91385886
745.001000	6.01306876
747.001000	-23.66612118
749.001000	-14.54853609
751.001000	-58.05681623
753.001000	77.85831929
755.001000	39.79525737
757.001000	-41.12050045
759.001000	-86.90769839
761.001000	-73.24496636
763.001000	-5.28399004
765.001000	-36.34109240
767.001000	38.70140316
769.001000	12.78522686
771.001000	-4.41050373
773.001000	78.79239690
775.001000	-16.47327877
777.001000	-7.93044896
779.001000	-59.79729857
781.001000	-59.04625987
783.001000	-29.33256959
785.001000	19.09788898
787.001000	9.86593105
789.001000	-15.96728698
791.001000	55.61270552
793.001000	-14.80308125
795.001000	-12.81523296
797.001000	21.64129464
799.001000	51.53768232
801.001000	-94.99593515
803.001000	-29.72861556
805.001000	-10.97319157
807.001000	-89.43855797
809.001000	8.89203549
811.001000	-2.11576618
813.001000	-53.26173217
815.001000	70.00404325
817.001000	24.14142897
819.001000	-43.86058925
821.001000	-11.85680137
823.001000	80.70508539
825.001000	15.45633508
827.001000	-26.23541216
829.001000	-12.66725415
831.001000	-1.48021064
833.001000	-51.51689764
835.001000	67.67823379
837.001000	-36.34246388
839.001000	-12.87992995
841.001000	-45.38303015
843.001000	-55.77819606
845.001000	79.07443795
847.001000	56.44289029
849.001000	-30.97175284
851.001000	27.38709956
853.001000	47.66532127
855.001000	-1.39335397
857.001000	44.28281138
859.001000	-19.41744305
861.001000	-52.27355125
863.001000	27.65650230
865.001000	-17.76978888
867.001000	44.54040869
869.001000	26.11641822
871.001000	19.84578731
873.001000	79.21067093
875.001000	-20.75587753
877.001000	28.45888164
879.001000	76.14506099
881.001000	-44.61535171
883.001000	-16.22766075
885.001000	24.59419377
887.001000	-1.02393020
889.001000	107.15024808
891.001000	-34.10140619
893.001000	21.50757195
895.001000	5.20937586
897.001000	31.30085411
899.001000	-42.18775119
901.001000	-8.47022777
903.001000	-35.71636376
905.001000	-10.40587886
907.001000	87.28448268
909.001000	50.10965967
911.001000	41.97067600
913.001000	-47.53657733
915.001000	52.63226301
917.001000	-16.29622755
919.001000	-41.92803380
921.001000	107.93031658
923.001000	12.27672217
925.001000	11.75678868
927.001000	-8.58509583
929.001000	-1.82428379
931.001000	-39.70193201
933.001000	25.94194740
935.001000	-51.46165147
937.001000	-17.13652122
939.001000	99.07093331
941.001000	45.72077523
943.001000	-16.65807986
945.001000	86.92178100
947.001000	-36.75910602
949.001000	-51.90967306
951.001000	26.62483408
953.001000	8.74312029
955.001000	49.26905047
957.001000	35.43568076
959.001000	-6.27090242
961.001000	8.85625384
963.001000	24.62531185
965.001000	75.56338891
967.001000	-79.07946404
969.001000	40.72933258
971.001000	-19.27840704
973.001000	-26.95734688
975.001000	131.09100293
977.001000	12.48553120
979.001000	-108.31120169
981.001000	-10.81762405
983.001000	37.56061840
985.001000	-66.68238639
987.001000	-32.37065062
989.001000	-61.03054800
991.001000	20.29069551
993.001000	79.41767041
995.001000	78.19020116
997.001000	-71.99715278
999.001000	43.67505540
1001.001000	45.74317837
1003.001000	-47.74075292
1005.001000	32.38670499
1007.001000	40.70010623
1009.001000	-69.21287935
1011.001000	80.50261776
1013.001000	-31.75820922
1015.001000	-18.49352116
1017.001000	41.36587138
1019.001000	-32.31255936
1021.001000	-67.60803568
1023.001000	97.51256337
1025.001000	-34.50096677
1027.001000	-43.16035767
1029.001000	2.57098548
1031.001000	3.18544568
1033.001000	-14.56232163
1035.001000	-54.53319375
1037.001000	46.80598234
1039.001000	-39.63165118
1041.001000	-113.24021129
1043.001000	-4.33932239
1045.001000	16.17107480
1047.001000	-111.38553705
1049.001000	18.37581443
1051.001000	-41.42823496
1053.001000	26.47710096
1055.001000	23.91815051
1057.001000	-31.08775187
1059.001000	-40.30748674
1061.001000	-1.61689849
1063.001000	37.01057712
1065.001000	44.05795275
1067.001000	-26.52799630
1069.001000	106.77232149
1071.001000	32.59225742
1073.001000	-42.58070517
1075.001000	5.76693346
1077.001000	67.19940782
1079.001000	67.20109148
1081.001000	-16.11493665
1083.001000	-0.21720146
1085.001000	-3.99330237
1087.001000	63.38414104
1089.001000	4.10071815
1091.001000	-12.89741959
1093.001000	5.40335813
1095.001000	5.36107342
1097.001000	14.79430203
1099.001000	-0.64135541
1101.001000	-22.94444243
1103.001000	-2.46769213
1105.001000	-62.36907508
1107.001000	-116.02634069
1109.001000	-41.28705639
1111.001000	-46.41878401
1113.001000	-1.62205692
1115.001000	-3.65857226
1117.001000	-50.43837094
1119.001000	-24.87066346
1121.001000	-30.45916022
1123.001000	76.03795867
1125.001000	-35.78689458
1127.001000	12.73407588
1129.001000	9.54846874
1131.001000	85.99365948
1133.001000	-5.31651743
1135.001000	-19.42934799
1137.001000	19.31741734
1139.001000	-60.54621467
1141.001000	59.63417970
1143.001000	-42.95314033
1145.001000	39.80908492
1147.001000	25.35313213
1149.001000	-72.09115155
1151.001000	58.31796435
1153.001000	-19.36419294
1155.001000	2.38524678
1157.001000	32.05255844
1159.001000	28.53092701
1161.001000	-45.66243313
1163.001000	-44.89093854
1165.001000	-6.88095692
1167.001000	54.96370501
1169.001000	7.03117298
1171.001000	50.95069612
1173.001000	-12.35955390
1175.001000	-1.05714213
1177.001000	50.81182157
1179.001000	-10.52512473
1181.001000	17.99805399
1183.001000	2.34119520
1185.001000	-60.76131869
1187.001000	6.71361961
1189.001000	48.97969089
1191.001000	52.13779756
1193.001000	-19.96103049
1195.001000	-7.20034345
1197.001000	-8.03950410
1199.001000	80.31358461
1201.001000	-40.42697667
1203.001000	-15.52102010
1205.001000	31.29764110
1207.001000	77.78392181
1209.001000	2.22326745
1211.001000	51.05853288
1213.001000	-12.27075589
1215.001000	0.21124167
1217.001000	-42.31806681
1219.001000	-10.69613095
1221.001000	18.19255243
1223.001000	29.23366080
1225.001000	-30.29559219
1227.001000	-26.10995046
1229.001000	-18.93550519
1231.001000	53.64234606
1233.001000	-36.28652515
1235.001000	39.90107265
1237.001000	-73.71302438
1239.001000	89.28058174
1241.001000	-36.32427194
1243.001000	-30.45734444
1245.001000	76.96619410
1247.001000	22.06458981
1249.001000	-29.33750092
1251.001000	-69.80699781
1253.001000	66.47682614
1255.001000	31.77906692
1257.001000	27.69409450
1259.001000	2.74143105
1261.001000	-19.61112108
1263.001000	60.85592067
1265.001000	0.63436218
1267.001000	-31.15865061
1269.001000	11.60936319
1271.001000	-38.33670086
1273.001000	113.93808854
1275.001000	57.71017129
1277.001000	-78.77970098
1279.001000	1.40889969
1281.001000	63.89015292
1283.001000	62.17112072
1285.001000	121.51647239
1287.001000	-23.28053537
1289.001000	43.79967739
1291.001000	-16.67397330
1293.001000	-24.63630028
1295.001000	19.77662813
1297.001000	-39.63661444
1299.001000	-7.96726610
1301.001000	-30.45098341
1303.001000	-44.15087805
1305.001000	38.78414884
1307.001000	-58.12603412
1309.001000	14.30412403
1311.001000	4.33765911
1313.001000	-14.45871346
1315.001000	-91.55131139
1317.001000	65.55145156
1319.001000	-46.16790567
1321.001000	3.03622693
1323.001000	128.12078786
1325.001000	58.51720472
1327.001000	22.85934178
1329.001000	43.21724308
1331.001000	30.17124204
1333.001000	73.10338728
1335.001000	-63.93914122
1337.001000	4.45744709
1339.001000	8.67640684
1341.001000	61.60575546
1343.001000	40.22097880
1345.001000	-22.99584835
1347.001000	55.28800000
1349.001000	24.98813352
1351.001000	33.59906703
1353.001000	107.10178752
1355.001000	62.57784595
1357.001000	36.22151797
1359.001000	-8.99644660
1361.001000	13.84232522
1363.001000	-66.25689389
1365.001000	-10.38500680
1367.001000	-22.59183953
1369.001000	18.22510752
1371.001000	68.47570705
1373.001000	47.08927492
1375.001000	-1.84088063
1377.001000	-42.98500667
1379.001000	27.55496713
1381.001000	19.18280483
1383.001000	-3.35042532
1385.001000	-0.00352754
1387.001000	-55.36967674
1389.001000	44.19946610
1391.001000	12.45517238
1393.001000	-35.38422714
1395.001000	31.03891051
1397.001000	-25.30091790
1399.001000	28.51887258
1401.001000	-0.46656906
1403.001000	6.53780743
1405.001000	93.83747758
1407.001000	-66.89143134
1409.001000	6.74853251
1411.001000	59.26377497
1413.001000	-29.97220899
1415.001000	-73.52818407
1417.001000	-92.72518124
1419.001000	-34.55929759
1421.001000	-64.31291051
1423.001000	81.68628627
1425.001000	26.06171553
1427.001000	-40.53022272
1429.001000	-65.16578548
1431.001000	20.80322335
1433.001000	101.89029411
1435.001000	23.33144367
1437.001000	-44.46590350
1439.001000	33.19547696
1441.001000	-78.44920482
1443.001000	-5.51266184
1445.001000	63.69406958
1447.001000	30.00028768
1449.001000	7.12063934
1451.001000	-24.65305925
1453.001000	72.05948762
1455.001000	44.59017935
1457.001000	-65.64722700
1459.001000	67.69325028
1461.001000	54.85346107
1463.001000	26.87438711
1465.001000	8.34463814
1467.001000	-85.50561673
1469.001000	61.52733819
1471.001000	-38.87080227
1473.001000	-71.90838426
1475.001000	-1.96486551
1477.001000	35.27133267
1479.001000	-19.17815531
1481.001000	33.17698861
1483.001000	51.69944731
1485.001000	9.58911472
1487.001000	29.86542946
1489.001000	12.32946932
1491.001000	-36.04596879
1493.001000	-6.46978714
1495.001000	72.12568506
1497.001000	-2.11409007
1499.001000	10.58734909
1501.001000	33.03463495
1503.001000	-20.29851984
1505.001000	-67.01393465
1507.001000	44.62987209
1509.001000	-26.84318382
1511.001000	33.06330167
1513.001000	40.01585640
1515.001000	80.04782875
1517.001000	67.02649810
1519.001000	55.32928851
1521.001000	11.38052687
1523.001000	-65.37535004
1525.001000	-25.45784774
1527.001000	-34.28896648
1529.001000	-31.37583026
1531.001000	-30.09476734
1533.001000	17.91048256
1535.001000	-33.73843744
1537.001000	-66.84978479
1539.001000	-65.52739360
1541.001000	90.41852096
1543.001000	65.48053912
1545.001000	41.95560658
1547.001000	49.71690881
1549.001000	5.85012474
1551.001000	-15.94431602
1553.001000	6.99753468
1555.001000	2.96856142
1557.001000	38.76731844
1559.001000	-48.38219001
1561.001000	-60.10783604
1563.001000	-75.65468109
1565.001000	-9.37421895
1567.001000	-65.19886839
1569.001000	0.40576565
1571.001000	-85.37275771
1573.001000	-11.93005402
1575.001000	51.64011359
1577.001000	-91.49961015
1579.001000	23.56908830
1581.001000	13.07282877
1583.001000	59.31075052
1585.001000	-53.70749239
1587.001000	27.83152738
1589.001000	49.37343503
1591.001000	20.03971948
1593.001000	76.53646410
1595.001000	-50.70254623
1597.001000	8.57437604
1599.001000	57.76166017
1601.001000	22.05512791
1603.001000	62.25398982
1605.001000	1.22339910
1607.001000	-21.85055204
1609.001000	70.13042612
1611.001000	-17.97410716
1613.001000	-84.97177204
1615.001000	6.70626681
1617.001000	-37.55641636
1619.001000	-59.64554860
1621.001000	-41.37699717
1623.001000	31.59153724
1625.001000	28.38619163
1627.001000	-9.96798347
1629.001000	-23.83003420
1631.001000	-5.24583584
1633.001000	49.26542552
1635.001000	56.10332564
1637.001000	-19.47877777
1639.001000	-22.19942773
1641.001000	-3.76292435
1643.001000	38.89840362
1645.001000	44.49546085
1647.001000	-13.04054423
1649.001000	51.33551397
1651.001000	2.55343427
1653.001000	11.34730802
1655.001000	-51.01475708
1657.001000	13.28877757
1659.001000	-76.81931666
1661.001000	11.50148538
1663.001000	-9.74213174
1665.001000	16.08233597
1667.001000	-30.14894979
1669.001000	-2.50874411
1671.001000	-21.35826770
1673.001000	-1.60375160
1675.001000	63.72785357
1677.001000	-56.59105299
1679.001000	72.56847050
1681.001000	109.29192080
1683.001000	-37.39839647
1685.001000	10.80888684
1687.001000	-26.79573584
1689.001000	12.14296673
1691.001000	-26.71714628
1693.001000	-7.49004253
1695.001000	-32.71415636
1697.001000	13.02230618
1699.001000	-9.63400955
1701.001000	26.69925959
1703.001000	-26.41556792
1705.001000	47.82057174
1707.001000	20.44854424
1709.001000	-73.82437919
1711.001000	-3.41056217
1713.001000	-20.83500413
1715.001000	49.44818010
1717.001000	-37.29072142
1719.001000	23.82439627
1721.001000	-23.36100606
1723.001000	-50.18184869
1725.001000	4.39913171
1727.001000	-33.37139328
1729.001000	42.18626242
1731.001000	52.45064841
1733.001000	-19.96943842
1735.001000	44.62902781
1737.001000	21.74121252
1739.001000	0.67994030
1741.001000	10.10239553
1743.001000	27.14904368
1745.001000	-61.36923561
1747.001000	-43.59136065
1749.001000	-49.56032505
1751.001000	-58.15283435
1753.001000	3.01017969
1755.001000	-45.37636228
1757.001000	-72.79234836
1759.001000	-50.69218333
1761.001000	48.26367180
1763.001000	72.05556232
1765.001000	19.87092356
1767.001000	12.39574763
1769.001000	-25.33359613
1771.001000	-37.85086463
1773.001000	-50.33842293
1775.001000	-75.83542235
1777.001000	-13.14139739
1779.001000	14.57508387
1781.001000	92.55903247
1783.001000	57.82688605
1785.001000	-52.20193465
1787.001000	-0.60945223
1789.001000	40.99774549
1791.001000	6.31932152
1793.001000	-4.92156991
1795.001000	24.36882992
1797.001000	-20.48243201
1799.001000	-69.60900880
1801.001000	-51.64340860
1803.001000	43.97688644
1805.001000	20.53849066
1807.001000	29.37675729
1809.001000	13.08663446
1811.001000	57.49086119
1813.001000	-12.07667297
1815.001000	-128.92848158
1817.001000	12.39028634
1819.001000	-24.18054262
1821.001000	-19.81137553
1823.001000	4.24188960
1825.001000	47.44415432
1827.001000	-64.75107791
1829.001000	31.39273962
1831.001000	-11.42480818
1833.001000	-93.60581794
1835.001000	-90.14496053
1837.001000	10.28066891
1839.001000	-31.26049809
1841.001000	67.92053353
1843.001000	46.41281505
1845.001000	-97.46168472
1847.001000	1.25046731
1849.001000	41.14458823
1850.001000	9.07895927
1851.001000	6.87853918
1852.001000	-21.65292406
1853.001000	-74.58607178
1854.001000	-21.56468656
1855.001000	28.29480063
1856.001000	9.37341372
1857.001000	-38.98966662
1858.001000	22.94101317
1859.001000	-12.99655069
1860.001000	71.84900369
1861.001000	-6.56822758
1862.001000	46.24788497
1863.001000	60.26736804
1864.001000	70.47816184
1865.001000	53.44248268
1866.001000	30.44526172
1867.001000	-44.79396426
1868.001000	38.05291630
1869.001000	85.95790977
1870.001000	-21.43609489
1871.001000	34.44107788
1872.001000	-15.91080733
1873.001000	60.59022287
1874.001000	38.18395899
1875.001000	78.17926576
1876.001000	-66.37199983
1877.001000	30.74585318
1878.001000	-1.42218451
1879.001000	-67.29754311
1880.001000	-34.43973636
1881.001000	-34.82736368
1882.001000	30.95617424
1883.001000	-36.84922077
1884.001000	6.41225179
1885.001000	9.44048722
1886.001000	42.20768619
1887.001000	-57.30633518
1888.001000	25.23806307
1889.001000	0.73128226
1890.001000	110.03425547
1891.001000	-71.98707979
1892.001000	133.74546807
1893.001000	29.05025612
1894.001000	57.30527013
1895.001000	75.04422246
1896.001000	-10.19366871
1897.001000	-46.91347840
1898.001000	-9.95242136
1899.001000	9.97563541
1900.001000	-14.70497330
1901.001000	-13.74403884
1902.001000	2.27369051
1903.001000	60.67935673
1904.001000	22.35203259
1905.001000	-49.74319456
1906.001000	-37.41835998
1907.001000	37.52651653
1908.001000	28.82491676
1909.001000	-13.29717866
1910.001000	-35.80878894
1911.001000	1.52174154
1912.001000	8.42932273
1913.001000	54.47831013
1914.001000	11.46317795
1915.001000	32.81167825
1916.001000	59.46123408
1917.001000	28.44297702
1918.001000	-120.12059819
1919.001000	6.42268601
1920.001000	-35.80824949
1921.001000	43.66883345
1922.001000	-66.40216077
1923.001000	25.89051832
1924.001000	-77.35647180
1925.001000	-93.49457574
1926.001000	-23.48145448
1927.001000	-24.44962876
1928.001000	50.36926531
1929.001000	-25.59835261
1930.001000	-34.24782952
1931.001000	0.43004786
1932.001000	-7.60340985
1933.001000	-40.91686350
1934.001000	110.51353432
1935.001000	48.34333610
1936.001000	-70.42969469
1937.001000	25.14465028
1938.001000	31.02972661
1939.001000	47.13710412
1940.001000	82.14540249
1941.001000	42.27995149
1942.001000	16.04011683
1943.001000	32.35982907
1944.001000	32.06991144
1945.001000	2.83847621
1946.001000	8.12488177
1947.001000	108.42239992
1948.001000	-8.51651247
1949.001000	72.92909774
1950.001000	-9.48419941
1951.001000	-49.66307507
1952.001000	-35.53677239
1953.001000	94.67833606
1954.001000	-51.30104482
1955.001000	-37.35938039
1956.001000	-4.01862181
1957.001000	-26.36544168
1958.001000	-52.41884142
1959.001000	-98.18243849
1960.001000	17.20931777
1961.001000	68.61887836
1962.001000	-59.19765433
1963.001000	-33.53852346
1964.001000	-4.98393865
1965.001000	16.94666559
1966.001000	0.96257369
1967.001000	39.03509630
1968.001000	4.51695736
1969.001000	53.30397339
1970.001000	-3.79679329
1971.001000	-51.92404793
1972.001000	42.12247379
