# F(k,t) correlation function
# Reference time: 2008.001 ps
# lag_time_ps	F(k,t)
0.000000	531.03460669
1.000000	79.54488293
2.000000	-30.07279978
3.000000	-122.58211344
4.000000	77.92468769
5.000000	-56.91547103
6.000000	114.57176705
7.000000	-5.50640194
8.000000	-68.95803890
9.000000	-66.05590122
10.000000	-5.34716296
11.000000	-43.80784246
12.000000	15.29358524
13.000000	-41.29474496
14.000000	8.34066960
15.000000	41.68423902
16.000000	-0.31116725
17.000000	56.78326729
18.000000	2.25377500
19.000000	39.11787797
20.000000	121.73973135
21.000000	0.19235964
22.000000	76.65256264
23.000000	-5.19624109
24.000000	18.17828762
25.000000	-24.05358498
26.000000	8.05825106
27.000000	-33.45615168
28.000000	57.93808877
29.000000	-6.26178107
30.000000	4.85167629
31.000000	-93.51261702
32.000000	73.61777677
33.000000	-33.39760360
34.000000	-74.87323064
35.000000	-6.61280238
36.000000	-97.04079019
37.000000	-81.51863320
38.000000	-57.23473325
39.999000	12.77017755
40.999000	-50.05386968
41.999000	18.75454154
42.999000	6.40490012
43.999000	-40.15000691
44.999000	140.10173895
45.999000	-49.21288033
46.999000	-104.23740501
47.999000	21.08873962
48.999000	9.82967209
49.999000	-66.39104332
50.999000	-8.02784345
51.999000	39.72833576
52.999000	-10.01850539
53.999000	-13.17397393
54.999000	29.86723291
55.999000	-39.09372174
56.999000	30.99563372
57.999000	-5.78620593
58.999000	37.72290722
59.999000	-66.67973215
60.999000	-52.67954823
61.999000	-58.17354956
62.999000	112.75039490
63.999000	-14.69193776
64.999000	-77.07750196
65.999000	-79.69511189
66.999000	79.11123845
67.999000	-74.60784591
68.999000	-53.41231794
69.999000	-71.54206692
70.999000	-6.18527027
71.999000	-5.27017207
72.999000	27.79584362
73.999000	-25.99138031
74.999000	-45.96459659
75.999000	-82.84717272
76.999000	23.61476358
77.999000	-67.25095858
78.999000	36.77826801
79.999000	-47.73227234
80.999000	-14.37305377
81.999000	-36.97218429
82.999000	-50.00363914
83.999000	80.59437288
84.999000	27.12403528
85.999000	-38.89954456
86.999000	-53.47042435
87.999000	2.28388697
88.999000	-71.71233377
89.999000	-15.33180329
90.999000	-93.01961190
91.999000	6.77274589
92.999000	-37.42900057
93.999000	-72.28052227
94.999000	117.83667680
95.999000	-64.92650107
96.999000	75.22161448
97.999000	4.45465997
98.999000	17.24338109
99.999000	-48.83128635
100.999000	-29.38652792
101.999000	123.19524761
102.999000	-7.74919221
103.999000	-45.94515102
104.999000	36.12766219
105.999000	-39.92782423
106.999000	38.70675576
107.999000	34.29325385
108.999000	55.19544707
109.999000	-50.94456605
110.999000	-45.17768986
111.999000	-25.85969190
112.999000	82.33180489
113.999000	9.62825197
114.999000	5.66757588
115.999000	10.42517377
116.999000	98.29816419
117.999000	-61.35386596
118.999000	161.94275372
119.999000	-23.17166137
120.999000	30.36460366
121.999000	115.25716878
122.999000	-41.44820712
123.999000	37.63823403
124.999000	-18.27972042
125.999000	-42.27132190
126.999000	-33.48920432
127.999000	5.99976517
128.999000	-51.87466341
129.999000	-15.31856006
130.999000	-45.86229704
131.999000	5.77855475
132.999000	31.24665369
133.999000	-13.69686477
134.999000	38.32681604
135.999000	52.54893607
136.999000	-77.26635345
137.999000	-42.86281069
138.999000	-65.44315772
139.999000	26.19614368
140.999000	-104.04121807
141.999000	29.90205842
142.999000	1.28325956
143.999000	24.05270348
144.999000	-7.05324600
145.999000	22.18596777
146.999000	29.94588455
147.999000	-0.11104305
148.999000	-13.09261866
149.999000	74.11007130
150.999000	-27.80523690
151.999000	-16.28711515
152.999000	-28.92737185
153.999000	74.22666582
154.999000	94.03878891
155.999000	1.11062595
156.999000	77.05675626
157.999000	-60.01733222
158.999000	48.64618428
159.999000	-9.72051438
160.999000	-43.61360855
161.999000	-20.48841352
162.999000	72.67287076
163.999000	46.64539896
164.999000	62.59765876
165.999000	6.57411006
166.999000	130.98880700
167.999000	28.52871407
168.999000	16.06274115
169.999000	-14.33636345
170.999000	-55.31311264
171.999000	-61.19705579
172.999000	60.95079865
173.999000	4.49443331
174.999000	60.56467682
175.999000	16.91330388
176.999000	-35.04680499
177.999000	-48.22491141
178.999000	22.28813620
179.999000	41.96893800
180.999000	81.05042909
181.999000	62.77786228
182.999000	-32.27367245
183.999000	-24.80106850
184.999000	64.70583570
185.999000	-17.87338929
186.999000	96.36418285
187.999000	-36.17284250
188.999000	6.31503236
189.999000	-53.64251866
190.999000	30.47105388
191.999000	-28.98008417
192.999000	-19.19694874
193.999000	-25.79378939
194.999000	-23.71028153
195.999000	-37.66008161
196.999000	-43.57915505
197.999000	16.62782365
198.999000	20.50719358
199.999000	-30.77619428
200.999000	-82.00959999
201.999000	-16.91701079
202.999000	30.94555872
203.999000	120.03812940
204.999000	3.33740904
205.999000	-1.78490209
206.999000	-56.02984434
207.999000	-16.71556190
208.999000	18.30305365
209.999000	-29.98945702
210.999000	-10.93762001
211.999000	-84.14421649
212.999000	32.38489470
213.999000	37.94887871
214.999000	-91.96218810
215.999000	-32.12581109
216.999000	-22.22427030
217.999000	-9.02526223
218.999000	23.04058791
219.999000	-16.72142598
220.999000	-32.27543513
221.999000	-0.57646279
222.999000	62.13126425
223.999000	-57.71667795
224.999000	-48.01830101
225.999000	-70.33501647
226.999000	-5.70464262
227.999000	102.16154709
228.999000	-15.29061868
229.999000	-62.48179453
230.999000	-35.82253571
231.999000	-33.59310487
232.999000	51.80317100
233.999000	-22.69168754
234.999000	-22.00757085
235.999000	6.92591093
236.999000	-31.21593678
237.999000	-8.75248736
238.999000	88.61405740
239.999000	55.76216638
240.999000	-90.01247782
241.999000	138.33382137
242.999000	-58.81430065
243.999000	-69.57817139
244.999000	-1.56630507
245.999000	26.63783964
246.999000	-44.32364555
247.999000	34.14224249
248.999000	-34.10207251
249.999000	10.25892584
250.999000	11.01158928
251.999000	21.23775519
252.999000	106.77582979
253.999000	-32.10826226
254.999000	-26.29425126
255.999000	94.58675376
256.999000	60.31386946
257.999000	44.84303597
258.999000	27.86904139
259.999000	-138.48302407
260.999000	1.52891750
261.999000	-9.69638336
262.999000	35.75547966
263.999000	-75.67113443
264.999000	12.35724295
265.999000	-107.04369977
266.999000	-19.31324085
267.999000	14.23716526
268.999000	14.84648145
269.999000	22.63881973
270.999000	34.31640423
271.999000	7.37282396
272.999000	-45.10529638
273.999000	-0.86892184
274.999000	-17.99846956
275.999000	34.88944261
276.999000	46.90679303
277.999000	54.62402964
278.999000	-20.77159875
279.999000	-9.89454487
280.999000	4.84029999
281.999000	-44.77101790
282.999000	-118.20057805
283.999000	64.23535107
284.999000	-56.77046028
285.999000	34.90357081
286.999000	-23.91309065
287.999000	-44.77936638
288.999000	1.69125166
289.999000	-74.26467592
290.999000	89.21952280
291.999000	-45.26781696
