# F(k,t) correlation function
# Reference time: 1808.001 ps
# lag_time_ps	F(k,t)
0.000000	475.49953441
1.000000	33.02953178
3.000000	8.28181235
5.000000	36.50990376
7.000000	95.37776040
9.000000	-46.38072588
11.000000	-42.79481747
13.000000	73.15791360
15.000000	71.19208234
17.000000	100.78603999
19.000000	-34.80588360
21.000000	16.15770562
23.000000	18.72466256
25.000000	-21.93496442
27.000000	71.47266449
29.000000	51.82122422
31.000000	32.43764335
33.000000	-115.02948637
35.000000	33.26470839
37.000000	11.32145188
39.000000	85.47236160
41.000000	37.98656634
42.000000	-139.55238592
43.000000	22.92160773
44.000000	-52.73792966
45.000000	-53.10703639
46.000000	122.22380666
47.000000	25.19360967
48.000000	-46.21623555
49.000000	-107.35720712
50.000000	64.30149741
51.000000	-56.42664153
52.000000	-23.42378898
53.000000	117.11190401
54.000000	-40.46981709
55.000000	-53.76471294
56.000000	-26.52078252
57.000000	-61.73202760
58.000000	20.08042861
59.000000	-33.79635408
60.000000	-82.78935317
61.000000	39.74861507
62.000000	6.98610810
63.000000	17.46844280
64.000000	-28.54916785
65.000000	42.02017486
66.000000	-11.40893557
67.000000	20.47882721
68.000000	-65.84694080
69.000000	-71.54272920
70.000000	-14.38507403
71.000000	-37.20190209
72.000000	6.75327168
73.000000	-80.51148995
74.000000	-131.69601420
75.000000	-83.22029742
76.000000	64.28416711
77.000000	-28.86736901
78.000000	-30.17579190
79.000000	-45.51554738
80.000000	56.23794124
81.000000	-57.75916817
82.000000	14.10550583
83.000000	-67.82884422
84.000000	64.62270336
85.000000	0.46199175
86.000000	-28.49485460
87.000000	-118.52526886
88.000000	111.34147930
89.000000	-26.74615940
90.000000	5.31651750
91.000000	41.49280026
92.000000	-36.18420836
93.000000	-14.89904413
94.000000	29.28703626
95.000000	-52.83030237
96.000000	-9.69615824
97.000000	-11.18832576
98.000000	-35.80109680
99.000000	37.51205776
100.000000	-9.67245429
101.000000	12.63921581
102.000000	33.21295139
103.000000	-29.54376371
104.000000	19.36976363
105.000000	20.03491486
106.000000	-41.79878653
107.000000	6.90024767
108.000000	-43.74427865
109.000000	-35.18381580
110.000000	-30.83255788
111.000000	-83.25188801
112.000000	12.34247404
113.000000	-64.11690574
114.000000	21.09007237
115.000000	2.73384205
116.000000	16.14798426
117.000000	88.60217703
118.000000	-102.97281232
119.000000	66.97799233
120.000000	14.37898381
121.000000	43.82214775
122.000000	-26.68753711
123.000000	22.45706971
124.000000	-12.57348057
125.000000	-3.57345265
126.000000	-50.30827590
127.000000	2.82281059
128.000000	44.72240895
129.000000	37.18644968
130.000000	5.35015772
131.000000	28.58893061
132.000000	73.09839393
133.000000	-13.95617430
134.000000	56.13166109
135.000000	51.26694014
136.000000	-26.21832441
137.000000	-6.59058580
138.000000	-11.77283438
139.000000	123.72468326
140.000000	-40.37513721
141.000000	33.68691254
142.000000	-39.05115317
143.000000	-49.19270833
144.000000	81.92112473
145.000000	27.76450973
146.000000	-68.35589842
147.000000	8.11025058
148.000000	60.70017790
149.000000	36.26442652
150.000000	47.84202860
151.000000	-14.64524455
152.000000	21.12118546
153.000000	1.98508484
154.000000	8.93252941
155.000000	-47.42234457
156.000000	-52.23051947
157.000000	-73.81739436
158.000000	-30.79356772
159.000000	18.23151007
160.000000	35.59190797
161.000000	-35.35837335
162.000000	17.20578777
163.000000	21.63308699
164.000000	-74.84376477
165.000000	21.84380437
166.000000	102.77519666
167.000000	-55.95159830
168.000000	6.82449193
169.000000	4.36303845
170.000000	30.17514470
171.000000	17.57351335
172.000000	29.86151870
173.000000	10.91915732
174.000000	8.32569350
175.000000	108.23812470
176.000000	-29.44009377
177.000000	-6.52259950
178.000000	-65.53757655
179.000000	-43.67339517
180.000000	-2.01009850
181.000000	23.99103513
182.000000	2.63010383
183.000000	101.85097173
184.000000	-39.99193340
185.000000	-26.53667455
186.000000	32.23803900
187.000000	-26.47611619
188.000000	62.78073754
189.000000	-14.41083817
190.000000	7.93054670
191.000000	13.08388819
192.000000	17.35767227
193.000000	14.17461711
194.000000	69.34629610
195.000000	-62.37336545
196.000000	-25.99618661
197.000000	28.50309954
198.000000	14.18803860
199.000000	-18.23472522
200.000000	-57.65146331
201.000000	-39.73336162
202.000000	-15.28607328
203.000000	-41.13431388
204.000000	18.27389099
205.000000	-49.12335191
206.000000	22.77480588
207.000000	-67.78490815
208.000000	4.36344221
209.000000	15.10238508
210.000000	-43.72975496
211.000000	-29.18237975
212.000000	-3.24048188
213.000000	152.75625998
214.000000	41.39177216
215.000000	11.02163411
216.000000	-14.73583289
217.000000	-57.99697204
218.000000	-20.97791062
219.000000	60.69678225
220.000000	1.75662129
221.000000	66.00230012
222.000000	-14.26630483
223.000000	52.99998823
224.000000	-21.04117807
225.000000	-100.67645884
226.000000	2.27772512
227.000000	48.92541383
228.000000	98.37049663
229.000000	-63.63641303
230.000000	-52.25240652
231.000000	-48.53722445
232.000000	90.21707796
233.000000	-65.43024926
234.000000	68.74192055
235.000000	59.19713178
236.000000	11.16959616
237.000000	-63.06072999
238.000000	-1.46645023
239.999000	4.63992270
240.999000	-57.17927302
241.999000	-43.96646817
242.999000	80.04659465
243.999000	-32.26883370
244.999000	-58.89475473
245.999000	99.56431432
246.999000	-34.83054275
247.999000	-22.30104334
248.999000	-15.51239202
249.999000	-41.38464188
250.999000	-65.40319307
251.999000	103.00739396
252.999000	-12.94575661
253.999000	36.23446614
254.999000	-64.64248393
255.999000	20.07636273
256.999000	14.45829985
257.999000	9.27786067
258.999000	-54.86089896
259.999000	1.57576767
260.999000	32.59781711
261.999000	55.45102603
262.999000	-40.78823941
263.999000	32.06763676
264.999000	-48.74332145
265.999000	92.28950247
266.999000	38.08091265
267.999000	-63.94302464
268.999000	-80.92049352
269.999000	-8.86944727
270.999000	-27.63630546
271.999000	38.31566080
272.999000	-9.97844558
273.999000	-29.84020912
274.999000	37.89264142
275.999000	-46.07128153
276.999000	8.81547146
277.999000	-136.73645707
278.999000	-3.77806914
279.999000	11.83690329
280.999000	76.57947343
281.999000	-12.82478516
282.999000	-20.77133340
283.999000	-20.47580531
284.999000	-12.73104909
285.999000	0.72777668
286.999000	22.40459614
287.999000	-23.12033053
288.999000	38.59965967
289.999000	-58.18160633
290.999000	26.23928579
291.999000	0.93967114
292.999000	-68.11674311
293.999000	-48.50447757
294.999000	6.87704443
295.999000	-40.99585290
296.999000	5.63251632
297.999000	-12.48804333
298.999000	-62.94077452
299.999000	-20.69159896
300.999000	-94.26037078
301.999000	-12.97679003
302.999000	-44.99332685
303.999000	-44.93208533
304.999000	13.61474177
305.999000	33.94897176
306.999000	9.02568358
307.999000	58.02632811
308.999000	-39.43303127
309.999000	-109.67144948
310.999000	37.13190289
311.999000	-76.58214631
312.999000	-69.82754649
313.999000	-91.61362149
314.999000	102.32429144
315.999000	4.76881985
316.999000	-83.64324390
317.999000	4.73976505
318.999000	71.89717037
319.999000	46.97075154
320.999000	25.27436205
321.999000	69.76772311
322.999000	66.38916153
323.999000	25.05933202
324.999000	42.14836881
325.999000	34.19686796
326.999000	80.79094351
327.999000	62.18534484
328.999000	-4.16057617
329.999000	52.79719123
330.999000	-46.94118190
331.999000	-72.56207175
332.999000	40.57063953
333.999000	30.19245026
334.999000	47.94642163
335.999000	-84.73422222
336.999000	-53.02455065
337.999000	0.14342925
338.999000	17.93841766
339.999000	97.24858392
340.999000	-28.97639276
341.999000	54.71841377
342.999000	49.67848181
343.999000	42.80775338
344.999000	39.37100961
345.999000	49.69075466
346.999000	-16.71295448
347.999000	42.21681139
348.999000	6.70238169
349.999000	8.32120861
350.999000	-42.12637472
351.999000	57.83394772
352.999000	-4.64492106
353.999000	-7.16398838
354.999000	-103.94868759
355.999000	80.20592312
356.999000	0.21245972
357.999000	-57.18261681
358.999000	41.76740369
359.999000	46.76560285
360.999000	-31.26405127
361.999000	25.79190511
362.999000	3.29711993
363.999000	21.01002338
364.999000	49.72512973
365.999000	-101.53785134
366.999000	64.48601682
367.999000	-2.37403389
368.999000	72.22274140
369.999000	-33.97549525
370.999000	11.86616177
371.999000	-17.53684547
372.999000	23.02137678
373.999000	32.90629252
374.999000	32.63672471
375.999000	53.91582945
376.999000	-26.06037438
377.999000	-26.28655513
378.999000	-13.13515468
379.999000	-62.24166947
380.999000	28.84868982
381.999000	-76.18532652
382.999000	-53.87709184
383.999000	-42.76982583
384.999000	-72.65585206
385.999000	-40.47620342
386.999000	-38.38573732
387.999000	24.46104998
388.999000	-68.79636179
389.999000	-24.41344089
390.999000	-39.14395917
391.999000	-33.48862302
392.999000	42.45469825
393.999000	-64.60590837
394.999000	43.72602577
395.999000	-22.23902172
396.999000	-25.62773330
397.999000	19.16359690
398.999000	-18.48620017
399.999000	-20.93762618
400.999000	16.33417829
401.999000	51.26533848
402.999000	31.65518454
403.999000	-60.82383490
404.999000	88.86292837
405.999000	6.63383585
406.999000	42.54109493
407.999000	26.78329505
408.999000	44.91945113
409.999000	-33.22489364
410.999000	56.50449395
411.999000	16.92075382
412.999000	31.86128782
413.999000	105.68407720
414.999000	-30.90809114
415.999000	38.03677195
416.999000	-130.74391382
417.999000	-47.31254444
418.999000	-42.70011895
419.999000	36.59252970
420.999000	-76.00488521
421.999000	61.89563633
422.999000	-72.74313478
423.999000	-31.49644017
424.999000	-46.32743293
425.999000	-37.99129532
426.999000	94.70918403
427.999000	-65.21066736
428.999000	52.03131427
429.999000	26.59162372
430.999000	36.42648723
431.999000	-58.82928109
432.999000	-23.62579355
433.999000	-65.29876611
434.999000	51.28329111
435.999000	50.19345429
436.999000	-10.34960218
437.999000	-1.46545109
438.999000	23.75861386
439.999000	37.41858811
440.999000	-36.35415119
441.999000	-48.31602551
442.999000	17.77058528
443.999000	50.78145598
444.999000	24.45694780
445.999000	46.29512736
446.999000	-90.77160910
447.999000	-58.39267850
448.999000	-39.83713187
449.999000	-15.39768413
450.999000	32.84239201
451.999000	-49.77079419
452.999000	-3.22327141
453.999000	-0.51585472
454.999000	-42.86353380
455.999000	51.62470684
456.999000	76.06998428
457.999000	-34.54819848
458.999000	84.76366941
459.999000	40.88633674
460.999000	-14.40747973
461.999000	-50.23768313
462.999000	40.83730173
463.999000	24.57221074
464.999000	65.51604399
465.999000	21.15505420
466.999000	-4.86189459
467.999000	-11.35268945
468.999000	-20.83388031
469.999000	37.97833799
470.999000	-45.84397201
471.999000	-73.43415691
472.999000	45.71852532
473.999000	68.90033969
474.999000	-47.62068859
475.999000	0.30012682
476.999000	103.66363948
477.999000	58.54933307
478.999000	9.73572093
479.999000	-29.43359784
480.999000	31.36300205
481.999000	-9.30671174
482.999000	-28.33079623
483.999000	-26.16983215
484.999000	-66.07501582
485.999000	-76.00128429
486.999000	-80.31757437
487.999000	-56.83379668
488.999000	96.30932770
489.999000	5.68460012
490.999000	30.24373023
491.999000	5.08850406
