# turn-on energies from lambda=0 equilibrium snapshots
# lambda_eval=0.03  T=100.0 K  burn_in_ps=1000.0
time_ps  E_coup_turnon_kjmol  E_coup_relaxed_kjmol  E_dse_kjmol
1001.000000  8.24886894  -357.06106567  178.53047180
1011.000000  12.50960445  -1222.42590332  611.21270752
1021.000000  -23.92339516  -679.72973633  339.86471558
1031.000000  32.62786102  -384.69586182  192.34785461
1041.000000  -7.56740236  -5389.39843750  2694.69824219
1051.000000  17.88204002  -524.26440430  262.13211060
1061.000000  -123.53508759  -2791.12500000  1395.56188965
1071.000000  -53.96399307  -2630.70678711  1315.35290527
1081.000000  8.65602684  -2807.05859375  1403.52868652
1091.000000  46.53861237  -3495.42456055  1747.71154785
1101.000000  2.49897861  -2144.95336914  1072.47631836
1111.000000  48.28199768  -1533.91064453  766.95489502
1121.000000  32.54052353  -4658.56445312  2329.28125000
1131.000000  -4.99659538  -3001.13403320  1500.56628418
1141.000000  45.24702072  -2095.84570312  1047.92248535
1151.000000  30.03531075  -2673.96508789  1336.98205566
1161.000000  54.13639069  -882.49377441  441.24667358
1171.000000  -2.55767226  -1018.47088623  509.23526001
1181.000000  9.85683155  -2790.54980469  1395.27441406
1191.000000  -72.22591400  -3835.86328125  1917.93103027
1201.000000  -62.46289062  -5293.98535156  2646.99145508
1211.000000  -9.36478138  -4083.77832031  2041.88830566
1221.000000  41.52393723  -3685.87451172  1842.93640137
1231.000000  -14.98244381  -4548.67871094  2274.33837891
1241.000000  -73.61307526  -3646.16479492  1823.08166504
1251.000000  51.24080658  -3037.65502930  1518.82690430
1261.000000  -62.24412155  -1680.82922363  840.41418457
1271.000000  60.03431320  -1432.26184082  716.13067627
1281.000000  -13.19645977  -961.92169189  480.96063232
1291.000000  -6.37543678  -981.78405762  490.89181519
1301.000000  1.14104676  -958.62988281  479.31469727
1311.000000  7.36469555  -1266.57275391  633.28613281
1321.000000  11.70531273  -495.47503662  247.73741150
1331.000000  -62.00353622  -1604.05004883  802.02471924
1341.000000  -15.53916454  -1260.77392578  630.38671875
1351.000000  -34.29382706  -667.76501465  333.88235474
1361.000000  2.62957883  -494.22384644  247.11180115
1371.000000  14.83875942  -270.78439331  135.39216614
1381.000000  -14.59086514  -230.36692810  115.18341827
1391.000000  4.28392124  -295.22805786  147.61396790
1401.000000  14.75421143  -120.63768768  60.31881714
1411.000000  -3.61566257  -130.53622437  65.26808167
1421.000000  11.34060955  -236.92282104  118.46135712
1431.000000  -12.80411243  -781.65802002  390.82882690
1441.000000  16.30098724  -2301.01806641  1150.50854492
1451.000000  1.49657869  -631.07012939  315.53491211
1461.000000  -30.79151344  -461.29415894  230.64697266
1471.000000  29.81421089  -463.89807129  231.94892883
1481.000000  12.56717777  -933.73565674  466.86758423
1491.000000  48.14395905  -1409.19775391  704.59857178
1501.000000  -18.35881233  -327.55731201  163.77857971
1511.000000  -12.16631126  -753.37677002  376.68826294
1521.000000  -1.69776940  -42.44154739  21.22076416
1531.000000  5.23923254  -467.49060059  233.74520874
1541.000000  6.09808779  -162.74580383  81.37286377
1551.000000  -6.32630253  -120.35320282  60.17658234
1561.000000  6.78905201  -268.80068970  134.40029907
1571.000000  16.36504173  -149.86637878  74.93315125
1581.000000  -38.62123108  -411.63070679  205.81527710
1591.000000  30.05930519  -1242.74694824  621.37322998
1601.000000  -13.79332161  -324.17742920  162.08866882
1611.000000  20.74919891  -956.87756348  478.43859863
1621.000000  -0.54273057  -35.91075897  17.95537186
1631.000000  11.08478832  -175.94610596  87.97301483
1641.000000  -12.53688431  -547.28283691  273.64126587
1651.000000  -21.28205299  -172.81376648  86.40684509
1661.000000  -5.90604019  -254.69461060  127.34725189
1671.000000  2.42753887  -157.78269958  78.89131927
1681.000000  12.02987766  -1032.09167480  516.04559326
1691.000000  30.93026352  -1044.97216797  522.48590088
1701.000000  9.81379986  -538.59033203  269.29507446
1711.000000  -12.35889244  -505.04867554  252.52423096
1721.000000  2.75132251  -432.84292603  216.42137146
1731.000000  -13.40940857  -205.98812866  102.99402618
1741.000000  -8.65957737  -345.93725586  172.96856689
1751.000000  3.06762028  -544.25146484  272.12561035
1761.000000  6.50454617  -156.12507629  78.06250763
1771.000000  -35.74387360  -629.80151367  314.90060425
1781.000000  -13.21858120  -557.46954346  278.73468018
1791.000000  -25.73087692  -990.28039551  495.13998413
1801.000000  7.97608232  -920.50372314  460.25167847
1811.000000  -15.91379833  -517.03149414  258.51562500
1821.000000  14.11437702  -655.17193604  327.58584595
1831.000000  13.45806980  -766.24981689  383.12478638
1841.000000  -34.26102066  -241.87170410  120.93579102
1851.000000  92.45659637  -1115.43115234  557.71533203
1861.000000  -15.33890247  -206.16291809  103.08142090
1871.000000  -8.40543842  -214.27803040  107.13896179
1881.000000  16.31480980  -232.43263245  116.21627808
1891.000000  13.63241386  -186.49403381  93.24697876
1901.000000  14.28659153  -1208.26245117  604.13098145
1911.000000  -6.20119143  -1207.17028809  603.58483887
1921.000000  50.20221710  -1375.72045898  687.85992432
1931.000000  31.82716370  -772.54614258  386.27291870
1941.000000  8.32915688  -494.49902344  247.24938965
1951.000000  47.63345718  -735.71368408  367.85665894
1961.000000  12.90793705  -154.60435486  77.30215454
1971.000000  4.62463093  -561.50579834  280.75277710
1981.000000  -7.59387493  -228.44683838  114.22336578
1991.000000  0.67997253  -197.95816040  98.97903442
2001.000000  1.07212055  -230.71534729  115.35762787
2011.000000  -2.01780820  -640.56402588  320.28189087
2021.000000  12.38818264  -62.79316711  31.39656639
2031.000000  -4.96531868  -113.84484100  56.92239380
2041.000000  0.08753253  -206.67852783  103.33921814
2051.000000  23.25625801  -3100.12890625  1550.06372070
2061.000000  -114.93785095  -2859.94653320  1429.97253418
2071.000000  86.15604401  -4370.92089844  2185.45947266
2081.000000  10.73848915  -2985.10107422  1492.54992676
2091.000000  118.99533844  -4075.14453125  2037.57128906
2101.000000  -25.65165710  -3837.39477539  1918.69653320
2111.000000  -10.33263874  -4597.60595703  2298.80200195
2121.000000  -71.13371277  -2410.53247070  1205.26574707
2131.000000  39.57442856  -3991.21044922  1995.60424805
2141.000000  23.88106155  -3251.78540039  1625.89184570
2151.000000  -27.93769455  -3393.00146484  1696.50012207
2161.000000  -22.50967216  -1508.17114258  754.08526611
2171.000000  -77.79504395  -1219.69970703  609.84954834
2181.000000  -6.09065247  -572.21716309  286.10848999
2191.000000  -13.20719337  -461.50637817  230.75309753
2201.000000  -5.35296059  -232.27764893  116.13877106
2211.000000  7.72511292  -82.21164703  41.10580826
2221.000000  35.05478287  -545.41247559  272.70611572
2231.000000  11.04643822  -124.14865875  62.07429886
2241.000000  -4.22435713  -53.32552338  26.66274643
2250.000000  17.38336754  -549.55438232  274.77706909
2260.000000  -21.24704170  -898.80926514  449.40441895
2270.000000  -1.45226908  -1401.91589355  700.95764160
2280.000000  11.51831150  -1139.80261230  569.90106201
2290.000000  21.92289162  -246.17277527  123.08632660
2300.000000  -32.44750977  -1003.01708984  501.50836182
2310.000000  -10.06808853  -274.97302246  137.48645020
2320.000000  -44.43433762  -1271.13659668  635.56805420
2330.000000  2.80640912  -1220.28576660  610.14257812
2340.000000  7.26373672  -168.71498108  84.35746002
2350.000000  7.01858616  -58.10158157  29.05077744
2360.000000  -21.40389061  -332.86062622  166.43026733
2370.000000  -12.90356350  -303.72027588  151.86009216
2380.000000  -0.93767518  -640.81488037  320.40728760
2390.000000  21.95512772  -712.93542480  356.46755981
2400.000000  -4.93586683  -2289.37548828  1144.68725586
2410.000000  -18.90995216  -820.94287109  410.47125244
2420.000000  -0.39811039  -1677.75402832  838.87658691
2430.000000  0.49550277  -209.16000366  104.57996368
2440.000000  36.70567703  -938.93035889  469.46496582
2450.000000  -16.29220200  -270.56503296  135.28245544
2460.000000  -20.69428444  -1016.09954834  508.04956055
2470.000000  3.30820155  -552.24725342  276.12350464
2480.000000  -9.07354832  -168.91004944  84.45499420
2490.000000  39.03223801  -1628.38769531  814.19360352
2500.000000  -11.57580471  -307.69778442  153.84883118
2510.000000  -9.13899899  -107.09134674  53.54565048
2520.000000  9.73774719  -129.40405273  64.70199585
2530.000000  -6.46277952  -168.17796326  84.08894348
2540.000000  1.92343616  -267.65405273  133.82698059
2550.000000  6.37737465  -51.47685623  25.73841858
2560.000000  -35.14883804  -1438.08166504  719.04046631
2570.000000  -15.89886665  -576.66534424  288.33255005
2580.000000  -6.58958578  -871.59039307  435.79501343
2590.000000  -5.16991138  -639.30181885  319.65081787
2600.000000  -27.73037148  -1631.91369629  815.95654297
2610.000000  12.38859558  -227.66264343  113.83128357
2620.000000  -31.40191269  -574.63684082  287.31829834
2630.000000  5.56208229  -439.55120850  219.77548218
2640.000000  -8.87998390  -441.04028320  220.52006531
2650.000000  -1.75769067  -801.90863037  400.95416260
2660.000000  37.96457672  -385.98937988  192.99459839
2670.000000  9.77186680  -93.55684662  46.77840805
2680.000000  -10.30600262  -854.44488525  427.22229004
2690.000000  1.72826803  -8.86926270  4.43462944
2700.000000  -37.15918732  -580.61401367  290.30691528
2710.000000  0.50223815  -158.54205322  79.27099609
2720.000000  -0.67546266  -19.69442749  9.84721088
2730.000000  12.61934757  -101.30149078  50.65072250
2740.000000  -3.49460697  -34.23904037  17.11951256
2750.000000  1.75859427  -109.94226837  54.97111130
2760.000000  11.53311634  -104.67491913  52.33744049
2770.000000  -5.54733181  -32.43712616  16.21855545
2780.000000  6.27131653  -108.92913055  54.46454620
2790.000000  0.50123733  -45.59216309  22.79607201
2800.000000  2.88326836  -432.53189087  216.26586914
2810.000000  -12.18921471  -506.00448608  253.00212097
2820.000000  -50.41244507  -1908.93164062  954.46551514
2830.000000  -18.13903046  -83.54943848  41.77470398
2840.000000  -8.67595863  -778.19293213  389.09631348
2850.000000  5.18802929  -553.79809570  276.89892578
2860.000000  -29.04854393  -729.76263428  364.88116455
2870.000000  -1.33744669  -106.17015076  53.08504868
2880.000000  -9.29060173  -310.11389160  155.05688477
2890.000000  -11.73504353  -75.88811493  37.94404602
2900.000000  10.37982273  -152.44348145  76.22170258
2910.000000  4.60645151  -278.37329102  139.18658447
2920.000000  22.52042198  -477.92065430  238.96022034
2930.000000  -37.20769119  -531.19610596  265.59793091
2940.000000  -12.90013885  -154.84410095  77.42201996
2950.000000  -3.23585534  -282.43698120  141.21842957
2960.000000  19.36771584  -1232.35791016  616.17871094
2970.000000  8.40985107  -521.39471436  260.69726562
2980.000000  -1.80250275  -636.96417236  318.48196411
2990.000000  29.38217354  -185.17271423  92.58631897
3000.000000  -17.42790794  -141.63249207  70.81621552
3010.000000  4.09596586  -38.17393875  19.08695984
3020.000000  -7.78212309  -273.92245483  136.96118164
3030.000000  47.41416550  -1011.16973877  505.58468628
3040.000000  -23.65677071  -2767.30297852  1383.65087891
3050.000000  26.75592804  -2057.81127930  1028.90515137
3060.000000  -7.95149946  -197.75398254  98.87695312
3070.000000  10.49333286  -247.35121155  123.67555237
3080.000000  17.22544861  -865.59613037  432.79788208
3090.000000  -72.88209534  -1292.05175781  646.02563477
3100.000000  29.17100143  -426.08432007  213.04206848
3110.000000  -9.15852737  -673.33752441  336.66864014
3120.000000  -30.47966576  -723.64544678  361.82257080
3130.000000  43.94235992  -674.46069336  337.23019409
3140.000000  -18.95819664  -1077.06213379  538.53088379
3150.000000  -71.84300232  -1249.54943848  624.77447510
3160.000000  -13.03902531  -706.61724854  353.30847168
3170.000000  -16.63233948  -803.17724609  401.58843994
3180.000000  35.18733215  -1122.34509277  561.17230225
3190.000000  14.02757359  -348.93655396  174.46820068
3200.000000  -5.48797178  -1263.03649902  631.51794434
3210.000000  18.58950043  -953.56158447  476.78063965
3220.000000  6.73306656  -696.03118896  348.01544189
3230.000000  18.66033363  -1297.20739746  648.60339355
3240.000000  -30.49562454  -1199.73474121  599.86712646
3250.000000  -9.25181103  -821.80999756  410.90481567
3260.000000  -4.05275822  -5.43995905  2.71997857
3270.000000  -16.32360458  -225.35760498  112.67875671
3280.000000  8.21178532  -651.57733154  325.78854370
3290.000000  6.00625086  -328.38842773  164.19413757
3300.000000  2.64242601  -656.33654785  328.16812134
3310.000000  18.34737968  -1240.93420410  620.46679688
3320.000000  -3.66350341  -292.57440186  146.28712463
3330.000000  33.13035583  -1153.55444336  576.77697754
3340.000000  -3.06643128  -468.97125244  234.48553467
3350.000000  33.75248718  -1371.52478027  685.76208496
3360.000000  -0.49085504  -1807.57580566  903.78753662
3370.000000  41.36000061  -1933.59558105  966.79736328
3380.000000  -7.75162649  -129.12879944  64.56436920
3390.000000  -0.79500377  -401.61477661  200.80731201
3400.000000  -29.33314133  -710.53149414  355.26559448
3410.000000  13.79491711  -102.85639954  51.42817688
3420.000000  -12.64609718  -560.42675781  280.21325684
3430.000000  -8.98315525  -1419.66345215  709.83142090
3440.000000  7.39332056  -1413.17944336  706.58941650
3450.000000  -16.34430695  -1355.44714355  677.72332764
3460.000000  6.34478903  -2210.70605469  1105.35253906
3470.000000  43.55161285  -1452.06042480  726.02996826
3480.000000  -2.60045958  -403.90362549  201.95172119
3490.000000  14.56835365  -324.56878662  162.28433228
3500.000000  0.77797776  -93.41785431  46.70890808
3510.000000  -24.43250275  -357.63265991  133.02140808
3520.000000  333.92678833  -22.22938919  178.32365417
3530.000000  394.41595459  -736.82165527  567.83276367
3540.000000  -100.13825226  -659.73095703  283.37966919
3550.000000  140.62316895  -380.64175415  262.59957886
3560.000000  488.36123657  -475.17205811  461.75643921
3570.000000  357.87341309  39.24435043  158.73303223
3580.000000  206.44779968  82.82723999  57.79978943
3590.000000  375.26724243  -7.14716673  192.15908813
3600.000000  -237.71572876  -777.20867920  261.83898926
3610.000000  -275.16790771  -523.60955811  125.10547638
3620.000000  -466.33343506  -1052.31604004  313.48272705
3630.000000  -228.06932068  -701.11065674  252.82427979
3640.000000  -510.59344482  -1114.83740234  306.21594238
3650.000000  -239.03482056  -491.35034180  116.01342010
3660.000000  -494.78024292  -1035.54040527  280.02258301
3670.000000  -648.79235840  -1723.05700684  530.41503906
3680.000000  -446.24417114  -1115.48376465  320.45104980
3690.000000  -697.02697754  -1883.62927246  591.21435547
3700.000000  -451.92532349  -910.43963623  233.99476624
3710.000000  -87.32740021  -149.86231995  30.12523270
3720.000000  152.06332397  30.41115761  53.97207260
3730.000000  119.90552521  -23.02585411  67.51279449
3740.000000  138.29052734  71.79208374  33.53237534
3750.000000  76.83880615  -15.52911186  50.67437363
3760.000000  334.93386841  -227.74525452  280.41751099
3770.000000  -337.26516724  -753.90808105  203.23719788
3780.000000  67.21437836  -238.55023193  152.99127197
3790.000000  -490.02462769  -1095.00219727  297.87402344
3800.000000  -138.70707703  -382.15966797  124.48402405
3810.000000  -134.43408203  -579.38372803  241.86700439
3820.000000  272.50402832  -509.31054688  382.29870605
3830.000000  -238.13069153  -697.73883057  226.75914001
3840.000000  -370.13388062  -847.24432373  246.04899597
3850.000000  -691.64135742  -2449.02246094  840.84527588
3860.000000  -812.71948242  -2256.84399414  736.70312500
3870.000000  -753.60607910  -2605.39160156  927.26373291
3880.000000  -393.40322876  -819.60150146  214.80975342
3890.000000  -337.36181641  -712.38629150  173.43293762
3900.000000  -358.41128540  -750.42236328  192.10089111
3910.000000  -443.64755249  -1114.17687988  331.81018066
3920.000000  -186.80691528  -357.49041748  93.67475891
3930.000000  -22.64392090  -32.77755356  4.18752670
3940.000000  228.88867188  105.19197845  59.70909882
3950.000000  573.74658203  -193.09248352  378.07876587
3960.000000  63.28618240  -186.33576965  134.48306274
3970.000000  -154.35177612  -242.93922424  50.16609955
3980.000000  485.30810547  -139.75592041  307.56030273
3990.000000  -150.69715881  -295.19250488  64.81088257
4000.000000  81.99832916  -62.13777924  84.78902435
4010.000000  360.92947388  -179.09355164  273.50869751
4020.000000  850.86889648  -1142.48132324  992.35174561
4030.000000  1047.80163574  -1526.56225586  1275.80419922
4040.000000  1322.76074219  -4016.57983398  2678.18823242
4050.000000  621.27124023  -552.32830811  618.21575928
4060.000000  -52.79918289  -219.71408081  82.01905060
4070.000000  353.71728516  -543.46820068  455.50424194
4080.000000  179.22814941  -2203.02685547  1195.81469727
4090.000000  182.81718445  -1739.93737793  986.03363037
4100.000000  79.15701294  -1991.01428223  985.61285400
4110.000000  -162.20245361  -2083.59033203  981.15338135
4120.000000  -298.11807251  -2785.87500000  1270.30993652
4130.000000  -54.42139435  -1678.97387695  794.36724854
4140.000000  29.27306175  -929.01879883  463.86212158
4150.000000  -167.55857849  -1980.07397461  887.72808838
4160.000000  -271.95983887  -4744.80468750  2253.27075195
4170.000000  -191.98118591  -2450.15429688  1136.01770020
4180.000000  406.98892212  -1432.06225586  914.20831299
4190.000000  89.37727356  -1524.16821289  770.66552734
4200.000000  -413.47177124  -3421.21948242  1509.49658203
4210.000000  -778.80554199  -4226.99121094  1741.28210449
4220.000000  -257.10571289  -3167.74072266  1470.70434570
4230.000000  -669.02349854  -4165.54443359  1787.64746094
4240.000000  -222.61198425  -3651.86376953  1730.32128906
4250.000000  -181.78793335  -3485.70629883  1657.45300293
4260.000000  -439.18911743  -2240.26660156  925.02069092
4270.000000  -28.10843086  -698.40881348  349.95874023
4280.000000  -20.39229774  -748.58422852  352.89532471
4290.000000  -188.36840820  -1609.87707520  720.64343262
4300.000000  -39.57789993  -44.62835693  3.82969165
4310.000000  226.21803284  -9.00690174  121.57524872
4320.000000  -35.62310791  -60.39241028  11.62175941
4330.000000  -73.14334106  -203.98004150  66.20729828
4340.000000  410.00900269  -5.87330198  202.11782837
4350.000000  143.54956055  68.45706177  36.13038635
4360.000000  341.12393188  -109.49551392  210.31011963
4370.000000  108.27317810  -42.46234131  74.28652954
4380.000000  -128.73306274  -173.49256897  20.89206886
4390.000000  -468.40472412  -1153.93664551  337.08322144
4400.000000  -324.86846924  -591.90533447  131.55413818
4410.000000  -372.29364014  -736.84179688  176.01654053
4420.000000  -493.82305908  -1036.81872559  285.55584717
4430.000000  -18.44646835  -192.67553711  92.82319641
4440.000000  -234.46601868  -788.96990967  273.78897095
4450.000000  -293.88208008  -554.95245361  118.90890503
4460.000000  -159.59588623  -242.27645874  40.67845154
4470.000000  -253.10112000  -505.61798096  108.77986145
4480.000000  113.60886383  57.13715744  26.29378700
4490.000000  207.17137146  39.16944122  87.14659119
4500.000000  600.22381592  -532.97540283  559.94207764
4510.000000  287.17752075  -533.18041992  405.75225830
4520.000000  207.93612671  -182.21588135  213.92781067
4530.000000  394.20172119  -117.16278076  237.07478333
4540.000000  142.32826233  -303.00570679  207.00041199
4550.000000  356.38534546  56.37071228  141.19282532
4560.000000  255.10009766  -144.62417603  214.43891907
4570.000000  375.21072388  -942.21466064  644.43316650
4580.000000  153.69059753  91.88735199  27.31682205
4590.000000  -115.55549622  -372.04635620  131.16897583
4600.000000  215.15223694  -242.63322449  220.43925476
4610.000000  112.61511993  -45.96551514  85.28161621
4620.000000  314.02108765  -1105.21496582  692.83721924
4630.000000  -105.83994293  -892.75286865  410.45474243
4640.000000  -445.81719971  -2133.45703125  837.30712891
4650.000000  -538.48254395  -2616.33544922  1053.26281738
4660.000000  -695.78314209  -2378.22778320  876.57165527
4670.000000  -429.03262329  -1566.80322266  577.82965088
4680.000000  -344.95196533  -834.75360107  251.30493164
4690.000000  -783.13964844  -2393.71459961  827.58807373
4700.000000  189.07727051  48.34516144  68.42647552
4710.000001  20.44605637  11.95826626  2.70185804
4720.000001  258.51037598  98.87874603  76.48899841
4730.000001  -510.69155884  -1150.62927246  326.67559814
4740.000001  119.85773468  -371.16955566  225.05747986
4750.000001  -48.58567810  -195.27900696  78.83614349
4760.000001  -679.49462891  -2058.35449219  684.37554932
4770.000001  -289.81842041  -938.23211670  319.04107666
4780.000001  -457.81094360  -902.75097656  231.20281982
4790.000001  -23.66522598  -237.91909790  107.29276276
4800.000001  131.48355103  22.59422874  57.95920563
4810.000001  -276.18362427  -464.07431030  93.58542633
4820.000001  -189.27522278  -321.66253662  65.22050476
4830.000001  -588.84094238  -1915.52014160  657.43725586
4840.000001  -510.72442627  -1131.80773926  311.39678955
4850.000001  -996.05255127  -2922.23046875  1001.21490479
4860.000001  -1033.94262695  -5073.89843750  1992.98046875
4870.000001  -352.29055786  -2216.01611328  915.93103027
4880.000001  -20.34085846  -908.82849121  430.29803467
4890.000001  -486.33926392  -2439.99755859  985.55517578
4900.000001  -688.27844238  -2959.04516602  1114.40649414
4910.000001  -851.16223145  -3577.17749023  1362.15173340
4920.000001  -401.94778442  -2649.13085938  1141.99572754
4930.000001  -50.29246902  -4472.70214844  2183.13012695
4940.000001  -232.27235413  -2592.96240234  1162.79003906
4950.000001  -92.39562225  -1130.04516602  530.88049316
4960.000001  -386.64273071  -1790.36791992  724.56420898
4970.000001  -292.80819702  -740.15991211  237.73706055
4980.000001  -380.23913574  -817.53088379  223.66233826
4990.000001  -633.45159912  -2021.86914062  722.07293701
5000.000001  -349.90960693  -1034.59423828  339.82760620
5010.000001  -286.66229248  -589.45117188  147.55468750
5020.000001  -361.71475220  -1492.47888184  601.32507324
5030.000001  -30.96146965  -362.65451050  155.47079468
5040.000001  155.38034058  -378.90045166  269.25845337
5050.000001  -200.86306763  -1214.57226562  486.67233276
5060.000001  -185.39143372  -457.26763916  134.19503784
5070.000001  -64.06415558  -85.06332397  9.91748142
5080.000001  -318.51461792  -588.80450439  136.28446960
5090.000001  -27.20064545  -42.95699692  6.37640858
5100.000001  -767.23364258  -2771.99023438  983.57775879
5110.000001  -261.44851685  -456.96130371  112.48749542
5120.000001  -274.29754639  -464.98822021  94.55156708
5130.000001  -1128.65820312  -3831.49169922  1376.09118652
5140.000001  -546.61553955  -1228.80212402  351.30215454
5150.000001  -519.86944580  -2773.44506836  1094.26794434
5160.000001  -750.54406738  -2403.36865234  848.43212891
5170.000001  -563.81597900  -1383.25634766  404.33264160
5180.000001  -540.89947510  -2462.78149414  988.61450195
5190.000001  -435.85916138  -1067.41308594  315.69924927
5200.000001  -400.78839111  -961.29205322  277.51672363
5210.000001  -37.26054764  -63.00349426  14.94228554
5220.000001  -196.56370544  -314.09259033  51.99640656
5230.000001  -149.25129700  -281.60040283  69.45288086
5240.000001  -186.17677307  -330.96252441  69.22756195
5250.000001  130.22105408  -12.30673599  67.28799438
5260.000001  187.52546692  25.55191803  88.17963409
5270.000001  -119.21504211  -1380.29736328  638.28955078
5280.000001  76.35797119  -390.24685669  224.95079041
5290.000001  143.07374573  -393.64901733  278.11047363
5300.000001  -145.97518921  -2350.28442383  1098.18005371
5310.000001  -486.20236206  -1791.07397461  655.15447998
5320.000001  76.79131317  -142.53684998  117.80659485
5330.000001  296.54074097  -144.77731323  208.81964111
5340.000001  99.70309448  -400.56774902  249.29843140
5350.000001  94.78077698  -235.99354553  174.12681580
5360.000001  66.89868927  -303.01757812  179.73947144
5370.000001  -454.72653198  -1153.99304199  369.63577271
5380.000001  -245.65956116  -398.17303467  73.91162872
5390.000001  -52.47698975  -484.87759399  214.20564270
5400.000001  247.80117798  -337.67077637  288.65393066
5410.000001  330.74273682  -1370.47326660  872.62841797
5420.000001  538.80285645  -932.55944824  719.79101562
5430.000001  -51.43501663  -739.89031982  338.46917725
5440.000001  323.42434692  -234.93711853  292.12640381
5450.000001  711.41680908  -600.83050537  673.65618896
5460.000001  603.01892090  -592.54840088  603.39013672
5470.000001  267.44583130  -310.76315308  298.74310303
5480.000001  131.20643616  90.21695709  20.02774429
5490.000001  212.68783569  -214.00001526  211.57072449
5500.000001  -457.72888184  -1634.67260742  572.13049316
5510.000001  -286.48452759  -449.63861084  89.02848053
5520.000001  -588.66210938  -1558.77624512  469.77609253
5530.000001  -456.29522705  -1510.36840820  545.19299316
5540.000001  -487.88858032  -1192.76257324  350.86437988
5550.000001  -393.50381470  -1325.37353516  450.54241943
5560.000001  -291.26821899  -1171.93164062  460.43692017
5570.000001  -995.16741943  -3491.65502930  1251.91113281
5580.000001  -481.92590332  -1293.15954590  412.16876221
5590.000001  -135.27145386  -1276.28332520  585.69201660
5600.000001  -392.33340454  -815.41497803  207.53392029
5610.000001  -369.65191650  -1957.24755859  771.87005615
5620.000001  -675.48297119  -2518.96997070  932.32257080
5630.000001  -296.03274536  -705.40045166  200.17488098
5640.000001  -337.88345337  -1081.52685547  374.34286499
5650.000001  -228.86138916  -1561.53356934  657.29125977
5660.000001  -340.87908936  -933.25604248  315.37710571
5670.000001  -141.94888306  -338.55838013  100.88472748
5680.000001  -86.05715179  -545.77056885  249.19143677
5690.000001  -287.75170898  -1254.51281738  473.26571655
5700.000001  -119.25438690  -1061.51745605  471.94244385
5710.000001  168.23120117  -2532.12036133  1332.63378906
5720.000001  406.98248291  -918.76196289  674.69165039
5730.000001  910.27587891  -2136.52612305  1512.21289062
5740.000001  887.01013184  -3308.82177734  2097.08007812
5750.000001  643.57281494  -837.62597656  748.73504639
5760.000001  775.39984131  -820.07275391  789.31280518
5770.000001  473.56781006  -676.49664307  581.30200195
5780.000001  517.27032471  -726.16888428  637.22930908
5790.000001  505.85598755  -107.74789429  302.30584717
5800.000001  77.94477081  -26.13764000  48.29092026
5810.000001  97.80213165  -8.83687496  49.82493210
5820.000001  -164.33149719  -225.28915405  31.60432053
5830.000001  33.83978653  -350.84204102  194.47906494
5840.000001  -3.89637351  -21.26672745  8.13377666
5850.000001  114.71795654  81.58419037  18.28695869
5860.000001  -339.61877441  -666.40393066  159.67550659
5870.000001  -422.30545044  -847.31146240  212.93957520
5880.000001  -429.07843018  -877.13244629  226.45303345
5890.000001  -655.00903320  -1996.59448242  673.18725586
5900.000001  -509.93188477  -1522.70080566  500.28128052
5910.000001  -388.67877197  -1326.59729004  472.19186401
5920.000001  89.65191650  40.91933060  21.04656410
5930.000001  -77.70703125  -577.75665283  236.50335693
5940.000001  123.75082397  65.91382599  25.95644569
5950.000001  -85.14834595  -107.77644348  11.04421997
5960.000001  213.57604980  93.06028748  61.05405426
5970.000001  -9.60075760  -10.91042137  0.13521956
5980.000001  128.71891785  78.79139709  24.06970596
5990.000001  -88.03353119  -332.53604126  122.12156677
6000.000001  -273.45523071  -686.45922852  229.26449585
6010.000001  -166.03179932  -815.61511230  313.10174561
6020.000001  3.76790905  -2024.49340820  660.12939453
6030.000001  -1011.69415283  -3469.54394531  1241.14270020
6040.000001  -957.07501221  -4520.40771484  1759.03295898
6050.000001  -806.32836914  -3130.76196289  1168.97119141
6060.000001  -1103.44677734  -4970.11572266  1918.85888672
6070.000001  -1131.30834961  -4129.75390625  1507.38586426
6080.000001  -741.69036865  -2394.28100586  841.41949463
6090.000001  -875.51007080  -3403.14575195  1244.88623047
6100.000001  -741.47082520  -2404.21289062  815.54473877
6110.000001  -718.10034180  -3082.06152344  1165.07580566
6120.000001  -1434.06970215  -6698.33154297  2655.89624023
6130.000001  -1337.12475586  -5444.59326172  2064.29931641
6140.000001  -889.82379150  -3098.67944336  1121.13073730
6150.000001  -689.64514160  -1832.45837402  569.18841553
6160.000001  -291.38677979  -1165.64685059  431.90850830
6170.000001  -391.71008301  -980.52124023  301.52954102
6180.000001  -400.26440430  -1275.66198730  403.96032715
6190.000001  -77.08440399  -218.23645020  65.20129395
6200.000001  -703.32232666  -1956.13000488  616.46264648
6210.000001  -213.54925537  -344.76846313  64.79287720
6220.000001  -574.07232666  -1751.48120117  568.64788818
6230.000001  -437.20242310  -797.30285645  196.27799988
6240.000001  -777.79852295  -2221.14697266  725.51635742
6250.000001  -627.57757568  -1570.08850098  469.80410767
6260.000001  -654.67376709  -2731.72119141  1002.08361816
6270.000001  -213.65388489  -427.30477905  119.42316437
6280.000001  -205.66987610  -337.95147705  61.90725327
6290.000001  85.26385498  -218.95497131  146.88055420
6300.000001  -404.24468994  -874.20526123  237.89308167
6310.000001  -229.95861816  -415.36608887  85.71838379
6320.000001  558.92211914  -515.49688721  527.35388184
6330.000001  -342.03372192  -625.08331299  148.18858337
6340.000001  -77.01268005  -107.06967163  16.74683952
6350.000001  -40.57266998  -119.79714203  38.65370178
6360.000001  521.16229248  -233.40629578  373.74734497
6370.000001  -1.71628857  -12.27847004  4.95739937
6380.000001  -128.43276978  -576.26812744  231.30871582
6390.000001  -69.85609436  -303.05062866  107.41328430
6400.000001  272.62194824  -363.10855103  324.90249634
6410.000001  -324.46237183  -739.71759033  210.20721436
6420.000001  94.77897644  36.84557343  35.52000427
6430.000001  388.07675171  25.13811684  180.46325684
6440.000001  385.92938232  -31.01350594  214.67271423
6450.000001  -66.49308777  -79.29418945  15.39682579
6460.000001  -147.40498352  -482.38522339  164.06503296
6470.000001  270.08386230  -490.19122314  363.79492188
6480.000001  -52.07069397  -143.95091248  48.40785217
6490.000001  150.20018005  -5.04258490  71.31212616
6500.000001  -148.22337341  -1297.31713867  583.80639648
6510.000001  -191.02740479  -2318.35595703  1095.00585938
6520.000001  -520.30352783  -1462.33081055  463.01687622
6530.000001  -624.82928467  -1365.84619141  393.83801270
6540.000001  -325.49481201  -1189.09216309  442.65295410
6550.000001  -26.33274078  -392.63583374  188.21852112
6560.000001  -200.07061768  -580.82165527  197.80931091
6570.000001  -226.16914368  -916.04766846  361.26974487
6580.000001  -199.49937439  -971.44866943  399.34127808
6590.000001  384.95895386  -213.82730103  287.64437866
6600.000001  256.00097656  -34.29367828  146.14663696
6610.000001  579.05291748  -307.43716431  458.71987915
6620.000001  208.99775696  -849.31427002  558.76153564
6630.000001  431.40698242  -374.18240356  415.43890381
6640.000001  407.95788574  29.91995621  180.31562805
6650.000001  314.25933838  10.36836147  143.72167969
6660.000001  30.72660255  26.82460022  3.02536416
6670.000001  -40.35708237  -270.78955078  98.41998291
6680.000001  -77.80391693  -841.94659424  378.48062134
6690.000001  186.02143860  -345.79736328  258.58007812
6700.000001  231.43133545  98.58978271  74.61367798
6710.000001  546.37554932  -464.67929077  487.30645752
6720.000001  167.06970215  -208.14364624  193.28895569
6730.000001  -174.58969116  -439.05523682  127.28291321
6740.000001  365.69738770  45.82476807  163.18154907
6750.000001  545.41314697  -387.43798828  491.00381470
6760.000001  600.04766846  -289.04489136  426.16503906
6770.000001  14.15050125  -7.64242172  11.55081558
6780.000001  38.77627182  -129.72103882  84.95649719
6790.000001  300.49267578  -13.67079544  164.62649536
6800.000001  618.41174316  -273.11706543  437.17135620
6810.000001  850.02215576  -1106.54235840  1007.33770752
6820.000001  611.28253174  -368.67315674  492.08618164
6830.000001  489.82409668  -129.24229431  324.47592163
6840.000001  501.46978760  -348.98333740  429.23025513
6850.000001  645.62347412  -424.67617798  522.02673340
6860.000001  603.60412598  -322.18963623  461.00997925
6870.000001  108.29418182  43.64254761  32.93982697
6880.000001  -9.01102734  -89.74181366  36.24962234
6890.000001  -409.50173950  -844.54187012  214.36380005
6900.000001  -129.50495911  -155.21255493  19.53851891
6910.000001  -625.45629883  -1904.12426758  657.80761719
6920.000001  -624.76727295  -1599.03491211  488.25167847
6930.000001  -781.73706055  -2131.26904297  710.10552979
6940.000001  -1032.17480469  -3587.73901367  1312.41418457
6950.000001  55.05345535  -97.21073914  72.70932007
6960.000001  310.99044800  78.68534088  114.38288116
6970.000001  -93.01011658  -232.07885742  78.02922058
6980.000001  255.86064148  98.77066040  79.80175781
6990.000001  247.65692139  51.97576141  107.50414276
7000.000001  109.94424438  60.49685287  23.10804367
7010.000001  68.89473724  -1148.28869629  624.05725098
7020.000001  335.59274292  -13.87372875  159.90095520
7030.000001  316.89184570  89.31275940  103.68107605
7040.000001  12.24344921  -182.18719482  99.87987518
7050.000001  -32.08901978  -68.19195557  18.21005058
7060.000001  -33.96843338  -103.39572144  36.90881348
7070.000001  -12.37080193  -65.65061951  26.47327614
7080.000001  -146.13755798  -215.81846619  33.07814407
7090.000001  29.03144646  9.28368282  8.84405422
7100.000001  -59.53824997  -175.84197998  67.04553986
7110.000001  108.61355591  71.14935303  22.50262260
7120.000001  -302.38027954  -655.38513184  174.62829590
7130.000001  79.55994415  43.71665955  18.17615891
7140.000001  660.90832520  -684.85711670  656.24230957
7150.000001  313.05651855  51.74642563  136.20095825
7160.000001  512.62493896  -176.56036377  351.04211426
7170.000001  220.43220520  100.94137573  70.06487274
7180.000001  289.79666138  75.47495270  124.97167969
7190.000001  210.54774475  -155.77258301  189.42543030
7200.000001  239.94679260  90.98905182  73.99895477
7210.000001  726.05438232  -531.87451172  629.91320801
7220.000001  490.68023682  -60.19488144  268.60900879
7230.000001  464.98086548  -238.52343750  341.68566895
7240.000001  519.14178467  -401.81631470  474.50289917
7250.000001  536.86236572  -157.53948975  342.24313354
7260.000001  125.42798615  79.88169098  22.13178444
7270.000001  -173.05052185  -269.91165161  47.96480179
7280.000001  -283.07009888  -491.55633545  101.16184235
7290.000001  -434.87924194  -1131.63574219  371.86309814
7300.000001  -356.86233521  -674.18640137  158.74443054
7310.000001  92.94108582  -169.15034485  145.05152893
7320.000001  279.61318970  81.11466217  106.78054810
7330.000001  209.25080872  102.31628418  46.25959015
7340.000001  -101.21231079  -502.68438721  212.45477295
7350.000001  148.16363525  -651.56872559  373.32510376
7360.000001  -12.72774982  -111.07068634  46.37602615
7370.000001  275.65771484  -0.69157380  143.27424622
7380.000001  402.83184814  -397.23062134  393.62768555
7390.000001  182.03996277  -117.41929626  153.41291809
7400.000001  356.46939087  -204.20114136  286.38754272
7410.000001  343.91610718  -67.86652374  193.53231812
7420.000001  131.67794800  83.51781464  19.25607681
7430.000001  102.25919342  39.53131485  32.60127258
7440.000001  478.47720337  -511.75875854  492.78610229
7450.000001  284.29327393  63.86001587  118.88996887
7460.000001  456.38821411  -122.08760071  292.29049683
7470.000001  430.92388916  -22.75125313  232.99255371
7480.000001  260.93515015  80.58817291  93.67608643
7490.000001  197.06379700  -61.58937073  118.82850647
7500.000001  -82.16092682  -99.19275665  12.09928226
7510.000001  -66.46099091  -245.79762268  90.87123108
7520.000001  624.08319092  -304.19534302  458.67355347
7530.000001  408.69970703  -125.10839081  264.61584473
7540.000001  -260.18801880  -1810.25976562  779.37469482
7550.000001  234.03927612  -474.73233032  360.71679688
7560.000001  -177.58325195  -495.75540161  158.51272583
7570.000001  -388.84667969  -1448.90576172  531.49224854
7580.000001  -307.64419556  -1068.71875000  376.08694458
7590.000001  -410.91867065  -1641.61669922  607.40997314
7600.000001  -659.86883545  -1799.88305664  571.33081055
7610.000001  -630.35595703  -2334.04052734  849.81939697
7620.000001  -871.24468994  -3267.95727539  1228.10473633
7630.000001  -351.11004639  -687.22369385  165.79023743
7640.000001  -11.00257778  -226.64985657  101.01048279
7650.000001  -75.32960510  -87.16017914  7.89331818
7660.000001  -379.14797974  -1306.02416992  462.64736938
7670.000001  -203.26397705  -736.00238037  258.53695679
7680.000001  97.87705994  7.72039557  43.50833893
7690.000001  339.30490112  -595.37023926  490.71923828
7700.000001  716.41589355  -866.66168213  764.77301025
7710.000001  317.75457764  -1024.60144043  646.22381592
7720.000001  178.40087891  -458.70697021  319.47485352
7730.000001  96.04122925  -908.83782959  508.69226074
7740.000001  -80.42945862  -156.84719849  40.95390701
7750.000001  -34.02240372  -137.92422485  50.55953598
7760.000001  -105.51028442  -167.60632324  34.34311295
7770.000001  -215.55661011  -365.68417358  69.78391266
7780.000001  -72.77322388  -484.66061401  180.25892639
7790.000001  -304.47601318  -689.26708984  196.34387207
7800.000001  -102.13416290  -134.75299072  18.80885696
7810.000001  204.55686951  -41.07300949  120.62751007
7820.000001  -202.32377625  -379.54556274  79.04640961
7830.000001  -192.10549927  -281.40521240  46.43781281
7840.000001  -503.61578369  -1263.73657227  393.32955933
7850.000001  -281.34799194  -880.56365967  294.87802124
7860.000001  -842.60412598  -2581.93920898  863.13079834
7870.000001  -827.30572510  -2353.11743164  772.12988281
7880.000001  -295.07421875  -566.43402100  132.48948669
7890.000001  -872.45971680  -2860.30981445  1006.47332764
7900.000001  -260.35113525  -452.47747803  96.77588654
7910.000001  -183.84396362  -266.76577759  45.84744263
7920.000001  -184.66847229  -628.74841309  224.92063904
7930.000001  -736.91760254  -2375.20825195  822.28485107
7940.000001  -118.86040497  -610.22052002  244.58918762
7950.000001  -539.82550049  -1285.66687012  372.97888184
7960.000001  -164.42732239  -241.94656372  35.72669220
7970.000001  -109.51811981  -276.05300903  74.44802094
7980.000001  -80.70441437  -122.44000244  18.22087288
7990.000001  -214.92437744  -327.57647705  55.69447327
8000.000001  -345.62698364  -1159.61657715  393.99380493
8010.000001  428.23574829  8.68422794  199.50694275
8020.000001  127.14675903  21.49702644  54.52511215
8030.000001  -487.50823975  -1964.71130371  733.70581055
8040.000001  -397.55761719  -943.06689453  269.94165039
8050.000001  -557.30706787  -1334.98461914  382.95043945
8060.000001  -350.43978882  -961.34228516  300.97760010
8070.000001  -383.76614380  -1318.43774414  468.91467285
8080.000001  -295.90637207  -1171.20422363  434.92178345
8090.000001  -244.49537659  -464.71151733  97.79503632
8100.000001  15.51363659  -167.26266479  94.22719574
8110.000001  -325.45227051  -821.09588623  241.15089417
8120.000001  -141.84416199  -802.85766602  321.08178711
8130.000001  -31.42056274  -1011.27239990  504.15100098
8140.000001  478.98275757  -808.92456055  639.54974365
8150.000001  709.85937500  -984.75610352  845.14801025
8160.000001  148.88768005  -397.58264160  268.45510864
8170.000001  209.78495789  -46.56888580  137.19250488
8180.000001  321.43692017  -1205.96655273  727.01666260
8190.000001  582.44561768  -280.14068604  426.82022095
8200.000001  73.66906738  -76.38379669  70.88771057
8210.000001  154.71900940  98.22533417  29.24932098
8220.000001  225.62644958  -302.06304932  262.85430908
8230.000001  7.74699306  -1282.63708496  636.41082764
8240.000001  -337.86279297  -948.00598145  323.83990479
8250.000001  -364.63372803  -1154.98071289  401.75802612
8260.000001  -216.57965088  -705.22363281  233.21711731
8270.000001  474.62579346  -782.74902344  656.70654297
8280.000001  168.49990845  -352.36392212  244.82444763
8290.000001  46.69668961  -1462.87878418  763.73284912
8300.000001  -330.59609985  -2560.64184570  1139.28613281
8310.000001  -128.98805237  -768.54699707  313.10803223
8320.000001  -106.50309753  -1683.54296875  804.63854980
8330.000001  151.85946655  -1071.60205078  614.25323486
8340.000001  -318.07672119  -1843.01696777  760.17364502
8350.000001  -278.75430298  -1469.27624512  624.97973633
8360.000001  -80.44461823  -1929.70764160  915.50646973
8370.000001  252.42984009  64.91552734  88.77555084
8380.000001  -121.55632782  -436.49182129  157.57069397
8390.000001  -39.80362320  -271.69827271  112.37719727
8400.000001  235.15011597  -1044.03247070  609.58551025
8410.000001  -57.78569794  -967.95129395  453.61318970
8420.000001  -157.23339844  -1190.89611816  521.77276611
8430.000001  -955.15289307  -3923.61230469  1491.39367676
8440.000001  -454.43621826  -2272.63232422  917.33612061
8450.000001  -112.93627167  -1715.62866211  835.24987793
8460.000001  -39.69409943  -2181.39282227  1065.59619141
8470.000001  466.15139771  -1931.07507324  1222.06127930
8480.000001  183.79731750  -601.37713623  395.13397217
8490.000001  590.96063232  -247.45491028  411.28158569
8500.000001  718.20330811  -546.57562256  625.79864502
8510.000001  533.36828613  -614.10296631  597.20819092
8520.000001  518.80981445  -140.77624512  337.73391724
8530.000001  39.85012054  63.74976730  170.22058105
8540.000001  417.64620972  349.77871704  32.55837250
8550.000001  -229.63722229  -791.50634766  267.32614136
8560.000001  287.48147583  -577.69598389  450.49359131
8570.000001  378.97814941  62.32614136  146.34310913
8580.000001  1502.65429688  -446.19812012  977.62554932
8590.000001  89.96497345  -2332.45849609  1259.24060059
8600.000001  885.87921143  -305.54025269  617.62145996
8610.000001  602.06250000  -552.02166748  565.54071045
8620.000001  395.46005249  -1576.61657715  984.52404785
8630.000001  508.16867065  -58.43473434  303.75360107
8640.000001  -312.83810425  -806.91247559  248.44937134
8650.000001  -815.18371582  -1628.69592285  403.98620605
8660.000001  -1899.04382324  -3837.05273438  994.22747803
8670.000001  -862.92987061  -1510.99218750  323.56362915
8680.000001  -556.95343018  -762.99822998  90.55917358
8690.000001  -239.13894653  -299.31301880  33.42139816
8700.000001  1550.29296875  654.12536621  438.15283203
8710.000001  1217.52856445  369.72305298  435.97204590
8720.000001  1437.36340332  606.19610596  408.54321289
8730.000001  640.74035645  487.54080200  74.27369690
8740.000001  1354.46398926  510.67901611  408.27703857
8750.000001  67.51294708  63.83512497  1.55236065
8760.000001  1436.04394531  574.89556885  421.69177246
8770.000001  1769.14575195  -38.08312988  924.57305908
8780.000001  1451.85754395  654.92175293  375.56875610
8790.000001  1787.67687988  625.96740723  578.59857178
8800.000001  413.52487183  288.58047485  60.62957001
8810.000001  124.78755951  -105.30853271  116.50429535
8820.000001  651.97229004  490.67758179  80.30024719
8830.000001  -235.72743225  -705.38281250  243.33251953
8840.000001  45.72310257  -61.62585449  58.45886612
8850.000001  1316.85424805  671.51068115  307.97738647
8860.000001  324.11483765  247.40850830  49.10840988
8870.000001  1034.90625000  539.33392334  223.92918396
8880.000001  265.48071289  239.24867249  14.38811016
8890.000001  -606.89410400  -1046.02941895  213.36987305
8900.000001  371.44030762  51.76931381  168.22082520
8910.000001  152.60470581  57.30353928  43.93787766
8920.000001  397.24716187  197.54801941  111.90119934
8930.000001  1642.72045898  222.03245544  693.86053467
8940.000001  89.02059937  -1104.11413574  585.04003906
8950.000001  256.59576416  -433.95346069  334.89431763
8960.000001  368.81442261  316.03479004  30.42639732
8970.000001  133.55929565  -241.60093689  175.09765625
8980.000001  -17.88294029  -220.07666016  91.63233948
8990.000001  1079.01721191  170.95738220  460.13510132
9000.000001  90.72994232  -733.94696045  415.52609253
9010.000001  893.46746826  -1622.22033691  1246.62915039
9020.000001  958.41705322  -2942.70629883  1986.90490723
9030.000001  913.05395508  -3047.43383789  1975.12927246
9040.000001  1756.60852051  -417.84744263  1079.81445312
9050.000001  815.22851562  549.52923584  134.52952576
9060.000001  2132.85083008  479.19949341  823.82098389
9070.000001  1722.30456543  617.46508789  532.80279541
9080.000001  -432.60327148  -1398.78369141  500.36331177
9090.000001  826.95947266  -539.83197021  687.48535156
9100.000001  199.64965820  161.77687073  18.49987602
9110.000001  731.32006836  404.51544189  152.47550964
9120.000001  1408.07177734  663.48687744  379.34707642
9130.000001  486.42398071  261.27127075  116.06098938
9140.000001  -228.99401855  -252.71359253  9.87470818
9150.000001  -1237.84375000  -1715.09533691  259.47821045
9160.000001  -894.02148438  -1339.58715820  224.28483582
9170.000001  375.65457153  295.57589722  34.58794022
9180.000001  -106.20891571  -114.36470032  4.26398516
9190.000001  52.55016327  44.21524048  5.56228113
9200.000001  426.12936401  360.31137085  33.54615402
9210.000001  -1305.73120117  -3161.62304688  937.92071533
9220.000001  -370.19573975  -1941.62524414  809.25891113
9230.000001  1082.38867188  401.18051147  330.10974121
9240.000001  760.53894043  538.23754883  113.37416077
9250.000001  161.09506226  -63.90217972  102.09503174
9260.000001  559.35949707  375.47796631  86.12499237
9270.000001  1069.67529297  620.86572266  219.22177124
9280.000001  809.07543945  480.54382324  159.31611633
9290.000001  1753.16723633  168.87539673  766.80078125
9300.000001  539.80865479  324.78958130  103.23516846
9310.000001  -23.42737389  -25.28091240  2.57587004
9320.000001  -202.75035095  -235.24530029  15.81586456
9330.000001  955.82623291  515.88391113  230.13064575
9340.000001  1775.15637207  536.59582520  597.76733398
9350.000001  1676.53186035  99.47464752  794.33007812
9360.000001  430.30499268  247.38136292  98.79608154
9370.000001  1174.16491699  487.57946777  352.56176758
9380.000001  758.09765625  272.48825073  250.20361328
9390.000001  2085.92480469  475.79214478  790.64916992
9400.000001  376.73547363  -607.17401123  461.54608154
9410.000001  1502.40319824  683.78692627  405.84222412
9420.000001  71.30109406  -373.37963867  234.21542358
9430.000001  -154.47837830  -185.49343872  16.46877098
9440.000001  -193.93170166  -744.16156006  279.08224487
9450.000001  93.65847015  -873.09130859  508.91149902
9460.000001  1053.86437988  -1773.45495605  1417.39978027
9470.000001  -414.21685791  -1349.79467773  470.68121338
9480.000001  690.82293701  461.11999512  107.60172272
9490.000001  708.77056885  332.08807373  188.57131958
9500.000001  1270.32409668  306.14340210  482.39285278
9510.000001  766.35552979  -375.59381104  585.58087158
9520.000001  918.72906494  250.57389832  362.96511841
9530.000001  1478.32751465  296.77304077  584.33203125
9540.000001  919.39117432  600.48156738  153.49557495
9550.000001  877.03302002  -707.71649170  804.43847656
9560.000001  198.63159180  -779.42608643  482.02661133
9570.000001  610.03674316  -1057.43896484  853.41345215
9580.000001  -289.88629150  -636.48150635  170.27339172
9590.000001  -1358.49719238  -2191.35107422  406.07192993
9600.000001  -593.21502686  -806.74438477  113.66570282
9610.000001  -953.96484375  -1351.31591797  202.31846619
9620.000002  -862.78118896  -1134.78503418  138.70677185
9630.000002  228.24809265  214.04356384  10.00287437
9640.000002  -901.41918945  -1198.53369141  150.53404236
9650.000002  540.30065918  -568.15136719  564.77856445
9660.000002  704.40686035  189.73944092  259.12469482
9670.000002  335.38946533  -332.31607056  316.98284912
9680.000002  1004.82604980  454.58743286  270.69064331
9690.000002  -87.23149109  -742.08172607  326.20996094
9700.000002  34.88436890  -67.42955017  49.05888367
9710.000002  468.93145752  378.45556641  37.16780090
9720.000002  -886.89410400  -2959.91259766  1065.76403809
9730.000002  -1318.56701660  -2974.89672852  839.22241211
9740.000002  -893.16088867  -2266.72070312  675.08593750
9750.000002  -508.97479248  -901.24060059  181.06039429
9760.000002  -884.38592529  -1148.00207520  143.50614929
9770.000002  -1320.32189941  -2158.65942383  402.00720215
9780.000002  -1321.28833008  -2430.80810547  550.33221436
9790.000002  -644.84179688  -1115.97204590  242.42143250
9800.000002  -126.85578918  -145.34445190  10.26180744
9810.000002  -186.88479614  -758.82727051  274.51263428
9820.000002  -878.15240479  -1271.61193848  212.63636780
9830.000002  -507.02142334  -630.24725342  63.72687149
9840.000002  491.41363525  244.03192139  113.15640259
9850.000002  669.44030762  -139.58288574  429.90936279
9860.000002  1038.47656250  -375.11743164  699.49768066
9870.000002  102.38790131  -168.15521240  129.00360107
9880.000002  1288.53186035  400.73983765  435.54968262
9890.000002  1333.45825195  79.94466400  626.19787598
9900.000002  -137.44412231  -388.20965576  140.15394592
9910.000002  299.53460693  -125.03507233  196.73803711
9920.000002  -563.49298096  -954.21862793  219.72558594
9930.000002  48.38396454  12.75617695  15.01941967
9940.000002  -385.63970947  -617.03662109  111.58922577
9950.000002  -607.12145996  -1002.58569336  207.07179260
9960.000002  -501.76266479  -683.36425781  82.72848511
9970.000002  65.85615540  -2.91615438  35.40852356
9980.000002  -1036.49963379  -1427.94421387  195.41448975
9990.000002  -172.19764709  -196.08377075  11.50974274
10000.000002  41.90180969  -848.64556885  434.31341553
