# F(k,t) correlation function
# Reference time: 0.000 ps
# lag_time_ps	F(k,t)
0.000000	625.23314264
1.000000	-7.85247938
2.000000	1.60800758
3.000000	-28.81443624
4.000000	62.79191611
5.000000	-43.28166866
6.000000	15.14873044
7.000000	46.18466828
8.000000	0.38470473
9.000000	-13.53088794
10.000000	-8.40554432
11.000000	-20.95336528
12.000000	37.32510512
13.000000	32.32937307
14.000000	120.44257334
15.000000	94.05266269
16.000000	-35.31607745
17.000000	44.85418376
18.000000	70.72873077
19.000000	-50.34554133
20.000000	84.28609623
21.000000	-98.28625529
22.000000	17.14773152
23.000000	-61.01657983
24.000000	27.89270387
25.000000	38.34260783
26.000000	-34.84989581
27.000000	-5.68222567
28.000000	79.75396049
29.000000	49.24426214
30.000000	73.59685527
31.000000	60.51012456
32.000000	27.70704505
33.000000	-19.04098807
34.000000	61.51291135
35.000000	-21.73442935
36.000000	6.40165502
37.000000	34.20879224
38.000000	-49.21694936
39.000000	-25.50459414
40.000000	112.14140333
41.000000	-33.24597884
42.000000	7.21438479
43.000000	102.74284876
44.000000	-69.07897165
45.000000	-85.80820323
46.000000	-36.76990467
47.000000	-69.01343708
48.000000	6.23091076
49.000000	-97.46901776
50.000000	26.74794665
51.000000	-171.72559781
52.000000	-122.10620462
53.000000	-62.70136328
54.000000	-25.30443141
55.000000	3.56060573
56.000000	20.35419080
58.000000	61.00076109
60.000000	169.94662477
62.000000	27.77317026
64.000000	9.59143741
66.000000	-85.52706851
68.000000	31.31644251
70.000000	-1.45311687
72.000000	-54.10976623
74.000000	-82.86142489
76.000000	23.10031558
78.000000	-8.19050182
80.000000	25.30249096
82.000000	18.08607964
84.000000	-96.92368123
86.000000	-1.15230946
88.000000	5.20755943
90.000000	17.92355009
92.000000	43.02511106
94.000000	15.11294722
96.000000	31.30478169
98.000000	32.70336327
100.000000	59.91581759
102.000000	-28.10513136
104.000000	-13.09703425
106.000000	-59.45007756
108.000000	108.88089977
110.000000	-45.83359906
112.000000	74.32720508
114.000000	-108.96629684
116.000000	5.30979087
118.000000	54.55326867
120.000000	75.99111259
122.000000	29.52619691
124.000000	47.77809874
126.000000	65.64115277
128.000000	-1.07275095
130.000000	-88.66669283
132.000000	-75.51896885
134.000000	64.33960308
135.001000	24.88712310
137.001000	-32.06313306
139.001000	99.49311146
141.001000	-13.25364026
143.001000	-39.54868698
145.001000	35.50379393
147.001000	-67.90565824
149.001000	-48.49814110
151.001000	-18.08653017
153.001000	-32.36284868
155.001000	45.85003874
157.001000	101.04282678
159.001000	-19.15129969
161.001000	-3.16846147
163.001000	9.74982118
165.001000	-17.82292565
167.001000	14.99015711
169.001000	-132.04463383
171.001000	124.38029747
173.001000	-44.76707795
175.001000	-37.42905098
177.001000	28.49244488
179.001000	-53.70735270
181.001000	-43.83872757
183.001000	109.08684281
185.001000	70.14146179
187.001000	-2.41870909
189.001000	97.48144379
191.001000	16.98095579
193.001000	75.06302048
195.001000	15.49334917
197.001000	-16.73762234
199.001000	54.45928927
201.001000	-16.37747146
203.001000	-58.34105620
205.001000	-44.63357128
207.001000	27.99200217
209.001000	76.23994965
211.001000	-46.46035826
213.001000	40.13025039
215.001000	-54.41644599
217.001000	6.19196606
219.001000	78.71908309
221.001000	59.39455249
223.001000	151.97226835
225.001000	104.45363953
227.001000	83.38283160
229.001000	-57.18217162
231.001000	75.43300808
233.001000	-4.82395423
235.001000	-70.90576411
237.001000	-95.19183257
239.001000	-53.45657889
241.001000	4.12470876
243.001000	53.92816953
245.001000	17.96231887
247.001000	-6.99550497
249.001000	-104.34696585
251.001000	-15.13239457
253.001000	44.64091299
255.001000	155.73710910
257.001000	7.60063319
259.001000	2.41637164
261.001000	-21.41221924
263.001000	54.05445402
265.001000	2.53066186
267.001000	38.64462572
269.001000	-32.40564675
271.001000	80.98631724
273.001000	-51.34219817
275.001000	121.90556355
277.001000	-131.05630776
279.001000	-22.64413339
281.001000	46.37226049
283.001000	-29.01543769
285.001000	21.89264811
287.001000	-26.73319936
289.001000	-23.19193138
291.001000	-90.39216160
293.001000	64.24194714
295.001000	33.88458478
297.001000	-59.35169457
299.001000	12.28866633
301.001000	-9.26086528
303.001000	-45.76382360
305.001000	-18.39299413
307.001000	51.43030130
309.001000	-5.87965860
311.001000	-20.20997954
313.001000	37.65164534
315.001000	-23.63164618
317.001000	31.96683353
319.001000	-54.53836227
321.001000	30.79891343
323.001000	12.15039086
325.001000	-26.61626127
327.001000	-82.99836861
329.001000	-58.69174650
331.001000	-63.39680345
333.001000	64.99527894
335.001000	95.83252979
337.001000	-54.91236649
339.001000	63.71443981
341.001000	72.82987787
343.001000	11.39319096
345.001000	-52.65374247
347.001000	-13.62046904
349.001000	23.37296308
351.001000	-29.73002779
353.001000	62.86331282
355.001000	47.38706448
357.001000	6.75871969
359.001000	-58.69995645
361.001000	-23.13456413
363.001000	24.88422154
365.001000	-5.81177646
367.001000	-106.74479257
369.001000	43.21080764
371.001000	-20.54337071
373.001000	-1.05998457
375.001000	-68.24491719
377.001000	8.28376819
379.001000	-16.07519311
381.001000	32.57488352
383.001000	-1.97993320
385.001000	90.32025149
387.001000	-21.96121685
389.001000	-35.51597567
391.001000	69.32328599
393.001000	-41.80479925
395.001000	-23.59878177
397.001000	-145.26591606
399.001000	-32.37597091
401.001000	-17.65786369
403.001000	-70.81145562
405.001000	-23.94212776
407.001000	-35.06646468
409.001000	1.33849714
411.001000	-22.05781171
413.001000	107.13678760
415.001000	-34.76053956
417.001000	-68.45881271
419.001000	5.72945820
421.001000	7.44860034
423.001000	-35.08664794
425.001000	-63.60295171
427.001000	-25.09205485
429.001000	14.25199397
431.001000	79.20050237
433.001000	-10.01444408
435.001000	-70.81906133
437.001000	-11.04462538
439.001000	30.24305775
441.001000	47.79439537
443.001000	28.60886590
445.001000	-18.03389767
447.001000	-42.37390932
449.001000	57.39650600
451.001000	86.41619496
453.001000	63.73842105
455.001000	39.20994478
457.001000	48.23373577
459.001000	-36.17198029
461.001000	-77.06986762
463.001000	44.75621271
465.001000	-10.38610011
467.001000	-55.34427716
469.001000	82.22195978
471.001000	-16.52838138
473.001000	56.38499473
475.001000	113.58868492
477.001000	12.44491379
479.001000	35.32547301
481.001000	47.20904171
483.001000	-28.02218328
485.001000	-116.47232078
487.001000	83.27732274
489.001000	-23.27185898
491.001000	16.55570892
493.001000	-17.91407852
495.001000	-99.25237015
497.001000	16.52576508
499.001000	-7.33696945
501.001000	41.25725848
503.001000	119.44736188
505.001000	69.10774881
507.001000	-54.83594113
509.001000	-49.54536910
511.001000	-29.37177192
513.001000	-28.62159199
515.001000	17.96224088
517.001000	16.64228079
519.001000	37.79475618
521.001000	17.95195493
523.001000	106.30088452
525.001000	-0.67415537
527.001000	22.39556898
529.001000	44.86986669
531.001000	44.53176208
533.001000	-86.45433555
535.001000	89.32934305
537.001000	23.75985399
539.001000	83.90788809
541.001000	-79.46539626
543.001000	-73.54249742
545.001000	-8.70565806
547.001000	-0.15125548
549.001000	34.01033193
551.001000	-49.93224621
553.001000	-7.40581836
555.001000	-53.51453964
557.001000	2.29903127
559.001000	13.89767491
561.001000	23.45271199
563.001000	47.14470919
565.001000	-88.07946844
567.001000	-68.82313329
569.001000	35.88446046
571.001000	-109.13747292
573.001000	-7.57625209
575.001000	24.49383124
577.001000	-82.48228654
579.001000	34.54666363
581.001000	-93.36706944
583.001000	39.56472444
585.001000	-10.33676607
587.001000	4.10957067
589.001000	-132.38314389
591.001000	-30.16851281
593.001000	-18.59600140
595.001000	-17.19026931
597.001000	54.55713913
599.001000	90.10974483
601.001000	29.71339797
603.001000	-48.70023574
605.001000	-59.86842478
607.001000	-1.57561549
609.001000	68.26004010
611.001000	85.03396128
613.001000	74.26277613
615.001000	63.30905371
617.001000	26.98215267
619.001000	66.04450676
621.001000	-24.65019873
623.001000	-28.87776735
625.001000	10.48594921
627.001000	-33.62318242
629.001000	-113.23414012
631.001000	-1.16736118
633.001000	10.48183302
635.001000	-6.69933472
637.001000	28.49725505
639.001000	64.25881259
641.001000	-100.72153518
643.001000	61.08140576
645.001000	-29.31622506
647.001000	-8.21984670
649.001000	56.73048648
651.001000	-56.55142396
653.001000	29.81982986
655.001000	73.49569675
657.001000	54.93425083
659.001000	-95.80729568
661.001000	-163.23852235
663.001000	-25.81722649
665.001000	-33.69975455
667.001000	24.22027412
669.001000	-23.65834600
671.001000	-30.45087239
673.001000	-14.28021798
675.001000	-26.19574015
677.001000	-54.33706851
679.001000	-1.52658831
681.001000	-52.30213306
683.001000	-5.60445286
685.001000	-50.52355357
687.001000	85.55914926
689.001000	96.12784345
691.001000	-130.00674603
693.001000	54.67306798
695.001000	104.08453987
697.001000	-4.38635743
699.001000	-22.01178389
701.001000	-77.05652350
703.001000	34.39659261
705.001000	-102.52177609
707.001000	-11.82329045
709.001000	-29.87393532
711.001000	-60.68282325
713.001000	-13.47116228
715.001000	-15.34886328
717.001000	26.44589607
719.001000	-39.04620672
721.001000	11.60006571
723.001000	9.16280052
725.001000	-4.56569887
727.001000	-1.12347365
729.001000	-111.21270687
731.001000	5.78415417
733.001000	88.27538357
735.001000	18.66211755
737.001000	-9.43425436
739.001000	-63.73208548
741.001000	21.22313334
743.001000	73.21481574
745.001000	-0.94456694
747.001000	50.49269014
749.001000	10.30087052
751.001000	-10.34132560
753.001000	-27.42503861
755.001000	6.79073991
757.001000	-104.83966847
759.001000	-40.18686293
761.001000	32.35872508
763.001000	-0.57639455
765.001000	-78.63329898
767.001000	85.10953313
769.001000	40.03728159
771.001000	35.45559055
773.001000	37.75796117
775.001000	5.75730470
777.001000	-2.78744805
779.001000	9.39469129
781.001000	42.01449619
783.001000	9.61287556
785.001000	-36.05562511
787.001000	86.18077598
789.001000	124.17637614
791.001000	47.47546190
793.001000	42.86584818
795.001000	56.82203644
797.001000	25.97098364
799.001000	-23.69842520
801.001000	26.45842443
803.001000	76.84240859
805.001000	18.97715249
807.001000	-73.15998349
809.001000	-71.52229570
811.001000	11.96731799
813.001000	57.22612402
815.001000	50.37975819
817.001000	-57.72934653
819.001000	26.72129388
821.001000	-9.31805968
823.001000	-19.98684837
825.001000	48.96064973
827.001000	-103.69272056
829.001000	1.53930149
831.001000	69.58094387
833.001000	-0.17792794
835.001000	9.65393677
837.001000	26.33451696
839.001000	43.44690687
841.001000	58.52885325
843.001000	-81.31306789
845.001000	80.53378742
847.001000	-43.20645371
849.001000	-23.21936839
851.001000	-121.99144013
853.001000	-33.11197351
855.001000	-54.94950380
857.001000	47.29106842
859.001000	-60.41104180
861.001000	47.73304612
863.001000	-55.80639070
865.001000	82.04794878
867.001000	94.86485492
869.001000	40.76476405
871.001000	-35.53605522
873.001000	6.07852564
875.001000	33.11279190
877.001000	-46.02753149
879.001000	47.92621310
881.001000	5.73133007
883.001000	-8.42847760
885.001000	32.75260400
887.001000	35.34293853
889.001000	35.18292910
891.001000	-52.99328069
893.001000	-60.58120888
895.001000	-2.59178478
897.001000	-118.71426044
899.001000	-25.62515352
901.001000	28.15063630
903.001000	-72.03469390
905.001000	-55.20836195
907.001000	-96.32848858
909.001000	-17.10490749
911.001000	11.21908471
913.001000	-12.89547456
915.001000	-24.36838866
917.001000	106.18239244
919.001000	-94.21995357
921.001000	28.73264896
923.001000	-11.01524968
925.001000	27.68479108
927.001000	78.12689225
929.001000	-18.52272144
931.001000	-5.53467615
933.001000	56.81866088
935.001000	5.95829829
937.001000	102.99448314
939.001000	2.27135793
941.001000	97.97422787
943.001000	87.70799576
945.001000	-87.05476960
947.001000	9.80409416
949.001000	28.00804813
951.001000	86.91039940
953.001000	79.14940045
955.001000	-13.93491036
957.001000	-44.42637169
959.001000	-3.54438765
961.001000	-79.95078360
963.001000	-36.40728387
965.001000	-15.35960603
967.001000	-57.43585620
969.001000	-32.96020303
971.001000	-54.50488018
973.001000	28.08451252
975.001000	-112.75509670
977.001000	-53.78891131
979.001000	-96.24895697
981.001000	-0.40943076
983.001000	-47.12087928
985.001000	-51.52404355
987.001000	145.27397264
989.001000	0.07550500
991.001000	-58.17421905
993.001000	-71.29387211
995.001000	101.40848389
997.001000	131.45647527
999.001000	-26.36556940
1001.001000	0.23045392
1003.001000	-73.31917993
1005.001000	112.83604336
1007.001000	2.46469614
1009.001000	115.97656838
1011.001000	-63.07129295
1013.001000	-15.61769840
1015.001000	25.51859021
1017.001000	-23.72569584
1019.001000	-14.81852397
1021.001000	-61.46305338
1023.001000	34.23916315
1025.001000	-15.72089707
1027.001000	-14.29850144
1029.001000	-36.21439760
1031.001000	-73.51797336
1033.001000	-111.38727520
1035.001000	-34.70433223
1037.001000	43.90078126
1039.001000	52.35417304
1041.001000	-81.59271980
1043.001000	68.19970152
1045.001000	-7.51624995
1047.001000	1.81504867
1049.001000	-64.64445352
1051.001000	-12.76685125
1053.001000	46.39018810
1055.001000	74.26864452
1057.001000	10.42756814
1059.001000	-51.21679230
1061.001000	26.41451220
1063.001000	9.29675857
1065.001000	30.92706658
1067.001000	-38.23460663
1069.001000	-18.73786041
1071.001000	16.85922265
1073.001000	-47.46350839
1075.001000	58.39842051
1077.001000	28.69907651
1079.001000	57.41834543
1081.001000	-3.61907874
1083.001000	-18.07312263
1085.001000	17.46382290
1087.001000	0.18579216
1089.001000	56.54030076
1091.001000	-1.68132705
1093.001000	-18.31077449
1095.001000	187.43966601
1097.001000	-58.89298630
1099.001000	11.37097013
1101.001000	34.90775073
1103.001000	74.74120756
1105.001000	-50.25569171
1107.001000	37.86148245
1109.001000	27.09476257
1111.001000	79.90269240
1113.001000	-0.46727308
1115.001000	-52.44245968
1117.001000	-16.89608337
1119.001000	27.84389462
1121.001000	10.05926909
1123.001000	-57.96244313
1125.001000	-8.59319749
1127.001000	-66.04658863
1129.001000	15.12543757
1131.001000	66.52746991
1133.001000	-13.20176661
1135.001000	-119.59476883
1137.001000	-34.67361063
1139.001000	21.08814724
1141.001000	76.90887400
1143.001000	-7.02975229
1145.001000	29.18810055
1147.001000	82.49481130
1149.001000	64.72819862
1151.001000	10.71499781
1153.001000	-3.07303542
1155.001000	14.68842187
1157.001000	75.16866523
1159.001000	71.04862332
1161.001000	19.32873922
1163.001000	94.65449239
1165.001000	-48.05266912
1167.001000	54.34735736
1169.001000	41.78203956
1171.001000	28.64373094
1173.001000	25.32444596
1175.001000	32.50023642
1177.001000	93.02630708
1179.001000	-73.32310164
1181.001000	48.50983444
1183.001000	-82.39352870
1185.001000	111.08351785
1187.001000	89.58143605
1189.001000	61.83005221
1191.001000	50.72337130
1193.001000	-55.57682420
1195.001000	-46.53870753
1197.001000	-34.57597457
1199.001000	67.17255371
1201.001000	-46.69805971
1203.001000	-47.68843313
1205.001000	-140.34862018
1207.001000	1.42994582
1209.001000	101.34443442
1211.001000	50.70066293
1213.001000	34.22052373
1215.001000	18.38280564
1217.001000	8.32940665
1219.001000	-75.80806741
1221.001000	44.78056973
1223.001000	-36.38969958
1225.001000	-10.90266687
1227.001000	23.75437105
1229.001000	-12.64164054
1231.001000	22.83965078
1233.001000	-8.22225496
1235.001000	55.39450293
1237.001000	-71.85352763
1239.001000	1.69222072
1241.001000	-16.36254036
1243.001000	68.55192191
1245.001000	99.90595943
1247.001000	-27.94298052
1249.001000	92.89552472
1251.001000	60.02419190
1253.001000	56.96200297
1255.001000	-28.23049702
1257.001000	117.98977109
1259.001000	-0.15302105
1261.001000	-11.16231973
1263.001000	67.94608608
1265.001000	15.59549819
1267.001000	-96.47708907
1269.001000	44.87988574
1271.001000	84.69528368
1273.001000	35.24066579
1275.001000	3.01285217
1277.001000	27.25255020
1279.001000	-104.03606069
1281.001000	19.19234734
1283.001000	26.39849840
1285.001000	-85.13909581
1287.001000	89.15968928
1289.001000	82.79260183
1291.001000	-39.92479745
1293.001000	-43.65084055
1295.001000	25.49301728
1297.001000	-11.71776479
1299.001000	-19.17773275
1301.001000	-22.12926369
1303.001000	78.78087074
1305.001000	-87.00923258
1307.001000	20.59957185
1309.001000	-59.27226515
1311.001000	-27.55371738
1313.001000	-28.16420242
1315.001000	13.65103974
1317.001000	36.25057172
1319.001000	49.16319659
1321.001000	80.72758241
1323.001000	61.46400664
1325.001000	18.52519707
1327.001000	-3.64079459
1329.001000	-85.38079272
1331.001000	10.68858208
1333.001000	37.72225665
1335.001000	81.62772737
1337.001000	-44.03979884
1339.001000	57.79356990
1341.001000	-75.05556294
1343.001000	55.43788571
1345.001000	85.75946443
1347.001000	34.77907265
1349.001000	-88.04047186
1351.001000	-37.86482716
1353.001000	-11.27349351
1355.001000	38.57737567
1357.001000	-109.74478535
1359.001000	-18.84458515
1361.001000	-52.88286768
1363.001000	43.01537714
1365.001000	-82.23088541
1367.001000	-57.44835079
1369.001000	43.95024940
1371.001000	11.41273635
1373.001000	2.37674950
1375.001000	-9.51932739
1377.001000	-101.14541709
1379.001000	-47.30271996
1381.001000	12.99009949
1383.001000	-18.59821224
1385.001000	65.34509550
1387.001000	-90.28096177
1389.001000	-7.07958735
1391.001000	-139.64045091
1393.001000	-36.03534781
1395.001000	-10.39163206
1397.001000	-23.66307814
1399.001000	-3.77375609
1401.001000	-67.71629706
1403.001000	11.88876097
1405.001000	-31.88556148
1407.001000	-27.73554073
1409.001000	63.97728407
1411.001000	59.30047915
1413.001000	19.69845225
1415.001000	47.91599634
1417.001000	-29.11305577
1419.001000	10.76578796
1421.001000	15.36596046
1423.001000	103.01283908
1425.001000	9.94892862
1427.001000	32.72188038
1429.001000	3.60947618
1431.001000	-39.55198678
1433.001000	-58.90847402
1435.001000	0.32636880
1437.001000	-20.78807859
1439.001000	0.61331429
1441.001000	-7.05232664
1443.001000	-15.47197715
1445.001000	-14.53001116
1447.001000	116.60331186
1449.001000	-98.40798548
1451.001000	16.21124682
1453.001000	-30.35086430
1455.001000	55.56112790
1457.001000	-88.18169037
1459.001000	-49.49166226
1461.001000	5.46907221
1463.001000	-102.20966756
1465.001000	-23.93640852
1467.001000	52.12946901
1469.001000	39.05978722
1471.001000	-36.02945967
1473.001000	-49.83191831
1475.001000	24.57668103
1477.001000	25.62968136
1479.001000	32.12393891
1481.001000	100.11410825
1483.001000	-8.78965657
1485.001000	107.34457776
1487.001000	133.60287535
1489.001000	54.82953666
1491.001000	28.11472015
1493.001000	-41.27672359
1495.001000	-33.66935855
1497.001000	43.95300776
1499.001000	-33.22075221
1501.001000	51.75797794
1503.001000	-46.63118787
1505.001000	-44.35912509
1507.001000	11.48133366
1509.001000	46.22470161
1511.001000	-55.78574864
1513.001000	-13.95914690
1515.001000	5.99901588
1517.001000	48.98043807
1519.001000	-54.88926061
1521.001000	-52.04551458
1523.001000	-65.36446608
1525.001000	-80.03653091
1527.001000	-32.39277083
1529.001000	-42.65955674
1531.001000	64.91826263
1533.001000	-75.66123063
1535.001000	-44.59298347
1537.001000	-44.68036222
1539.001000	-103.83460373
1541.001000	-78.79683748
1543.001000	20.36867939
1545.001000	29.13284398
1547.001000	-37.11888090
1549.001000	93.65641268
1551.001000	2.54232929
1553.001000	54.52665539
1555.001000	-59.43986139
1557.001000	29.26144172
1559.001000	11.66915744
1561.001000	90.18002742
1563.001000	44.20868411
1565.001000	5.88994796
1567.001000	19.56536650
1569.001000	78.55359917
1571.001000	-12.63392013
1573.001000	7.71105241
1575.001000	0.58503904
1577.001000	39.13386153
1579.001000	43.90165599
1581.001000	2.19933683
1583.001000	-27.55460578
1585.001000	-78.50768240
1587.001000	-51.22286861
1589.001000	36.27637643
1591.001000	-23.18272919
1593.001000	-51.89138557
1595.001000	18.54947670
1597.001000	-10.22370022
1599.001000	-39.20512795
1601.001000	-43.40282625
1603.001000	-15.35280003
1605.001000	-17.26676024
1607.001000	13.86764383
1609.001000	-116.48769538
1611.001000	-7.72996449
1613.001000	21.16316426
1615.001000	11.40475510
1617.001000	-9.35383611
1619.001000	46.13263846
1621.001000	-137.72235806
1623.001000	70.66676526
1625.001000	-13.35801578
1627.001000	18.58192870
1629.001000	-2.57886465
1631.001000	22.72380418
1633.001000	75.84706749
1635.001000	-22.74269966
1637.001000	69.85459506
1639.001000	-50.11860188
1641.001000	-114.52086046
1643.001000	-53.64146533
1645.001000	-52.89398258
1647.001000	11.57292835
1649.001000	-8.41876224
1651.001000	-83.11048553
1653.001000	-40.25038431
1655.001000	103.98540986
1657.001000	3.27577070
1659.001000	-69.77638468
1661.001000	17.25407213
1663.001000	63.61119579
1665.001000	17.45059792
1667.001000	22.08266000
1669.001000	-15.72112166
1671.001000	-109.47833962
1673.001000	56.72256469
1675.001000	27.16899117
1677.001000	-20.06941659
1679.001000	70.89223779
1681.001000	-116.07600647
1683.001000	55.14152550
1685.001000	-67.34196269
1687.001000	-25.95473025
1689.001000	1.02000911
1691.001000	37.00607936
1693.001000	7.20389137
1695.001000	45.45380874
1697.001000	51.70743370
1699.001000	-92.45521235
1701.001000	-51.10179420
1703.001000	-44.72522741
1705.001000	52.95860862
1707.001000	-1.54429091
1709.001000	18.57619940
1711.001000	36.89370892
1713.001000	-58.64322420
1715.001000	-53.45787690
1717.001000	90.16051876
1719.001000	-18.81893360
1721.001000	31.87676737
1723.001000	30.81271313
1725.001000	66.81613490
1727.001000	-15.11604446
1729.001000	-18.36518452
1731.001000	-22.69505188
1733.001000	-107.59700115
1735.001000	39.87454576
1737.001000	2.81660704
1739.001000	19.98569932
1741.001000	-39.83492920
1743.001000	-0.37290939
1745.001000	19.70503128
1747.001000	-67.46590383
1749.001000	-52.92667685
1751.001000	-2.54481069
1753.001000	27.66600450
1755.001000	0.14243569
1757.001000	-41.72168472
1759.001000	55.19780478
1761.001000	-4.71817801
1763.001000	-58.38080366
1765.001000	-10.52279957
1767.001000	25.09738633
1769.001000	-26.03737804
1771.001000	-5.71288709
1773.001000	115.13515814
1775.001000	-7.70947673
1777.001000	-142.02966371
1779.001000	50.88892799
1781.001000	39.79952429
1783.001000	57.17029497
1785.001000	1.21954605
1787.001000	30.31302219
1789.001000	99.66407876
1791.001000	55.96518545
1793.001000	47.77661971
1795.001000	-78.44334603
1797.001000	-15.10528922
1799.001000	79.46405152
1801.001000	-51.84614943
1803.001000	10.31258737
1805.001000	30.59902468
1807.001000	-15.17617842
1809.001000	-68.48060406
1811.001000	-118.67921574
1813.001000	-13.15788917
1815.001000	67.12215099
1817.001000	60.24117975
1819.001000	-66.35306133
1821.001000	65.66838465
1823.001000	-47.54622358
1825.001000	-3.54466902
1827.001000	-18.86010909
1829.001000	2.54073387
1831.001000	-16.09890855
1833.001000	-34.99206927
1835.001000	-24.03856362
1837.001000	-58.41722225
1839.001000	2.70281623
1841.001000	-22.00905516
1843.001000	-31.59781303
1845.001000	24.57552962
1847.001000	7.26879883
1849.001000	45.99871186
1850.001000	15.93304012
1851.001000	11.36771895
1852.001000	26.58470155
1853.001000	54.08157631
1854.001000	38.86125956
1855.001000	-48.96626768
1856.001000	67.81621822
1857.001000	-33.58177206
1858.001000	-31.71483225
1859.001000	-105.60948960
1860.001000	-109.33168070
1861.001000	-52.84339042
1862.001000	9.02492918
1863.001000	29.66494442
1864.001000	-1.56087077
1865.001000	37.51289087
1866.001000	180.56462138
1867.001000	102.85765854
1868.001000	-89.97256344
1869.001000	-26.69780809
1870.001000	28.60854764
1871.001000	-51.02124034
1872.001000	-31.95547181
1873.001000	-36.52321495
1874.001000	44.92739149
1875.001000	-107.07430207
1876.001000	-22.73197131
1877.001000	77.35636545
1878.001000	-5.15222680
1879.001000	-0.19010924
1880.001000	60.73496791
1881.001000	-34.58466570
1882.001000	46.18820257
1883.001000	-48.53114333
1884.001000	-11.77597704
1885.001000	-37.25105062
1886.001000	-51.70305188
1887.001000	-32.33221953
1888.001000	-28.39051418
1889.001000	33.07225975
1890.001000	9.20763467
1891.001000	-122.78014631
1892.001000	-7.83266861
1893.001000	187.94404791
1894.001000	-57.12863465
1895.001000	14.61520972
1896.001000	-16.10447944
1897.001000	-86.05059202
1898.001000	-51.31948194
1899.001000	0.28347170
1900.001000	5.43216784
1901.001000	42.36826182
1902.001000	-12.19029995
1903.001000	36.14853239
1904.001000	79.77032570
1905.001000	51.49385413
1906.001000	-43.71429171
1907.001000	-42.91681560
1908.001000	52.07613207
1909.001000	-15.40201743
1910.001000	-50.87961914
1911.001000	87.23832603
1912.001000	-87.00136755
1913.001000	4.79154575
1914.001000	3.89830451
1915.001000	69.68170327
1916.001000	-60.25698307
1917.001000	-8.38491495
1918.001000	-24.82520506
1919.001000	-27.58123943
1920.001000	-96.73923466
1921.001000	63.46273447
1922.001000	106.14241432
1923.001000	97.01990919
1924.001000	-37.82660482
1925.001000	-129.63249248
1926.001000	1.54492609
1927.001000	26.58706987
1928.001000	80.57133088
1929.001000	-27.17551882
1930.001000	-78.71272940
1931.001000	-43.07025097
1932.001000	-88.07514787
1933.001000	45.96335678
1934.001000	-34.53091434
1935.001000	24.01865661
1936.001000	-75.47066073
1937.001000	46.39641638
1938.001000	31.60914431
1939.001000	-55.36740619
1940.001000	-84.38004913
1941.001000	-74.98232778
1942.001000	2.35180888
1943.001000	-177.14482392
1944.001000	41.41997374
1945.001000	-32.47597233
1946.001000	7.34268768
1947.001000	-0.03248256
1948.001000	-32.29126768
1949.001000	24.40477059
1950.001000	-16.75771871
1951.001000	-96.90527552
1952.001000	-32.55394594
1953.001000	18.35312698
1954.001000	-38.34472645
1955.001000	94.68448292
1956.001000	87.29905583
1957.001000	-69.40212513
1958.001000	-14.61002703
1959.001000	-16.37606847
1960.001000	114.09533854
1961.001000	43.79341586
1962.001000	50.19851264
1963.001000	-58.18592086
1964.001000	27.39612845
1965.001000	-51.01542432
1966.001000	11.25384448
1967.001000	21.44642452
1968.001000	-31.73780670
1969.001000	13.97417087
1970.001000	24.03006206
1971.001000	37.13686436
1972.001000	-17.32382653
1973.001000	-97.68696266
1974.001000	-46.11728347
1975.001000	-7.92170307
1976.001000	-0.24956529
1977.001000	39.20892585
1978.001000	-124.98023121
1979.001000	49.64942872
1980.001000	33.00413998
1981.001000	112.18017533
1982.001000	-59.90920099
1983.001000	-38.25774762
1984.001000	-33.33425457
1985.001000	87.45046980
1986.001000	20.56458612
1987.001000	-123.14229558
1988.001000	29.41887544
1989.001000	85.94740172
1990.001000	40.68685284
1991.001000	33.82683884
1992.001000	79.56489423
1993.001000	11.31426022
1994.001000	-1.55003381
1995.001000	-12.09213774
1996.001000	-18.29578770
1997.001000	-8.94486488
1998.001000	3.42202019
1999.001000	-21.39662061
2000.001000	-73.45692708
2001.001000	-20.28224363
2002.001000	31.30081923
2003.001000	-9.17902510
2004.001000	158.38839321
2005.001000	12.26062729
2006.001000	-6.25442698
2007.001000	-24.24030321
2008.001000	-19.06755368
2009.001000	-26.92391954
2010.001000	-48.94170612
2011.001000	-67.06116822
2012.001000	16.18076659
2013.001000	41.85652724
2014.001000	81.32471338
2015.001000	35.68420550
2016.001000	26.44858496
2017.001000	-42.51247018
2018.001000	-25.24771967
2019.001000	73.91012682
2020.001000	34.48754418
2021.001000	-50.26300741
2022.001000	-26.04997589
2023.001000	-46.55848046
2024.001000	43.04181083
2025.001000	23.10299169
2026.001000	-54.66846632
2027.001000	-91.56586810
2028.001000	46.59903755
2029.001000	-38.70252114
2030.001000	-15.46970446
2031.001000	139.71167197
2032.001000	45.03469311
2033.001000	-22.97159157
2034.001000	-50.11005635
2035.001000	-66.61096070
2036.001000	-43.65947147
2037.001000	72.77447128
2038.001000	43.29994140
2039.001000	127.72040104
2040.001000	-21.95414159
2041.001000	63.46045865
2042.001000	-95.57865672
2043.001000	-28.55164122
2044.001000	-30.35315920
2045.001000	19.87321801
2046.001000	59.41754720
2048.000000	-45.02429840
2049.000000	94.97425714
2050.000000	65.90983914
2051.000000	-6.80944782
2052.000000	-57.80088790
2053.000000	0.77699339
2054.000000	7.60850953
2055.000000	61.65922577
2056.000000	-28.64645886
2057.000000	-84.25841312
2058.000000	90.15790847
2059.000000	-7.92802616
2060.000000	-148.47502820
2061.000000	-51.87260874
2062.000000	19.36955349
2063.000000	3.08381253
2064.000000	31.70185589
2065.000000	71.21126869
2066.000000	-20.33279277
2067.000000	-32.78648795
2068.000000	-109.94758140
2069.000000	-39.85364632
2070.000000	38.74546913
2071.000000	-58.31984661
2072.000000	150.22732122
2073.000000	-20.93318780
2074.000000	-123.07698745
2075.000000	-57.62665730
2076.000000	-13.84488267
2077.000000	-84.68751149
2078.000000	4.03928765
2079.000000	-90.30467040
2080.000000	-15.84684149
2081.000000	-37.69388045
2082.000000	83.61623543
2083.000000	17.89925530
2084.000000	-43.82518986
2085.000000	26.73038933
2086.000000	84.14304901
2087.000000	-67.93463761
2088.000000	70.43752484
2089.000000	108.78579676
2090.000000	20.10936415
2091.000000	-59.40478351
2092.000000	52.86559521
2093.000000	22.09812866
2094.000000	-58.90348977
2095.000000	-136.13868376
2096.000000	-57.45564627
2097.000000	-27.92662836
2098.000000	-10.17511923
2099.000000	66.18180142
2100.000000	-43.03127890
2101.000000	55.20517277
2102.000000	-11.94687615
2103.000000	69.17450246
2104.000000	-111.62943908
2105.000000	-5.34737251
2106.000000	14.99382017
2107.000000	-3.05486202
2108.000000	76.18042813
2109.000000	-34.74157418
2110.000000	-42.50178271
2111.000000	-60.14876649
2112.000000	-37.98382300
2113.000000	-66.27221309
2114.000000	-27.19748961
2115.000000	34.76508084
2116.000000	94.76822470
2117.000000	-21.43749421
2118.000000	35.39887088
2119.000000	48.38462135
2120.000000	6.98957987
2121.000000	18.81381039
2122.000000	-39.73064974
2123.000000	-40.48407239
2124.000000	9.97217493
2125.000000	-14.30883883
2126.000000	46.46904759
2127.000000	-213.61363868
2128.000000	-165.70614836
2129.000000	-26.46650593
2130.000000	5.20818826
2131.000000	-104.65263372
2132.000000	11.76643544
2133.000000	91.11171843
2134.000000	48.24521495
2135.000000	-42.53220425
2136.000000	-7.02639503
2137.000000	105.17446461
2138.000000	-17.77860736
2139.000000	68.09507877
2140.000000	-21.73851745
2141.000000	59.69246148
2142.000000	-48.57762257
2143.000000	-80.11750852
2144.000000	96.88482818
2145.000000	14.81157385
2146.000000	-32.88923687
2147.000000	-76.20151870
2148.000000	-31.94473761
2149.000000	3.39384045
2150.000000	18.39889763
2151.000000	-73.46403531
2152.000000	30.90665361
2153.000000	20.57967788
2154.000000	-80.94929225
2155.000000	-44.59350143
2156.000000	-79.43302072
2157.000000	-3.29590876
2158.000000	-115.61472613
2159.000000	-63.87871460
2160.000000	-31.95013126
2161.000000	9.34384006
2162.000000	-115.76647669
2163.000000	28.25728484
2164.000000	80.54573786
2165.000000	117.30825783
2166.000000	-114.50239534
2167.000000	-30.58476391
2168.000000	-38.42649259
2169.000000	-36.20355692
2170.000000	-55.59217195
2171.000000	-2.24376320
2172.000000	-86.57465141
2173.000000	28.54104204
2174.000000	-3.36546846
2175.000000	45.84939654
2176.000000	4.10833501
2177.000000	-30.23238142
2178.000000	-87.29114120
2179.000000	70.90046647
2180.000000	-48.91978565
2181.000000	83.44779791
2182.000000	67.63483483
2183.000000	48.20046867
2184.000000	13.80982155
2185.000000	-5.16019368
2186.000000	19.75359620
2187.000000	102.58169169
2188.000000	75.27321603
2189.000000	-99.61818929
2190.000000	-146.44111851
2191.000000	0.64807307
2192.000000	-23.41073480
2193.000000	100.84699498
2194.000000	38.36129464
2195.000000	-19.73012515
2196.000000	-111.45987775
2197.000000	-62.04742924
2198.000000	-10.61952366
2199.000000	43.32459032
2200.000000	-84.82512632
2201.000000	-38.84078344
2202.000000	74.96427761
2203.000000	2.43017058
2204.000000	-35.46921144
2205.000000	32.63578019
2206.000000	-51.20309522
2207.000000	-69.48416478
2208.000000	-24.91232390
2209.000000	18.06859960
2210.000000	22.07486164
2211.000000	-17.73571774
2212.000000	-44.56628609
2213.000000	-48.48635224
2214.000000	-127.38551662
2215.000000	-101.03908418
2216.000000	-77.11546400
2217.000000	23.57956512
2218.000000	6.92729137
2219.000000	20.77793060
2220.000000	23.67338759
2221.000000	-45.53755989
2222.000000	1.38995121
2223.000000	12.73077974
2224.000000	-27.82659429
2225.000000	26.89063369
2226.000000	19.00154712
2227.000000	33.76063949
2228.000000	-41.62558039
2229.000000	-57.80048380
2230.000000	-19.24833566
2231.000000	-44.11068589
2232.000000	86.69532412
2233.000000	-88.64113990
2234.000000	5.03118224
2235.000000	-16.72454222
2236.000000	-53.28335246
2237.000000	25.26362611
2238.000000	-27.01382127
2239.000000	-2.80054144
2240.000000	-38.98712471
2241.000000	-73.95606091
2242.000000	-100.34592829
2243.000000	37.80469392
2244.000000	14.08522597
2245.000000	-80.68700438
2246.000000	-17.51416726
2247.000000	-30.21612927
2248.000000	-52.68117998
2249.000000	-12.36596607
2250.000000	68.03991559
2251.000000	-48.13936891
2252.000000	35.34794360
2253.000000	-52.72365649
2254.000000	-10.44354467
2255.000000	-7.26604014
2256.000000	61.79351757
2257.000000	51.25396625
2258.000000	33.26256411
2259.000000	-96.21941863
2260.000000	45.42755033
2261.000000	97.46134601
2262.000000	29.61810583
2263.000000	-84.36195385
2264.000000	-3.89999725
2265.000000	-5.55416304
2266.000000	-7.56676305
2267.000000	50.69788912
2268.000000	-79.92344374
2269.000000	-19.56157218
2270.000000	-43.85832248
2271.000000	86.80291153
2272.000000	24.34102566
2273.000000	-48.69717834
2274.000000	68.95348743
2275.000000	31.23599629
2276.000000	-36.60752415
2277.000000	-68.35955604
2278.000000	25.86019864
2279.000000	-76.02125941
2280.000000	132.57408129
2281.000000	10.09584309
2282.000000	-53.80378192
2283.000000	11.63821262
2284.000000	-31.99493765
2285.000000	42.20166471
2286.000000	51.10515040
2287.000000	-32.04964117
2288.000000	93.22605808
2289.000000	4.40429196
2290.000000	23.16402538
2291.000000	148.74939992
2292.000000	-79.98282675
2293.000000	35.76001923
2294.000000	6.53335530
2295.000000	106.74606952
2296.000000	-11.63184374
2297.000000	-7.86833809
2298.000000	-38.70218938
2299.000000	-22.09027579
2300.000000	51.82410330
