# F(k,t) correlation function
# Reference time: 1004.001 ps
# lag_time_ps	F(k,t)
1.000000	-31.37364221
3.000000	-1.71335868
5.000000	24.95737869
7.000000	10.57797811
9.000000	26.24372709
11.000000	-47.95146446
13.000000	-37.42418559
15.000000	-41.28903420
17.000000	-58.14039332
19.000000	51.91878409
21.000000	-36.31351365
23.000000	-33.41712244
25.000000	8.25591347
27.000000	38.64359996
29.000000	-109.85080095
31.000000	2.40473141
33.000000	91.76923024
35.000000	-122.95581746
37.000000	-1.44754445
39.000000	27.19396703
41.000000	49.07635391
43.000000	-18.19841179
45.000000	92.54399767
47.000000	1.31021428
49.000000	-39.28980329
51.000000	-58.52397287
53.000000	37.44672801
55.000000	-96.08845530
57.000000	-55.17790470
59.000000	-26.45662760
61.000000	12.82038491
63.000000	67.67810787
65.000000	-12.40710814
67.000000	35.25141944
69.000000	18.48953008
71.000000	-68.80026363
73.000000	21.09274572
75.000000	-105.95896718
77.000000	30.32055125
79.000000	47.52831592
81.000000	-40.95356205
83.000000	55.70802128
85.000000	-8.26050305
87.000000	-65.00140126
89.000000	-76.73522570
91.000000	-106.87483580
93.000000	-62.19025320
95.000000	-22.93375509
97.000000	-87.04175072
99.000000	15.14151429
101.000000	-38.73198087
103.000000	-10.28766873
105.000000	-79.93809086
107.000000	-55.59811746
109.000000	35.07723750
111.000000	-39.03256211
113.000000	103.54539241
115.000000	34.98282958
117.000000	-8.96941243
119.000000	31.55336467
121.000000	64.05231714
123.000000	-2.02871075
125.000000	50.38566706
127.000000	53.07465775
129.000000	-23.28010680
131.000000	-83.94508601
133.000000	16.03097728
135.000000	19.80050033
137.000000	-16.91599681
139.000000	96.06305177
141.000000	-73.33683024
143.000000	20.77933852
145.000000	37.97700156
147.000000	53.61018917
149.000000	63.44896321
151.000000	-60.16987631
153.000000	-9.16325027
155.000000	-66.04747624
157.000000	11.28311277
159.000000	13.05723230
161.000000	-60.56007678
163.000000	43.19436701
165.000000	40.46720820
167.000000	35.10938766
169.000000	8.29825956
171.000000	48.26351705
173.000000	132.52198092
175.000000	-75.81929671
177.000000	31.70644059
179.000000	57.78588075
181.000000	-68.02325861
183.000000	-49.62840903
185.000000	-106.15939719
187.000000	-46.01833289
189.000000	63.96218353
191.000000	28.58705237
193.000000	-35.51784941
195.000000	48.10984375
197.000000	-74.95287893
199.000000	4.01685278
201.000000	50.76727523
203.000000	24.94622237
205.000000	-24.73345124
207.000000	-9.54899847
209.000000	-51.03179487
211.000000	20.95398791
213.000000	7.17801417
215.000000	-50.14838049
217.000000	1.74236784
219.000000	10.07034030
221.000000	-1.70073768
223.000000	60.33121071
225.000000	-69.74190363
227.000000	-21.80976975
229.000000	39.70679716
231.000000	71.46665568
233.000000	68.09780744
235.000000	67.02641675
237.000000	-28.46882977
239.000000	3.26070645
241.000000	-45.29678743
243.000000	-30.39524639
245.000000	96.36413763
247.000000	-49.79726794
249.000000	-162.04976983
251.000000	-36.91486435
253.000000	-54.18060637
255.000000	34.71050081
257.000000	23.48596959
259.000000	-67.87557117
261.000000	36.42696385
263.000000	-8.19811642
265.000000	30.47942398
267.000000	-4.15479888
269.000000	5.38886022
271.000000	13.37523626
273.000000	-62.99972086
275.000000	-21.12147428
277.000000	2.18656264
279.000000	-2.08002760
281.000000	-46.64875001
283.000000	-82.49524633
285.000000	53.31686821
287.000000	-10.54516978
289.000000	17.19737878
291.000000	54.61818198
293.000000	-39.11617554
295.000000	17.21200548
297.000000	-40.04757697
299.000000	6.44613177
301.000000	74.50085569
303.000000	17.36983385
305.000000	10.69939911
307.000000	-6.46524580
309.000000	-20.97636934
311.000000	-35.00390867
313.000000	46.94429744
315.000000	0.12048583
317.000000	-54.27568940
319.000000	57.75092720
321.000000	35.01793407
323.000000	74.05579135
325.000000	-37.49114087
327.000000	-96.52899634
329.000000	29.65008027
331.000000	-32.11366900
333.000000	-79.49086206
335.000000	46.67517877
337.000000	33.03803595
339.000000	-28.37391876
341.000000	-51.43246901
343.000000	34.93226559
345.000000	59.51307263
347.000000	-6.74516193
349.000000	-8.08151021
351.000000	116.14936594
353.000000	-21.85198175
355.000000	-14.21147583
357.000000	-67.71201817
359.000000	-1.70566642
361.000000	-5.07045581
363.000000	19.02701196
365.000000	25.75951012
367.000000	4.74805761
369.000000	-8.38890483
371.000000	25.22054323
373.000000	81.32557808
375.000000	-67.57737593
377.000000	46.84238897
379.000000	11.87269046
381.000000	65.86609670
383.000000	-1.34088366
385.000000	-43.19072405
387.000000	-2.27359684
389.000000	-26.40167087
391.000000	-8.45830206
393.000000	-43.78191947
395.000000	66.14965258
397.000000	-15.62849670
399.000000	4.81143196
401.000000	21.09517444
403.000000	103.15335907
405.000000	29.55930163
407.000000	-34.99689880
409.000000	-18.72099013
411.000000	70.02398967
413.000000	16.71878150
415.000000	-9.60266893
417.000000	23.70006705
419.000000	-41.49793197
421.000000	40.99569014
423.000000	80.33210572
425.000000	-129.08124425
427.000000	-45.27723899
429.000000	-8.31823016
431.000000	-36.62417213
433.000000	-82.25217891
435.000000	-94.01215321
437.000000	13.28386123
439.000000	-12.51137998
441.000000	28.91513260
443.000000	-45.68762865
445.000000	42.59648485
447.000000	35.79268451
449.000000	32.49156591
451.000000	55.47439531
453.000000	-19.02008788
455.000000	36.41477665
457.000000	32.87895491
459.000000	43.74118904
461.000000	91.12524700
463.000000	38.36382607
465.000000	38.57715356
467.000000	-52.42453028
469.000000	-5.49271758
471.000000	-74.84649479
473.000000	104.27208970
475.000000	-74.95494461
477.000000	28.60250797
479.000000	92.69410224
481.000000	24.86823276
483.000000	-38.72671112
485.000000	-47.37791784
487.000000	71.60096692
489.000000	71.10743484
491.000000	-52.56750762
493.000000	-84.05302358
495.000000	-102.77050331
497.000000	-41.46454921
499.000000	-67.03694373
501.000000	43.01852414
503.000000	-5.08906699
505.000000	-56.26980302
507.000000	56.49463127
509.000000	23.57464421
511.000000	-70.03314842
513.000000	82.90096705
515.000000	-62.63387423
517.000000	41.42124214
519.000000	-51.25570260
521.000000	58.00577358
523.000000	-1.48824291
525.000000	5.27398521
527.000000	56.98765578
529.000000	26.06807433
531.000000	71.76575809
533.000000	-67.78884998
535.000000	24.47470361
537.000000	71.76990550
539.000000	2.09083339
541.000000	-5.65219500
543.000000	-20.74632429
545.000000	77.95804448
547.000000	65.68909712
549.000000	50.64524455
551.000000	0.61237802
553.000000	-18.36641180
555.000000	56.27154799
557.000000	-5.21475701
559.000000	-79.00360849
561.000000	17.73914698
563.000000	-46.98235107
565.000000	-48.16274641
567.000000	-14.74501772
569.000000	19.92531904
571.000000	10.56532785
573.000000	-90.03035459
575.000000	-2.04103726
577.000000	-27.25757656
579.000000	-55.34244766
581.000000	38.53582673
583.000000	-61.67277296
585.000000	26.51418962
587.000000	-6.16487778
589.000000	60.71401680
591.000000	-7.10199942
593.000000	92.29344745
595.000000	-59.19344256
597.000000	-1.16486972
599.000000	67.20704916
601.000000	43.23923411
603.000000	-104.84090894
605.000000	-51.54861774
607.000000	-46.90899821
609.000000	37.37589731
611.000000	-18.27422887
613.000000	47.89072726
615.000000	8.12369258
617.000000	35.44107974
619.000000	-20.11691836
621.000000	-55.30590693
623.000000	79.95410974
625.000000	56.40656038
627.000000	-25.54188170
629.000000	-6.80795184
631.000000	47.20778713
633.000000	-7.18032174
635.000000	72.88552989
637.000000	37.04780451
639.000000	-67.37155894
641.000000	-13.30481833
643.000000	-13.50153324
645.000000	-29.89464911
647.000000	-80.31994402
649.000000	108.10158771
651.000000	17.40555746
653.000000	-53.95728680
655.000000	66.41731085
657.000000	4.40858298
659.000000	-0.91154048
661.000000	43.79718898
663.000000	30.59562692
665.000000	19.47064736
667.000000	47.06614734
669.000000	-10.99824945
671.000000	29.16476922
673.000000	75.64292691
675.000000	-22.26625624
677.000000	-16.15924712
679.000000	4.79441016
681.000000	-35.09301716
683.000000	-27.99641731
685.000000	31.73050261
687.000000	-70.27574848
689.000000	-25.40581884
691.000000	-76.15406663
693.000000	-19.83786859
695.000000	18.03182009
697.000000	65.79939869
699.000000	-27.48690308
701.000000	-11.88334082
703.000000	40.28661900
705.000000	34.18213829
707.000000	-24.95401468
709.000000	12.92409658
711.000000	25.65392408
713.000000	41.37353329
715.000000	-31.21431811
717.000000	38.24730402
719.000000	-31.65259165
721.000000	-10.05327647
723.000000	-67.02808152
725.000000	48.47331849
727.000000	40.24697191
729.000000	94.93042984
731.000000	50.57289067
733.000000	31.77180866
735.000000	-76.08528989
737.000000	6.91756711
739.000000	-18.01154079
741.000000	141.62927621
743.000000	-44.58591611
745.000000	67.22264155
747.000000	41.38108548
749.000000	-89.85052391
751.000000	-47.84989504
753.000000	36.23707331
755.000000	27.32660745
757.000000	-93.33871835
759.000000	35.63434943
761.000000	-7.33093431
763.000000	32.97820999
765.000000	91.86168966
767.000000	23.70891485
769.000000	125.16931567
771.000000	132.30387460
773.000000	85.32217743
775.000000	-46.79555466
777.000000	59.10670409
779.000000	-58.69640766
781.000000	35.86301472
783.000000	42.43511556
785.000000	-5.57738036
787.000000	-39.45436897
789.000000	-14.95351434
791.000000	-55.16350731
793.000000	30.99776872
795.000000	73.73475658
797.000000	19.62958542
799.000000	96.16209849
801.000000	-8.15390537
803.000000	-49.51521930
805.000000	14.31369922
807.000000	5.77163746
809.000000	30.62043923
811.000000	-14.14374390
813.000000	58.51275729
815.000000	95.13652929
817.000000	-92.79542409
819.000000	-49.36353215
821.000000	0.17746090
823.000000	-38.87905438
825.000000	10.35890994
827.000000	2.95705796
829.000000	-48.14464608
831.000000	-147.96667173
833.000000	12.92998870
835.000000	80.00912836
837.000000	-0.81857861
839.000000	29.78065296
841.000000	61.51166959
843.000000	93.21904885
845.000000	-1.41011993
846.000000	-2.60899362
847.000000	117.94207138
848.000000	-0.52864843
849.000000	-15.19048974
850.000000	-55.66454295
851.000000	-29.80243626
852.000000	-90.66284438
853.000000	-10.93568680
854.000000	109.68865538
855.000000	16.59095083
856.000000	44.26164820
857.000000	39.12833014
858.000000	55.80741812
859.000000	68.40239392
860.000000	-35.56183334
861.000000	65.69784206
862.000000	-27.29498322
863.000000	-20.61305199
864.000000	-36.74539141
865.000000	10.46370431
866.000000	-52.43366803
867.000000	-46.61942432
868.000000	-8.29629265
869.000000	1.75363528
870.000000	-26.59038913
871.000000	-81.65455919
872.000000	-14.51511693
873.000000	-55.95561705
874.000000	12.56844354
875.000000	-34.87913141
876.000000	-90.04446274
877.000000	12.83965008
878.000000	63.73237378
879.000000	-45.67674505
880.000000	-48.34144404
881.000000	114.20668809
882.000000	8.79018621
883.000000	66.99169901
884.000000	63.25492784
885.000000	-5.91846459
886.000000	-48.41540483
887.000000	51.62909716
888.000000	20.75884838
889.000000	18.75109419
890.000000	99.31549707
891.000000	-92.86229804
892.000000	35.88113067
893.000000	-1.56610031
894.000000	19.17675989
895.000000	39.30598339
896.000000	51.15556711
897.000000	-33.14695916
898.000000	-7.49413020
899.000000	74.22622274
900.000000	67.84707481
901.000000	-3.87164821
902.000000	92.83939564
903.000000	76.82805180
904.000000	-107.57520353
905.000000	-19.70966084
906.000000	97.60085489
907.000000	-33.88705786
908.000000	56.92021030
909.000000	-33.23950613
910.000000	-15.44178677
911.000000	-21.71086458
912.000000	-13.59940704
913.000000	60.11571862
914.000000	-50.50634152
915.000000	-105.65575835
916.000000	46.12591916
917.000000	-9.17687130
918.000000	0.52274089
919.000000	78.60348308
920.000000	2.79478340
921.000000	-9.46715830
922.000000	11.97794680
923.000000	-11.92296315
924.000000	-8.60224020
925.000000	26.76518568
926.000000	-70.40019521
927.000000	-31.47123210
928.000000	-69.40038985
929.000000	-61.06237736
930.000000	-25.95448805
931.000000	14.01747449
932.000000	-78.40947289
933.000000	-59.00906965
934.000000	41.42637514
935.000000	13.37914662
936.000000	-31.60444281
937.000000	-89.80536132
938.000000	59.81601859
939.000000	-104.28861280
940.000000	50.81696903
941.000000	71.68509117
942.000000	55.80937438
943.000000	39.89264218
944.000000	27.95597200
945.000000	-42.15955366
946.000000	2.69426009
947.000000	21.19702812
948.000000	52.13175126
949.000000	-48.95996363
950.000000	60.82649887
951.000000	-11.47725350
952.000000	-22.47618552
953.000000	-85.82317544
954.000000	-7.63831982
955.000000	92.47026346
956.000000	-61.27880468
957.000000	-17.49924659
958.000000	-59.79487030
959.000000	43.96983289
960.000000	-103.67817222
961.000000	-15.91925000
962.000000	-88.90858077
963.000000	-92.60656260
964.000000	40.99562928
965.000000	-65.17979855
966.000000	-108.68929235
967.000000	22.16937021
968.000000	-83.28060696
969.000000	45.75097926
970.000000	-10.59258219
971.000000	10.36963839
972.000000	-33.48437996
973.000000	-45.42466290
974.000000	-11.48499684
975.000000	-38.47404732
976.000000	-71.92125264
977.000000	59.92467996
978.000000	-25.61135776
979.000000	-69.24740809
980.000000	-9.17071902
981.000000	9.75844865
982.000000	-56.62241152
983.000000	60.29651847
984.000000	-39.10347009
985.000000	88.91415737
986.000000	-20.73296223
987.000000	-53.58960881
988.000000	29.48169628
989.000000	0.57280009
990.000000	-31.38122252
991.000000	-22.63567482
992.000000	-27.56824453
993.000000	49.44824826
994.000000	48.33477671
995.000000	57.71669866
996.000000	-9.54050246
997.000000	55.70748014
998.000000	5.87392796
999.000000	-76.48777176
1000.000000	67.42392515
1001.000000	-61.26996916
1002.000000	-25.34436513
1003.000000	-71.92995448
1004.000000	71.90246535
1005.000000	-106.67091198
1006.000000	11.19576000
1007.000000	-39.80182395
1008.000000	2.20819816
1009.000000	-4.98204963
1010.000000	-20.59694356
1011.000000	-71.71334790
1012.000000	-27.27675871
1013.000000	179.96709307
1014.000000	-11.32686448
1015.000000	-42.76121117
1016.000000	60.99519886
1017.000000	77.73503253
1018.000000	-10.58253374
1019.000000	-22.49972451
1020.000000	41.04705219
1021.000000	-29.33074856
1022.000000	-43.44146319
1023.000000	82.68914847
1024.000000	28.29405824
1025.000000	26.46146223
1026.000000	-18.33156931
1027.000000	58.63164340
1028.000000	163.72886515
1029.000000	12.64088979
1030.000000	-9.05499882
1031.000000	-32.91891010
1032.000000	24.77158144
1033.000000	-18.85897329
1034.000000	-8.38788444
1035.000000	25.31804110
1036.000000	-3.84305191
1037.000000	-107.35919676
1038.000000	-32.52309634
1039.000000	45.04345602
1040.000000	11.57259812
1041.000000	-46.04373248
1042.000000	51.24728584
1043.999000	2.45827151
1044.999000	-7.81074338
1045.999000	-24.16690218
1046.999000	124.14550698
1047.999000	70.70642165
1048.999000	-93.52042671
1049.999000	-91.84187426
1050.999000	-36.32227471
1051.999000	-51.16429900
1052.999000	31.81516742
1053.999000	83.83260340
1054.999000	38.76525961
1055.999000	-64.99110374
1056.999000	31.17852267
1057.999000	7.26710163
1058.999000	154.30785221
1059.999000	-26.87221530
1060.999000	55.73851822
1061.999000	-64.35353497
1062.999000	-3.23036784
1063.999000	-33.86873961
1064.999000	-52.84521822
1065.999000	-69.78703450
1066.999000	-54.52434124
1067.999000	60.31165491
1068.999000	66.71254608
1069.999000	39.67180402
1070.999000	52.42032869
1071.999000	-112.78207565
1072.999000	72.09281975
1073.999000	6.02376606
1074.999000	65.12081417
1075.999000	73.98722667
1076.999000	82.78159020
1077.999000	21.71039070
1078.999000	-95.35439164
1079.999000	-56.76375194
1080.999000	-21.99086097
1081.999000	57.20395199
1082.999000	52.24622223
1083.999000	128.05763904
1084.999000	-30.57330675
1085.999000	129.36584428
1086.999000	-23.39264465
1087.999000	38.96980429
1088.999000	-53.15840942
1089.999000	8.79263127
1090.999000	11.54070315
1091.999000	-37.74226805
1092.999000	-7.13745162
1093.999000	-43.25004332
1094.999000	27.22742710
1095.999000	-48.26617707
1096.999000	-52.80975024
1097.999000	-47.48878489
1098.999000	1.01146159
1099.999000	8.00249727
1100.999000	5.97173122
1101.999000	92.26546592
1102.999000	3.43278095
1103.999000	75.86612895
1104.999000	108.84351144
1105.999000	-75.62919761
1106.999000	38.25808918
1107.999000	117.69017763
1108.999000	29.96273497
1109.999000	-21.30267444
1110.999000	-5.05536992
1111.999000	61.34456185
1112.999000	-7.52762221
1113.999000	-17.88383739
1114.999000	-55.70048932
1115.999000	35.51014122
1116.999000	-33.60021415
1117.999000	-29.31911211
1118.999000	74.31408577
1119.999000	19.11833369
1120.999000	55.52825076
1121.999000	-30.67704042
1122.999000	-60.88764718
1123.999000	2.13415694
1124.999000	-10.42525271
1125.999000	-36.31227960
1126.999000	28.58048345
1127.999000	24.25902542
1128.999000	-37.72688135
1129.999000	62.98762306
1130.999000	-9.16489093
1131.999000	52.83752037
1132.999000	11.87345698
1133.999000	20.77635890
1134.999000	-34.82591420
1135.999000	4.37118169
1136.999000	75.06908479
1137.999000	47.14774694
1138.999000	-90.09269251
1139.999000	14.19462519
1140.999000	73.16019713
1141.999000	8.04171546
1142.999000	61.45038347
1143.999000	-8.05262624
1144.999000	125.61876185
1145.999000	-109.90216611
1146.999000	16.20374482
1147.999000	17.40582516
1148.999000	-36.07258556
1149.999000	31.12650663
1150.999000	-119.63355391
1151.999000	-26.58452237
1152.999000	19.33871224
1153.999000	-29.10833609
1154.999000	-12.99407853
1155.999000	-38.56473451
1156.999000	10.11990858
1157.999000	-22.70831955
1158.999000	-88.28658654
1159.999000	-12.86989079
1160.999000	-19.09032434
1161.999000	86.77834969
1162.999000	28.91469293
1163.999000	-4.74999955
1164.999000	-1.75490690
1165.999000	50.22296230
1166.999000	27.80167287
1167.999000	31.51646682
1168.999000	-58.06570612
1169.999000	18.78725354
1170.999000	23.42097145
1171.999000	-113.22798492
1172.999000	-31.98014392
1173.999000	-3.55442219
1174.999000	-6.00255519
1175.999000	-56.51946349
1176.999000	-76.07054177
1177.999000	73.24782674
1178.999000	-4.34692910
1179.999000	-22.08429311
1180.999000	-7.30334245
1181.999000	62.36964005
1182.999000	65.93534493
1183.999000	-35.06498949
1184.999000	15.00464272
1185.999000	82.88286884
1186.999000	-101.56210319
1187.999000	-131.66620180
1188.999000	-28.87857178
1189.999000	-0.57585529
1190.999000	-10.24896936
1191.999000	-35.36556370
1192.999000	-28.72716752
1193.999000	-31.08558404
1194.999000	-97.01882506
1195.999000	-42.73137287
1196.999000	69.51790710
1197.999000	29.85204196
1198.999000	56.18264117
1199.999000	-20.24851579
1200.999000	-11.06163553
1201.999000	27.77821518
1202.999000	51.56918451
1203.999000	-29.05105248
1204.999000	-14.17683032
1205.999000	-23.56811099
1206.999000	-18.84670677
1207.999000	53.80454128
1208.999000	-40.36047599
1209.999000	-181.39955681
1210.999000	-42.46420035
1211.999000	40.48764787
1212.999000	36.30639809
1213.999000	-29.84338679
1214.999000	-48.82123919
1215.999000	37.62758138
1216.999000	18.61012211
1217.999000	-80.81708816
1218.999000	-94.14290145
1219.999000	-78.80888722
1220.999000	-50.63698088
1221.999000	4.02282729
1222.999000	51.55224434
1223.999000	-28.11669520
1224.999000	20.53272196
1225.999000	46.48453257
1226.999000	14.02630675
1227.999000	87.11552205
1228.999000	61.63132323
1229.999000	83.03675488
1230.999000	-142.75111347
1231.999000	-51.62656039
1232.999000	29.47216048
1233.999000	82.47787794
1234.999000	-31.06865132
1235.999000	99.33418479
1236.999000	33.14606255
1237.999000	61.83761451
1238.999000	-36.82495184
1239.999000	-24.56335611
1240.999000	-62.11425325
1241.999000	19.13119464
1242.999000	90.39086284
1243.999000	-66.84216992
1244.999000	43.91380895
1245.999000	-99.17378938
1246.999000	-42.60043607
1247.999000	-6.29738717
1248.999000	-61.55072554
1249.999000	79.11712251
1250.999000	-13.01475382
1251.999000	50.27476445
1252.999000	-11.48217909
1253.999000	36.03884119
1254.999000	-80.86084181
1255.999000	-46.32329908
1256.999000	40.71925581
1257.999000	-43.11926413
1258.999000	-41.71848670
1259.999000	93.59484290
1260.999000	43.80011022
1261.999000	69.93261929
1262.999000	-22.84903657
1263.999000	-15.80263816
1264.999000	63.53756297
1265.999000	-53.84453918
1266.999000	-25.98110620
1267.999000	-90.87123040
1268.999000	-97.28877424
1269.999000	72.47398902
1270.999000	51.68838876
1271.999000	27.64539214
1272.999000	26.28407930
1273.999000	34.24988191
1274.999000	-13.63393300
1275.999000	-90.49649158
1276.999000	-58.86521459
1277.999000	127.66700363
1278.999000	-55.00491486
1279.999000	36.38980346
1280.999000	12.78810562
1281.999000	35.76245311
1282.999000	54.45776130
1283.999000	-4.58754936
1284.999000	89.61982220
1285.999000	-32.59158256
1286.999000	50.79833143
1287.999000	-27.41885544
1288.999000	-44.06229927
1289.999000	-17.62341125
1290.999000	-11.41039689
1291.999000	25.20684740
1292.999000	-0.82058025
1293.999000	30.54475491
1294.999000	21.90030482
1295.999000	25.81285181
