# F(k,t) correlation function
# Reference time: 401.001 ps
# lag_time_ps	F(k,t)
0.000000	598.15247562
2.000000	78.55721164
4.000000	68.90909253
6.000000	-82.79283617
8.000000	-106.87468091
10.000000	99.08660244
12.000000	-82.76033977
14.000000	-68.39657964
16.000000	-7.03922316
18.000000	-14.53000944
20.000000	41.58891650
22.000000	-23.17576473
24.000000	32.16122773
26.000000	75.06153514
28.000000	93.79214925
30.000000	13.02662636
32.000000	53.82897634
34.000000	19.66997691
36.000000	-39.75119156
38.000000	-12.22225843
40.000000	12.92259881
42.000000	43.26041993
44.000000	-46.92989329
46.000000	142.52669378
48.000000	-16.52543005
50.000000	29.14491021
52.000000	-10.15499930
54.000000	-75.61144120
56.000000	-35.84958203
58.000000	-34.81221421
60.000000	9.01254261
62.000000	-24.95464020
64.000000	29.66518711
66.000000	4.78098698
68.000000	2.31984398
70.000000	-22.34221172
72.000000	113.29232053
74.000000	-34.66247440
76.000000	-72.10417905
78.000000	43.62486147
80.000000	-107.86054743
82.000000	-16.71287234
84.000000	58.75982497
86.000000	44.13103902
88.000000	51.82669650
90.000000	-107.50185999
92.000000	-17.00905239
94.000000	-44.05342132
96.000000	6.27029324
98.000000	-74.69153482
100.000000	89.77009702
102.000000	79.70219721
104.000000	-13.04143145
106.000000	32.22854123
108.000000	82.64988027
110.000000	33.12485508
112.000000	-64.61753395
114.000000	122.22882333
116.000000	42.79059315
118.000000	-26.53532832
120.000000	36.11460601
122.000000	-20.84928829
124.000000	1.17191361
126.000000	-60.28135183
128.000000	13.84619898
130.000000	-44.38450516
132.000000	83.49972877
134.000000	58.64678438
136.000000	142.41351029
138.000000	75.36704964
140.000000	94.77030266
142.000000	-17.93631174
144.000000	92.84203779
146.000000	-52.98428345
148.000000	73.33809353
150.000000	-9.53816796
152.000000	-125.20281320
154.000000	-89.91954260
156.000000	133.04108261
158.000000	55.35687545
160.000000	48.77615211
162.000000	45.85284719
164.000000	-76.33010453
166.000000	-104.60676470
168.000000	11.75344487
170.000000	-4.63951111
172.000000	79.63957248
174.000000	-7.26682242
176.000000	54.78705008
178.000000	-30.61945782
180.000000	-64.67175764
182.000000	-6.35453141
184.000000	86.03954153
186.000000	-33.71352661
188.000000	-34.33105315
190.000000	40.54138197
192.000000	-64.86744878
194.000000	18.69411603
196.000000	105.31213418
198.000000	35.39425306
200.000000	59.54198849
202.000000	-73.93410696
204.000000	69.40667474
206.000000	-126.66996420
208.000000	-14.48579315
210.000000	-60.92981819
212.000000	-11.54741558
214.000000	-74.65330376
216.000000	39.41316907
218.000000	81.09392288
220.000000	-66.62111089
222.000000	-87.73871263
224.000000	93.70856756
226.000000	8.48732934
228.000000	-12.86766846
230.000000	86.05009621
232.000000	-30.69775205
234.000000	-14.82808321
236.000000	-40.23462341
238.000000	-45.93888325
240.000000	-21.12636406
242.000000	-30.40408322
244.000000	121.61942590
246.000000	-57.94897240
248.000000	65.68384952
250.000000	59.89505198
252.000000	-127.14418302
254.000000	22.69796326
256.000000	3.55166907
258.000000	-3.02390865
260.000000	-28.42168290
262.000000	22.57578937
264.000000	31.38070301
266.000000	-40.51115023
268.000000	17.44171546
270.000000	3.88438713
272.000000	-24.85878853
274.000000	-55.71606434
276.000000	-53.54541365
278.000000	-37.01011194
280.000000	28.60023133
282.000000	43.51179280
284.000000	-99.65207590
286.000000	-18.48394747
288.000000	-57.42476449
290.000000	11.84141714
292.000000	27.65182831
294.000000	124.08254730
296.000000	-27.15737405
298.000000	-21.54714654
300.000000	2.78479669
302.000000	10.52718505
304.000000	-31.66671817
306.000000	136.98290121
308.000000	13.43755011
310.000000	-70.83055998
312.000000	47.83420631
314.000000	-84.81145951
316.000000	43.35016269
318.000000	50.93235764
320.000000	4.93648656
322.000000	-33.02243220
324.000000	-92.03691905
326.000000	-90.26086332
328.000000	19.62278476
330.000000	9.76918852
332.000000	24.56936541
334.000000	-2.74504774
336.000000	54.23432714
338.000000	23.03287658
340.000000	14.80213211
342.000000	-10.95321910
344.000000	79.41837735
346.000000	-62.99725021
348.000000	-86.13426165
350.000000	-37.06151707
352.000000	0.90585666
354.000000	12.50746758
356.000000	-32.87316032
358.000000	41.88962841
360.000000	4.16455329
362.000000	-24.87652426
364.000000	0.37959705
366.000000	-21.29409775
368.000000	-18.75394774
370.000000	-2.84439466
372.000000	105.02635183
374.000000	52.59264813
376.000000	41.89342740
378.000000	30.53392433
380.000000	-14.25341217
382.000000	34.87931745
384.000000	-10.51100474
386.000000	-42.74006646
388.000000	110.01866098
390.000000	17.91056164
392.000000	-10.54590311
394.000000	-57.09527588
396.000000	48.08680679
398.000000	-16.52115749
400.000000	-22.12040061
402.000000	-65.81888855
404.000000	7.83557618
406.000000	11.87563794
408.000000	97.83181060
410.000000	1.62446321
412.000000	-20.50701055
414.000000	-32.70746128
416.000000	-42.21918402
418.000000	-22.53533712
420.000000	-39.95984169
422.000000	52.99795599
424.000000	-37.93778589
426.000000	7.03052978
428.000000	-15.65827727
430.000000	-3.27651142
432.000000	-27.04784367
434.000000	-25.47372481
436.000000	-35.12042484
438.000000	-4.56489721
440.000000	-68.48242968
442.000000	97.09578828
444.000000	-53.72769554
446.000000	17.93635254
448.000000	38.72313999
450.000000	-109.21667388
452.000000	22.04464944
454.000000	-14.85118832
456.000000	-72.48743804
458.000000	94.95496788
460.000000	-59.91891438
462.000000	-29.57249726
464.000000	-82.58166652
466.000000	-42.58400751
468.000000	25.13754363
470.000000	-92.05278813
472.000000	38.07220239
474.000000	99.45764895
476.000000	25.97068879
478.000000	10.92321599
480.000000	20.72703296
482.000000	89.57495272
484.000000	-55.41858314
486.000000	14.17367683
488.000000	-28.81473173
490.000000	-67.09923332
492.000000	47.29356712
494.000000	-34.12762183
496.000000	84.89222307
498.000000	40.58744348
500.000000	25.33777507
502.000000	-16.35552440
504.000000	-1.68789682
506.000000	121.31546994
508.000000	38.77962739
510.000000	-89.63230543
512.000000	-96.30814101
514.000000	19.82974710
516.000000	87.77746099
518.000000	-67.29109285
520.000000	72.47730837
522.000000	-34.96034766
524.000000	16.66575095
526.000000	-18.33033505
528.000000	-0.44277548
530.000000	91.85484703
532.000000	21.40119482
534.000000	62.49667450
536.000000	-59.88142400
538.000000	73.18059625
540.000000	-9.51837118
542.000000	26.41245283
544.000000	41.40104780
546.000000	-57.29678493
548.000000	-50.51799244
550.000000	-63.16840083
552.000000	1.38340906
554.000000	77.19916044
556.000000	-47.95727010
558.000000	-28.64798919
560.000000	72.36226074
562.000000	60.54121132
564.000000	19.11919173
566.000000	4.53836606
568.000000	35.75080766
570.000000	-9.64130217
572.000000	42.43301213
574.000000	-77.81291206
576.000000	-38.80294494
578.000000	77.28415123
580.000000	23.06970958
582.000000	87.53812592
584.000000	33.08739570
586.000000	1.44956010
588.000000	-83.37689574
590.000000	149.87329112
592.000000	-17.85040746
594.000000	22.11400743
596.000000	-21.23577917
598.000000	-17.81282773
600.000000	25.96747078
602.000000	-102.70549161
604.000000	-73.23336856
606.000000	77.90010824
608.000000	-26.58771414
610.000000	59.61754145
612.000000	-27.56473573
614.000000	13.98346114
616.000000	8.92930098
618.000000	91.11304859
620.000000	-103.96210760
622.000000	29.40300477
624.000000	-35.06742758
626.000000	7.39656271
628.000000	-10.70257000
630.000000	19.71785702
632.000000	2.08774864
634.000000	32.51627554
636.000000	124.55989026
638.000000	-29.56440665
640.000000	-11.01840219
642.000000	-84.03453327
644.000000	-19.54275402
646.000000	19.75502033
648.000000	-45.69233866
650.000000	9.38779584
652.000000	23.09899555
654.000000	-54.52566221
656.000000	-119.48308521
658.000000	22.60277522
660.000000	71.17448313
662.000000	0.46164294
664.000000	1.06759661
666.000000	38.81952147
668.000000	-40.84202619
670.000000	59.13257115
672.000000	-38.43445835
674.000000	38.97701339
676.000000	-16.14257525
678.000000	68.40950490
680.000000	-0.59394854
682.000000	17.50814797
684.000000	-0.95275465
686.000000	-64.57933417
688.000000	21.75912079
690.000000	-86.25013824
692.000000	-59.30243745
694.000000	16.15720921
696.000000	18.26935497
698.000000	44.50636395
700.000000	-119.82002279
702.000000	88.70810363
704.000000	-31.51008151
706.000000	76.23171181
708.000000	36.87519066
710.000000	-22.94898970
712.000000	-46.06708032
714.000000	-22.30496313
716.000000	-54.50492983
718.000000	1.00309632
720.000000	-90.05363446
722.000000	91.17799246
724.000000	12.61692416
726.000000	-65.16317857
728.000000	15.57767525
730.000000	121.86374465
732.000000	-33.29055391
734.000000	-76.30208268
736.000000	99.96875972
738.000000	-20.73203725
740.000000	-84.21644873
742.000000	60.02048943
744.000000	85.56217522
746.000000	-76.07488074
748.000000	-29.96017271
750.000000	-16.44127699
752.000000	-122.22805046
754.000000	18.42496195
756.000000	14.72029295
758.000000	-7.51519961
760.000000	-16.43723933
762.000000	-7.31458131
764.000000	-33.91651543
766.000000	-65.99475985
768.000000	103.20766827
770.000000	-81.59585760
772.000000	107.51330929
774.000000	35.85071819
776.000000	-37.12922143
778.000000	-70.85352363
780.000000	25.36170840
782.000000	-61.15480945
784.000000	-39.83918321
786.000000	-45.99874156
788.000000	-17.34497969
790.000000	-38.56572726
792.000000	-56.40086251
794.000000	80.81275608
796.000000	48.99696909
798.000000	-34.33229584
800.000000	8.77157595
802.000000	-45.62181700
804.000000	-30.62871644
806.000000	16.12018808
808.000000	-1.60263958
810.000000	-30.98191901
812.000000	-8.33395505
814.000000	77.82642001
816.000000	55.97606351
818.000000	-20.08122111
820.000000	-13.19829555
822.000000	-13.83021956
824.000000	103.75995497
826.000000	-49.20147077
828.000000	22.90845848
830.000000	44.86507619
832.000000	63.55924936
834.000000	-30.36133815
836.000000	-55.81056760
838.000000	58.39144987
840.000000	47.76894020
842.000000	-63.90133729
844.000000	60.20989518
846.000000	68.02239042
848.000000	27.46036556
850.000000	-33.32083853
852.000000	-73.26055566
854.000000	-8.43124129
856.000000	-81.77778106
858.000000	58.06021572
860.000000	51.30508081
862.000000	175.27412593
864.000000	-46.15259112
866.000000	-117.92217674
868.000000	-19.91983761
870.000000	9.45271521
872.000000	77.88556850
874.000000	-13.05537227
876.000000	-44.01846561
878.000000	13.40593149
880.000000	79.88898670
882.000000	72.35816984
884.000000	42.14433025
886.000000	-91.56172201
888.000000	60.44472529
890.000000	85.25086096
892.000000	19.95736162
894.000000	-68.77672202
896.000000	3.51955872
898.000000	41.65558625
900.000000	22.84943029
902.000000	-0.12046354
904.000000	27.43556307
906.000000	-47.45698200
908.000000	14.86497997
910.000000	-101.30405948
912.000000	64.63990307
914.000000	-15.13928646
916.000000	47.96861016
918.000000	-7.85348596
920.000000	-8.95717502
922.000000	-17.01668318
924.000000	87.59804613
926.000000	-43.76207044
928.000000	24.58915354
930.000000	-65.88686566
932.000000	-60.51671739
934.000000	50.32634526
936.000000	-13.44544934
938.000000	4.45441705
940.000000	-90.58930875
942.000000	15.06729781
944.000000	81.55847406
946.000000	79.50713979
948.000000	-26.73038938
950.000000	-5.66234987
952.000000	-29.28466868
954.000000	-26.62911045
956.000000	36.12483059
958.000000	17.88936245
960.000000	-11.07110613
962.000000	-4.62551228
964.000000	-49.80329718
966.000000	-67.70635084
968.000000	-14.50559263
970.000000	-2.73132214
972.000000	-17.46463109
974.000000	-13.36869587
976.000000	-57.34279487
978.000000	-1.86801930
980.000000	-56.64127134
982.000000	-77.48725806
984.000000	30.36658244
986.000000	-24.29248931
988.000000	-77.73015281
990.000000	-67.72699737
992.000000	-12.35704604
994.000000	-52.49354369
996.000000	15.24315236
998.000000	27.81568118
1000.000000	-28.09944586
1002.000000	48.83055025
1004.000000	-65.41506929
1006.000000	-3.36422518
1008.000000	-12.15694315
1010.000000	71.03100560
1012.000000	40.81783040
1014.000000	-25.62143270
1016.000000	52.95467384
1018.000000	59.04492473
1020.000000	77.98765012
1022.000000	2.81514764
1024.000000	45.87388918
1026.000000	9.84310804
1028.000000	0.25383421
1030.000000	56.13054569
1032.000000	88.37500566
1034.000000	-82.48338444
1036.000000	-45.31115296
1038.000000	-40.55374827
1040.000000	-24.24135158
1042.000000	-64.58014247
1044.000000	-48.35501660
1046.000000	27.12656638
1048.000000	95.10363494
1050.000000	45.00304149
1052.000000	-8.80520206
1054.000000	-13.02897122
1056.000000	103.91934334
1058.000000	42.24101229
1060.000000	-41.25446554
1062.000000	12.62722212
1064.000000	-157.27075565
1066.000000	-75.17137791
1068.000000	-67.56889590
1070.000000	24.55803819
1072.000000	82.95583952
1074.000000	-14.35839209
1076.000000	16.86518108
1078.000000	41.58741754
1080.000000	-77.71997514
1082.000000	-74.86940332
1084.000000	105.52963180
1086.000000	-86.18220214
1088.000000	20.37761052
1090.000000	30.00383087
1092.000000	-0.15508406
1094.000000	-72.47798564
1096.000000	75.42673443
1098.000000	-0.76751600
1100.000000	-43.69961918
1102.000000	56.06401025
1104.000000	-118.95573421
1106.000000	-28.60696733
1108.000000	72.43841690
1110.000000	-33.86328973
1112.000000	1.95590447
1114.000000	-75.92024521
1116.000000	-97.54239132
1118.000000	-83.64083455
1120.000000	-51.70980058
1122.000000	93.66136743
1124.000000	150.22160339
1126.000000	-20.69228053
1128.000000	3.73308273
1130.000000	-66.49730390
1132.000000	19.77361546
1134.000000	-9.92125431
1136.000000	-76.82166987
1138.000000	-57.46706276
1140.000000	-62.59821386
1142.000000	-38.70082358
1144.000000	-112.02547616
1146.000000	-7.75468211
1148.000000	-31.51018072
1150.000000	-53.46608245
1152.000000	-8.92076884
1154.000000	119.19661791
1156.000000	-24.24646196
1158.000000	-37.43564443
1160.000000	-21.37589492
1162.000000	-59.83901877
1164.000000	49.24125046
1166.000000	22.42473753
1168.000000	-14.18574980
1170.000000	-11.68086949
1172.000000	-49.26687618
1174.000000	-30.11252013
1176.000000	72.49575506
1178.000000	-8.79742163
1180.000000	-21.66749063
1182.000000	-46.44880605
1184.000000	90.15720197
1186.000000	13.97444815
1188.000000	33.48292930
1190.000000	1.98945845
1192.000000	-34.73782086
1194.000000	17.51746517
1196.000000	2.51447116
1198.000000	22.35414572
1200.000000	5.60061837
1202.000000	1.88560248
1204.000000	-160.93228079
1206.000000	50.67700627
1208.000000	-113.59390783
1210.000000	-86.14259530
1212.000000	-55.64430584
1214.000000	-6.57924449
1216.000000	43.78185231
1218.000000	-7.32703803
1220.000000	121.00896997
1222.000000	-46.08676350
1224.000000	-5.04224196
1226.000000	103.21087956
1228.000000	-7.68563769
1230.000000	-62.47381178
1232.000000	-20.32006727
1234.000000	83.40360015
1236.000000	12.74660099
1238.000000	21.49004212
1240.000000	19.26496943
1242.000000	-27.74534197
1244.000000	2.96501301
1246.000000	34.69794017
1248.000000	43.87880410
1250.000000	-12.54314029
1252.000000	72.90149801
1254.000000	60.82892315
1256.000000	-2.19592683
1258.000000	-73.65400201
1260.000000	51.11893611
1262.000000	45.01491785
1264.000000	-51.13817242
1266.000000	-64.99673356
1268.000000	2.35855082
1270.000000	8.86120713
1272.000000	-68.07339719
1274.000000	84.08734406
1276.000000	-57.06918562
1278.000000	-40.66751717
1280.000000	1.95838768
1282.000000	-78.77082508
1284.000000	44.54719343
1286.000000	-125.84528590
1288.000000	-27.37454917
1290.000000	-69.09360856
1292.000000	29.93684089
1294.000000	99.67747206
1296.000000	49.59876686
1298.000000	9.12846556
1300.000000	144.68348284
1302.000000	-12.67190510
1304.000000	-13.13606748
1306.000000	-21.20259374
1308.000000	-65.08690509
1310.000000	-9.98286932
1312.000000	-60.45086326
1314.000000	-28.80436055
1316.000000	-54.79852337
1318.000000	66.15438221
1320.000000	-29.49203917
1322.000000	61.15004754
1324.000000	-42.10487773
1326.000000	64.23056511
1328.000000	59.89264532
1330.000000	30.75918907
1332.000000	73.80466252
1334.000000	-44.05096252
1336.000000	-30.97520940
1338.000000	19.09514888
1340.000000	-18.18199975
1342.000000	40.82811816
1344.000000	57.70910446
1346.000000	109.95617974
1348.000000	-16.63846903
1350.000000	-52.62391055
1352.000000	4.96160897
1354.000000	-95.99814628
1356.000000	-22.38797355
1358.000000	41.12889334
1360.000000	23.04091410
1362.000000	-42.66272906
1364.000000	-68.57183481
1366.000000	43.07740112
1368.000000	35.88500501
1370.000000	37.07697052
1372.000000	89.16626078
1374.000000	1.41170066
1376.000000	-5.09111351
1378.000000	-26.48429313
1380.000000	-13.24347727
1382.000000	-83.54534681
1384.000000	-5.67492429
1386.000000	68.80705031
1388.000000	54.96558987
1390.000000	-41.07442771
1392.000000	97.56983225
1394.000000	53.54674683
1396.000000	29.54527901
1398.000000	-50.62107007
1400.000000	9.70253321
1402.000000	-26.55718363
1404.000000	-20.38192952
1406.000000	31.21872929
1408.000000	-11.26746480
1410.000000	-21.45110054
1412.000000	39.64117709
1414.000000	-60.37126103
1416.000000	-61.01012244
1418.000000	1.05101117
1420.000000	139.14768347
1422.000000	32.20018086
1424.000000	-8.54977466
1426.000000	9.59179071
1428.000000	78.79664096
1430.000000	53.74793873
1432.000000	20.48130495
1434.000000	-20.28634679
1436.000000	0.93903544
1438.000000	-12.71874307
1440.000000	-46.72021188
1442.000000	21.25919478
1444.000000	-19.13872096
1446.000000	-8.38282211
1448.000000	9.83759756
1449.000000	101.46133929
1450.000000	-17.92821387
1451.000000	62.98367568
1452.000000	-13.26576352
1453.000000	-23.52760939
1454.000000	69.33648790
1455.000000	-29.76582374
1456.000000	-9.17392581
1457.000000	-49.74453665
1458.000000	11.35250263
1459.000000	47.35392874
1460.000000	-8.20383267
1461.000000	-32.07261569
1462.000000	34.20497870
1463.000000	21.37760965
1464.000000	75.30449170
1465.000000	15.68755043
1466.000000	67.98330685
1467.000000	3.51052647
1468.000000	23.89416872
1469.000000	-124.87825875
1470.000000	30.44239715
1471.000000	13.87571595
1472.000000	-36.37825294
1473.000000	-4.12419147
1474.000000	-52.69733115
1475.000000	19.62196473
1476.000000	50.60361075
1477.000000	6.61418704
1478.000000	-71.32739825
1479.000000	46.09130549
1480.000000	-96.39327072
1481.000000	41.23067370
1482.000000	-66.20046925
1483.000000	-126.71490001
1484.000000	-53.13749266
1485.000000	50.61683418
1486.000000	-11.22154159
1487.000000	-57.73554593
1488.000000	-1.48595774
1489.000000	17.67099215
1490.000000	47.31071028
1491.000000	-25.08887939
1492.000000	138.93043441
1493.000000	2.48725582
1494.000000	-31.62475995
1495.000000	-22.25498483
1496.000000	60.34387526
1497.000000	18.75553596
1498.000000	56.36850621
1499.000000	61.00501750
1500.000000	-12.36179500
1501.000000	-33.71785830
1502.000000	13.30031005
1503.000000	28.48094757
1504.000000	35.29157070
1505.000000	39.38970823
1506.000000	-1.77384101
1507.000000	59.17774720
1508.000000	148.71492022
1509.000000	-15.08158620
1510.000000	-40.37512677
1511.000000	-97.09567578
1512.000000	-2.19124083
1513.000000	2.68882147
1514.000000	-10.26148112
1515.000000	-45.16682670
1516.000000	-67.52968018
1517.000000	-47.93832946
1518.000000	111.12636560
1519.000000	-2.17452345
1520.000000	72.48636641
1521.000000	114.73279414
1522.000000	12.06126281
1523.000000	-39.39681028
1524.000000	-27.67445962
1525.000000	104.00843261
1526.000000	28.27029069
1527.000000	-24.03247251
1528.000000	2.44149991
1529.000000	-29.51300373
1530.000000	35.44752442
1531.000000	-46.72287198
1532.000000	-21.85671487
1533.000000	-35.14886079
1534.000000	-57.17196182
1535.000000	-86.62913659
1536.000000	-64.37341640
1537.000000	-78.28134946
1538.000000	36.28761250
1539.000000	-21.13783293
1540.000000	-85.47605552
1541.000000	103.35835767
1542.000000	66.85984537
1543.000000	-65.69569148
1544.000000	-47.38829911
1545.000000	46.21821472
1546.000000	-11.37493372
1547.000000	-113.42848029
1548.000000	73.65159090
1549.000000	117.91501124
1550.000000	-18.90356709
1551.000000	15.72074256
1552.000000	45.70970399
1553.000000	91.92863089
1554.000000	12.22895233
1555.000000	31.59129326
1556.000000	-82.40671227
1557.000000	-58.90788601
1558.000000	-72.12597705
1559.000000	55.88117374
1560.000000	-128.48772034
1561.000000	-30.93429316
1562.000000	29.59449556
1563.000000	33.20029652
1564.000000	-53.34588073
1565.000000	-7.78353850
1566.000000	117.21095807
1567.000000	121.68161033
1568.000000	101.27144955
1569.000000	-5.95394773
1570.000000	61.56155186
1571.000000	-14.02307607
1572.000000	56.22416938
1573.000000	80.88251020
1574.000000	-5.21784070
1575.000000	22.84667642
1576.000000	15.38507891
1577.000000	131.33021902
1578.000000	36.80138550
1579.000000	29.72003905
1580.000000	5.56276245
1581.000000	61.01873426
1582.000000	22.76849066
1583.000000	-1.33911840
1584.000000	101.20525084
1585.000000	-23.23088739
1586.000000	4.15841135
1587.000000	29.40570979
1588.000000	1.60641100
1589.000000	-62.94530664
1590.000000	28.38367830
1591.000000	-14.64458939
1592.000000	52.02187287
1593.000000	94.96388068
1594.000000	1.45352654
1595.000000	43.73355731
1596.000000	76.36399655
1597.000000	53.12578402
1598.000000	39.88740452
1599.000000	-58.01492710
1600.000000	-1.11240575
1601.000000	-2.33281606
1602.000000	-78.17609367
1603.000000	29.46647662
1604.000000	17.73146441
1605.000000	-38.57705984
1606.000000	101.67521520
1607.000000	-39.93282818
1608.000000	0.95070074
1609.000000	27.27101184
1610.000000	-63.16315501
1611.000000	-19.91269244
1612.000000	51.62251381
1613.000000	19.59424358
1614.000000	21.82952539
1615.000000	-79.12140146
1616.000000	-47.59515489
1617.000000	63.52605346
1618.000000	-10.83971795
1619.000000	-78.12815098
1620.000000	16.76650059
1621.000000	-15.74249983
1622.000000	-130.47778356
1623.000000	-17.97899006
1624.000000	-138.60589793
1625.000000	-65.83374190
1626.000000	1.42832398
1627.000000	-2.96807616
1628.000000	-25.38979935
1629.000000	-78.46376682
1630.000000	-30.82386858
1631.000000	-107.78106997
1632.000000	-21.60986633
1633.000000	40.36933504
1634.000000	-33.95084067
1635.000000	-22.27404525
1636.000000	13.61800008
1637.000000	4.75084397
1638.000000	80.37774484
1639.000000	30.27355314
1640.000000	-14.77324857
1641.000000	1.96590621
1642.000000	47.61185315
1643.000000	-92.96214989
1644.000000	-87.40249747
1645.000000	-21.82153673
1646.999000	22.36470042
1647.999000	48.05552641
1648.999000	29.17118018
1649.999000	-43.40801114
1650.999000	-43.29610098
1651.999000	-49.69527980
1652.999000	43.66797379
1653.999000	51.51879196
1654.999000	-2.37322042
1655.999000	-96.59865062
1656.999000	-60.55475768
1657.999000	22.26526738
1658.999000	-76.26807697
1659.999000	26.67906164
1660.999000	-40.07446013
1661.999000	45.53716808
1662.999000	-37.36332683
1663.999000	-36.01455549
1664.999000	-17.59588015
1665.999000	-51.26799804
1666.999000	-66.10932837
1667.999000	-35.49321920
1668.999000	-39.37761776
1669.999000	-144.14222965
1670.999000	117.55274794
1671.999000	17.57112784
1672.999000	43.81417646
1673.999000	-23.39546169
1674.999000	-76.53877450
1675.999000	101.62350186
1676.999000	-4.46173349
1677.999000	-4.72712426
1678.999000	28.96012195
1679.999000	-3.28952439
1680.999000	11.54458299
1681.999000	-45.00906975
1682.999000	-58.34632039
1683.999000	63.69285308
1684.999000	-21.63182667
1685.999000	-23.65772756
1686.999000	-50.87050438
1687.999000	125.56026885
1688.999000	-60.91582423
1689.999000	-42.56815231
1690.999000	57.70552421
1691.999000	-14.45686528
1692.999000	66.75285750
1693.999000	33.68468013
1694.999000	3.49921524
1695.999000	-84.04197639
1696.999000	51.50564505
1697.999000	62.85263228
1698.999000	-21.70775616
1699.999000	20.97749601
1700.999000	-20.96515550
1701.999000	-4.01143515
1702.999000	28.16438991
1703.999000	-87.27691456
1704.999000	14.69947854
1705.999000	-36.50500178
1706.999000	-82.49498170
1707.999000	14.92511909
1708.999000	68.82626697
1709.999000	63.49397967
1710.999000	27.70455005
1711.999000	-6.65623951
1712.999000	7.28295041
1713.999000	-121.15116158
1714.999000	26.33224813
1715.999000	-34.18757357
1716.999000	-111.59384210
1717.999000	7.75558791
1718.999000	-38.44329816
1719.999000	-58.08688899
1720.999000	42.01336022
1721.999000	-50.11809207
1722.999000	2.81719377
1723.999000	88.83854565
1724.999000	-103.08506080
1725.999000	-58.35322260
1726.999000	0.02493851
1727.999000	66.06404633
1728.999000	-3.75920806
1729.999000	-5.17247455
1730.999000	-43.39205627
1731.999000	-28.84543577
1732.999000	25.15808675
1733.999000	16.11547706
1734.999000	-76.31923146
1735.999000	150.80356409
1736.999000	-17.92516946
1737.999000	-110.81800857
1738.999000	65.10719955
1739.999000	8.06722820
1740.999000	-19.02754336
1741.999000	-45.54271425
1742.999000	29.89028702
1743.999000	-10.57741824
1744.999000	-51.21010223
1745.999000	-32.46917349
1746.999000	65.81649533
1747.999000	3.42778170
1748.999000	31.78580847
1749.999000	1.93369806
1750.999000	7.44511238
1751.999000	-135.01834693
1752.999000	9.15660807
1753.999000	0.49197524
1754.999000	84.25206598
1755.999000	61.48011619
1756.999000	-13.15807537
1757.999000	14.91387307
1758.999000	44.90936217
1759.999000	-31.62104359
1760.999000	6.22162465
1761.999000	49.93292231
1762.999000	28.62791564
1763.999000	-42.87565769
1764.999000	45.11107431
1765.999000	-116.49926237
1766.999000	-20.68446929
1767.999000	116.60097978
1768.999000	83.33251649
1769.999000	6.00873411
1770.999000	-5.88945255
1771.999000	-77.37831135
1772.999000	-23.81640721
1773.999000	-59.67342322
1774.999000	-12.98300090
1775.999000	74.36727799
1776.999000	-52.69905045
1777.999000	-5.36352963
1778.999000	37.92039124
1779.999000	-4.92743372
1780.999000	2.88751215
1781.999000	18.90790644
1782.999000	36.63208984
1783.999000	3.74724043
1784.999000	38.94929749
1785.999000	-54.62480219
1786.999000	-133.28170559
1787.999000	-6.09852289
1788.999000	56.29470216
1789.999000	-89.89505791
1790.999000	-0.12474556
1791.999000	-5.17674695
1792.999000	-6.57428736
1793.999000	19.60474481
1794.999000	69.85987238
1795.999000	-16.00693767
1796.999000	-50.28017100
1797.999000	57.75463911
1798.999000	-9.21916567
1799.999000	66.79959424
1800.999000	-12.62256603
1801.999000	-4.20753996
1802.999000	-48.56449954
1803.999000	47.25209872
1804.999000	33.95055215
1805.999000	66.27639593
1806.999000	97.78849924
1807.999000	38.58491380
1808.999000	-71.17887199
1809.999000	22.83442030
1810.999000	0.26615058
1811.999000	5.18460616
1812.999000	-21.57369355
1813.999000	33.74422079
1814.999000	77.52988222
1815.999000	-4.95644375
1816.999000	-22.53167777
1817.999000	104.93661279
1818.999000	26.29260213
1819.999000	21.90734425
1820.999000	96.44858958
1821.999000	-51.65903268
1822.999000	-53.00400015
1823.999000	86.26554116
1824.999000	-41.63692935
1825.999000	121.87873700
1826.999000	46.82371249
1827.999000	17.99926242
1828.999000	-14.95036447
1829.999000	21.92099780
1830.999000	65.34858595
1831.999000	1.57951903
1832.999000	-4.65359818
1833.999000	-51.68018268
1834.999000	-10.21852605
1835.999000	-30.75970962
1836.999000	-22.84772826
1837.999000	84.32809567
1838.999000	-17.11720802
1839.999000	-18.82418071
1840.999000	-19.94368346
1841.999000	50.61852016
1842.999000	100.65254119
1843.999000	-33.89668262
1844.999000	-101.02957995
1845.999000	-12.87286202
1846.999000	-64.80480601
1847.999000	-63.20150974
1848.999000	-34.32115451
1849.999000	34.07957966
1850.999000	34.40512477
1851.999000	80.03416555
1852.999000	19.62929494
1853.999000	105.21255439
1854.999000	11.21258063
1855.999000	100.53400434
1856.999000	-68.42098889
1857.999000	-71.19269093
1858.999000	36.00557789
1859.999000	71.19646293
1860.999000	-13.22427113
1861.999000	62.81508004
1862.999000	134.20462318
1863.999000	35.06590643
1864.999000	-130.03559934
1865.999000	-95.96529950
1866.999000	70.22607378
1867.999000	-3.98841465
1868.999000	-41.51963553
1869.999000	-67.80431437
1870.999000	38.45625215
1871.999000	-34.24162637
1872.999000	-3.63046613
1873.999000	32.23073184
1874.999000	74.96341699
1875.999000	-76.00983742
1876.999000	35.32544183
1877.999000	-147.59381641
1878.999000	-35.69486237
1879.999000	15.11894194
1880.999000	-101.99743450
1881.999000	22.01359553
1882.999000	75.98394548
1883.999000	-38.24900401
1884.999000	40.02548224
1885.999000	97.81858080
1886.999000	40.91369272
1887.999000	120.80335610
1888.999000	-7.20689270
1889.999000	-15.16578784
1890.999000	132.44647358
1891.999000	-16.03875331
1892.999000	-138.26641042
1893.999000	-29.82329810
1894.999000	107.14879030
1895.999000	35.71586393
1896.999000	-8.74231797
1897.999000	92.08522178
1898.999000	-11.07819646
