# F(k,t) correlation function
# Reference time: 200.001 ps
# lag_time_ps	F(k,t)
0.000000	495.77154402
1.000000	-37.04240740
3.000000	-43.52512869
5.000000	-14.57475340
7.000000	-4.41511698
9.000000	40.15101982
11.000000	70.73260633
13.000000	-38.87865524
15.000000	-44.88535413
17.000000	13.15491913
19.000000	0.04837567
21.000000	-144.85627720
23.000000	17.48929007
25.000000	7.57378341
27.000000	-89.33713277
29.000000	29.42403883
31.000000	-95.48570953
33.000000	8.55663983
35.000000	-11.21850537
37.000000	7.91170862
39.000000	-64.30649763
41.000000	3.76618639
43.000000	1.92216395
45.000000	14.60729735
47.000000	-16.81128210
49.000000	47.41342586
51.000000	-67.55305405
53.000000	23.24480664
55.000000	-33.36764980
57.000000	-4.39964513
59.000000	1.79092381
61.000000	-9.51475267
63.000000	27.00420213
65.000000	-18.70189741
67.000000	21.02196368
69.000000	48.94639339
71.000000	-11.53169392
73.000000	-58.42858440
75.000000	11.35021046
77.000000	47.49008701
79.000000	81.95575590
81.000000	-57.89132565
83.000000	-43.31483791
85.000000	92.07869883
87.000000	-52.90041621
89.000000	77.06062308
91.000000	-6.25635825
93.000000	0.89695436
95.000000	35.93014565
97.000000	-31.13940509
99.000000	44.10229839
101.000000	-17.82278139
103.000000	-25.39529483
105.000000	-3.93802466
107.000000	20.78211721
109.000000	22.27886866
111.000000	-11.53121462
113.000000	9.25984934
115.000000	100.68666324
117.000000	-9.55763677
119.000000	58.57223523
121.000000	-71.67512933
123.000000	16.73946215
125.000000	35.02889112
127.000000	13.68464626
129.000000	53.02977468
131.000000	-37.53622821
133.000000	57.93782742
135.000000	-23.80227679
137.000000	-15.41168865
139.000000	-20.25201405
141.000000	20.31587156
143.000000	93.66652738
145.000000	-17.58140253
147.000000	17.41546413
149.000000	22.76277974
151.000000	-40.77913416
153.000000	-2.76714434
155.000000	59.23855555
157.000000	55.51187901
159.000000	23.73251462
161.000000	11.11400913
163.000000	-3.95399427
165.000000	-23.21544724
167.000000	5.19673670
169.000000	-46.14882920
171.000000	19.50741039
173.000000	-34.86676808
175.000000	-64.99591623
177.000000	28.67734583
179.000000	13.39264503
181.000000	73.74806917
183.000000	65.09534860
185.000000	146.95337493
187.000000	18.61547992
189.000000	37.65183005
191.000000	14.34580430
193.000000	-35.76426017
195.000000	-36.21367928
197.000000	-43.57886834
199.000000	43.99049016
201.000000	-36.72453770
203.000000	0.35525186
205.000000	-33.84569698
207.000000	-1.34557989
209.000000	10.29029489
211.000000	-30.13787947
213.000000	52.28912907
215.000000	65.33329097
217.000000	53.77911742
219.000000	-56.28136299
221.000000	-1.43345530
223.000000	-90.22981188
225.000000	-7.42562880
227.000000	6.93939231
229.000000	16.85739499
231.000000	-31.30269413
233.000000	-48.10727680
235.000000	-29.76051125
237.000000	16.56787733
239.000000	-62.05458125
241.000000	-119.57496213
243.000000	58.28299475
245.000000	97.61523725
247.000000	61.28479109
249.000000	40.93650248
251.000000	4.02328280
253.000000	35.49545961
255.000000	22.65026306
257.000000	35.03477945
259.000000	-69.70426706
261.000000	-1.84388651
263.000000	-38.21647944
265.000000	-58.99870679
267.000000	42.95269026
269.000000	-16.31472768
271.000000	-117.73056136
273.000000	-49.33320119
275.000000	57.34624515
277.000000	-63.32019967
279.000000	15.27026792
281.000000	-47.65369929
283.000000	43.17244678
285.000000	-21.69988749
287.000000	-61.07971923
289.000000	125.68164707
291.000000	86.69520812
293.000000	3.77767983
295.000000	56.56315684
297.000000	-17.38112695
299.000000	53.47506082
301.000000	6.06538923
303.000000	-6.05119817
305.000000	-59.44359054
307.000000	-5.25220955
309.000000	-35.48165805
311.000000	-67.59119267
313.000000	39.02431704
315.000000	2.12784349
317.000000	20.31867402
319.000000	-17.69860756
321.000000	-45.08575597
323.000000	-75.05081174
325.000000	49.67063091
327.000000	-21.36511569
329.000000	-65.57361757
331.000000	52.39855567
333.000000	-51.76952057
335.000000	-49.96979078
337.000000	-7.77617771
339.000000	43.68839043
341.000000	57.98544930
343.000000	57.09413576
345.000000	61.50756084
347.000000	-0.84660297
349.000000	-28.11191868
351.000000	42.93201395
353.000000	13.36585208
355.000000	-7.81655851
357.000000	-7.29278488
359.000000	-28.70001541
361.000000	89.65728070
363.000000	-51.91930845
365.000000	10.93809720
367.000000	5.66727343
369.000000	15.04782200
371.000000	31.34331727
373.000000	-48.70529894
375.000000	11.36396828
377.000000	-63.01256558
379.000000	79.44397676
381.000000	63.84798714
383.000000	13.39373579
385.000000	-60.20939903
387.000000	-119.58193403
389.000000	-110.92081899
391.000000	-4.45162454
393.000000	-74.09684543
395.000000	18.45867350
397.000000	31.45017245
399.000000	-0.12714688
401.000000	-60.61178977
403.000000	-54.08288305
405.000000	-40.13779301
407.000000	-26.79447340
409.000000	-21.43053077
411.000000	69.16194145
413.000000	10.90495107
415.000000	4.84165890
417.000000	-40.66597365
419.000000	-67.47636800
421.000000	-10.03308691
423.000000	-15.10263861
425.000000	18.02092835
427.000000	-61.15186016
429.000000	-71.73782478
431.000000	89.81659194
433.000000	64.43313694
435.000000	73.04744003
437.000000	-2.97266327
439.000000	14.19980906
441.000000	-33.22934648
443.000000	-18.37612017
445.000000	27.39505808
447.000000	-43.38786399
449.000000	-15.71619800
451.000000	-8.14705381
453.000000	-62.42964821
455.000000	-43.86968462
457.000000	-68.75410144
459.000000	71.47877473
461.000000	-2.92297447
463.000000	-88.69934052
465.000000	108.73694532
467.000000	54.07167108
469.000000	88.63930444
471.000000	22.39461935
473.000000	-62.93230980
475.000000	-14.27917316
477.000000	23.30248883
479.000000	-49.76853961
481.000000	20.16072337
483.000000	-18.35810783
485.000000	0.21068101
487.000000	-29.39305320
489.000000	29.84514289
491.000000	66.41936366
493.000000	-57.26325788
495.000000	40.73549882
497.000000	19.85671412
499.000000	23.79685613
501.000000	-64.82807937
503.000000	15.21842253
505.000000	-2.40708018
507.000000	-64.35111989
509.000000	-62.68680232
511.000000	78.09582450
513.000000	68.55417663
515.000000	-65.22661387
517.000000	25.32005388
519.000000	-44.53115178
521.000000	-45.59809766
523.000000	-29.65507139
525.000000	2.36188282
527.000000	-34.30490796
529.000000	82.23521179
531.000000	125.69645325
533.000000	-147.69141512
535.000000	-5.84879553
537.000000	-97.28947049
539.000000	-44.05308552
541.000000	-8.04666403
543.000000	-1.44073978
545.000000	-31.27645988
547.000000	79.88729564
549.000000	12.89583770
551.000000	91.36614146
553.000000	28.35565764
555.000000	-37.29599397
557.000000	1.15186736
559.000000	-35.36573608
561.000000	-51.25293821
563.000000	-85.89326736
565.000000	72.86807785
567.000000	74.53624126
569.000000	57.31628506
571.000000	141.23761552
573.000000	-37.07534808
575.000000	-75.12738878
577.000000	21.59863651
579.000000	-43.03437154
581.000000	113.48350098
583.000000	-17.27669047
585.000000	-32.73995551
587.000000	-15.18985594
589.000000	-43.12577985
591.000000	-45.59830338
593.000000	-3.00466324
595.000000	-24.54830171
597.000000	13.92752474
599.000000	116.82900990
601.000000	11.99712460
603.000000	42.02428701
605.000000	47.42617820
607.000000	69.37009811
609.000000	-6.19313072
611.000000	-2.05518941
613.000000	10.93353215
615.000000	23.01533345
617.000000	-101.44125848
619.000000	23.91249537
621.000000	-23.44319461
623.000000	-22.46570472
625.000000	-44.19361088
627.000000	37.86070463
629.000000	-75.70968982
631.000000	-6.85983659
633.000000	-22.78098410
635.000000	14.05958676
637.000000	-10.20621380
639.000000	-21.61397046
641.000000	13.88100783
643.000000	-80.79820437
645.000000	-56.40868278
647.000000	35.75860612
649.000000	-12.01461384
651.000000	-18.38400540
653.000000	40.80323288
655.000000	16.88233820
657.000000	48.40675582
659.000000	-7.99323384
661.000000	32.21191724
663.000000	-43.20890840
665.000000	-48.29134505
667.000000	26.49956998
669.000000	11.98382825
671.000000	-23.10592741
673.000000	60.95728523
675.000000	-61.59625162
677.000000	13.32273532
679.000000	-82.33804013
681.000000	22.42911172
683.000000	-43.85377892
685.000000	39.86671564
687.000000	29.36300565
689.000000	-34.32522052
691.000000	28.40190224
693.000000	50.77546285
695.000000	-9.75558830
697.000000	85.07840612
699.000000	73.42635138
701.000000	16.96579334
703.000000	2.84580540
705.000000	-2.32922741
707.000000	-58.31057325
709.000000	11.11106278
711.000000	61.84792344
713.000000	-64.92409499
715.000000	-58.24427713
717.000000	92.28692918
719.000000	63.59468168
721.000000	4.32631914
723.000000	11.07289169
725.000000	-63.66818532
727.000000	-2.42665782
729.000000	-55.04745681
731.000000	14.74852222
733.000000	10.94461277
735.000000	24.11933706
737.000000	10.47692200
739.000000	-29.75247711
741.000000	92.41070436
743.000000	-63.56953124
745.000000	78.76332145
747.000000	-56.18878155
749.000000	-17.64921726
751.000000	41.02857037
753.000000	-42.94592595
755.000000	13.90353913
757.000000	-48.06128170
759.000000	6.18216101
761.000000	-44.87417286
763.000000	-38.12185275
765.000000	-105.19715994
767.000000	-27.18234131
769.000000	-4.04167698
771.000000	22.76997228
773.000000	91.74197471
775.000000	0.15070079
777.000000	-57.97439579
779.000000	68.93138044
781.000000	135.49406056
783.000000	-1.37149863
785.000000	-63.48155292
787.000000	0.25766293
789.000000	-51.00219145
791.000000	50.51127772
793.000000	42.29762683
795.000000	64.26663151
797.000000	-94.36138957
799.000000	-4.81056853
801.000000	-31.56887721
803.000000	90.86446116
805.000000	27.02468229
807.000000	77.61876482
809.000000	-19.03191992
811.000000	23.34498581
813.000000	30.09798487
815.000000	43.01057026
817.000000	1.05342802
819.000000	28.33060469
821.000000	-64.13210656
823.000000	49.40901890
825.000000	-34.43543096
827.000000	-54.77827136
829.000000	73.47969748
831.000000	32.62718650
833.000000	-26.98573358
835.000000	39.38583714
837.000000	-57.71573271
839.000000	-8.82878597
841.000000	86.74023862
843.000000	100.33368144
845.000000	-26.92114671
847.000000	-35.17506395
849.000000	144.51068477
851.000000	-82.27003987
853.000000	-22.48016816
855.000000	47.31232338
857.000000	23.28338275
859.000000	-119.39151349
861.000000	57.65259081
863.000000	-84.71817651
865.000000	21.16185703
867.000000	-89.08783215
869.000000	-7.76060105
871.000000	45.58055824
873.000000	32.77895616
875.000000	-44.82928097
877.000000	105.59568878
879.000000	59.73113985
881.000000	-16.88419439
883.000000	-48.88530941
885.000000	-3.63988782
887.000000	16.25343907
889.000000	28.82532036
891.000000	-37.23755840
893.000000	-78.25094708
895.000000	-39.51810692
897.000000	79.65889618
899.000000	-25.35987440
901.000000	76.61056095
903.000000	28.58378258
905.000000	34.62650890
907.000000	-77.56913428
909.000000	16.65798567
911.000000	46.79048545
913.000000	31.25330617
915.000000	-19.13671508
917.000000	-3.87166641
919.000000	29.79862887
921.000000	-9.06951099
923.000000	9.32394601
925.000000	-23.14927945
927.000000	-0.63884163
929.000000	-62.96345458
931.000000	-27.98567314
933.000000	27.88469331
935.000000	-78.54827228
937.000000	30.58548681
939.000000	69.87677011
941.000000	-52.17899710
943.000000	17.05948520
945.000000	-22.20323932
947.000000	7.44101315
949.000000	75.76404921
951.000000	-39.68908393
953.000000	-26.56344395
955.000000	-21.58258450
957.000000	7.28642670
959.000000	-16.85024910
961.000000	4.04339742
963.000000	-13.52623362
965.000000	33.16162804
967.000000	37.32040903
969.000000	34.04961180
971.000000	-43.79091196
973.000000	-11.13689452
975.000000	13.09173749
977.000000	11.95010708
979.000000	-41.03942684
981.000000	93.31214660
983.000000	-9.72348630
985.000000	-29.37263560
987.000000	15.94622167
989.000000	-34.13255679
991.000000	29.79735036
993.000000	-9.15924539
995.000000	0.29214305
997.000000	-105.86468014
999.000000	-9.70024552
1001.000000	-77.14066567
1003.000000	25.54945197
1005.000000	-67.16758808
1007.000000	31.40412346
1009.000000	54.31730943
1011.000000	-70.42389568
1013.000000	-6.10415553
1015.000000	-13.19252594
1017.000000	-38.11922756
1019.000000	86.72782137
1021.000000	24.95294729
1023.000000	9.82816547
1025.000000	-53.64989368
1027.000000	-40.58873969
1029.000000	-4.73535363
1031.000000	-40.94798715
1033.000000	-0.25305210
1035.000000	-28.53325091
1037.000000	-100.68822847
1039.000000	-30.25658158
1041.000000	41.29996640
1043.000000	83.20039163
1045.000000	16.99569914
1047.000000	-98.76711310
1049.000000	-27.30360319
1051.000000	-7.53976038
1053.000000	62.20014848
1055.000000	-2.52266961
1057.000000	-77.26894084
1059.000000	-32.08415768
1061.000000	-23.77537982
1063.000000	27.74376149
1065.000000	18.43127637
1067.000000	-0.25155975
1069.000000	25.14345184
1071.000000	-3.34650916
1073.000000	-38.41872714
1075.000000	-94.41816758
1077.000000	40.37705534
1079.000000	14.22767497
1081.000000	114.14709801
1083.000000	-92.40636656
1085.000000	26.99791962
1087.000000	-85.04092766
1089.000000	58.51385668
1091.000000	39.54345747
1093.000000	-6.85700575
1095.000000	-9.10538009
1097.000000	-24.66552021
1099.000000	-78.43434574
1101.000000	77.67055510
1103.000000	-38.62365156
1105.000000	66.57009979
1107.000000	-127.95775750
1109.000000	0.89596025
1111.000000	-13.26591417
1113.000000	14.40953228
1115.000000	-28.33192173
1117.000000	76.62838430
1119.000000	-117.72806277
1121.000000	-36.74642543
1123.000000	-21.55144302
1125.000000	-20.47722623
1127.000000	-45.42754383
1129.000000	21.54880331
1131.000000	-50.69359382
1133.000000	-25.25267897
1135.000000	-66.29331664
1137.000000	-5.19482791
1139.000000	66.35339504
1141.000000	6.52584690
1143.000000	55.91723507
1145.000000	-27.24128406
1147.000000	25.95938604
1149.000000	7.20329007
1151.000000	55.17788572
1153.000000	-86.69423775
1155.000000	-16.33839538
1157.000000	-12.74820565
1159.000000	-28.11091029
1161.000000	-33.46369746
1163.000000	-2.79680227
1165.000000	-65.99862206
1167.000000	-9.77804412
1169.000000	78.52221181
1171.000000	23.71252269
1173.000000	-73.76698475
1175.000000	-3.36522545
1177.000000	35.78453098
1179.000000	-58.38515435
1181.000000	-28.60079259
1183.000000	-50.11289252
1185.000000	30.88508404
1187.000000	39.42584549
1189.000000	1.22729804
1191.000000	-77.54920877
1193.000000	-13.67693071
1195.000000	27.05479747
1197.000000	-37.72843841
1199.000000	73.33738916
1201.000000	-20.59264083
1203.000000	21.09220496
1205.000000	27.52848653
1207.000000	-62.58386078
1209.000000	-13.81514292
1211.000000	99.72067791
1213.000000	83.70047578
1215.000000	68.10919949
1217.000000	5.16018983
1219.000000	72.78406755
1221.000000	8.07171065
1223.000000	13.91975837
1225.000000	4.79229897
1227.000000	67.89733367
1229.000000	25.89219096
1231.000000	27.45512036
1233.000000	-59.85643183
1235.000000	-60.35149819
1237.000000	15.18180854
1239.000000	-4.23664699
1241.000000	-29.92887961
1243.000000	5.99508207
1245.000000	10.43551561
1247.000000	-74.10734375
1249.000000	12.26819935
1251.000000	7.07029610
1253.000000	-55.79231762
1255.000000	24.51640425
1257.000000	-50.33470965
1259.000000	39.05994781
1261.000000	-17.24825643
1263.000000	76.02549002
1265.000000	-101.53254637
1267.000000	23.06662635
1269.000000	-78.34124535
1271.000000	-36.96677684
1273.000000	57.70434594
1275.000000	-32.61118208
1277.000000	7.36627192
1279.000000	7.68035253
1281.000000	-31.17970910
1283.000000	-2.90664329
1285.000000	-96.24981067
1287.000000	-111.77529867
1289.000000	23.76878814
1291.000000	68.38188118
1293.000000	72.50071905
1295.000000	54.99500691
1297.000000	-35.57352653
1299.000000	17.44730090
1301.000000	-10.64965201
1303.000000	48.37483858
1305.000000	-11.30664941
1307.000000	28.24534529
1309.000000	56.71345994
1311.000000	-71.57829915
1313.000000	-82.46807318
1315.000000	22.67429584
1317.000000	-84.15579677
1319.000000	-17.14693130
1321.000000	-88.95047199
1323.000000	44.19992165
1325.000000	-39.89353000
1327.000000	-74.21694390
1329.000000	29.32583738
1331.000000	13.34941368
1333.000000	-36.57388602
1335.000000	-95.95266729
1337.000000	2.33737881
1339.000000	-49.41101181
1341.000000	-38.54035570
1343.000000	-35.19359883
1345.000000	-29.90650237
1347.000000	-49.22214017
1349.000000	-11.52247417
1351.000000	81.72132518
1353.000000	-35.59273619
1355.000000	27.58871742
1357.000000	26.76989762
1359.000000	10.22477319
1361.000000	-41.68782323
1363.000000	-3.02963160
1365.000000	39.17187739
1367.000000	-88.99690697
1369.000000	-68.65320333
1371.000000	7.51630532
1373.000000	159.23631519
1375.000000	-29.29438470
1377.000000	-48.92998103
1379.000000	28.64954664
1381.000000	-16.29508615
1383.000000	13.17694073
1385.000000	-42.33025866
1387.000000	-38.16692988
1389.000000	-33.51353612
1391.000000	18.26777028
1393.000000	-10.42060335
1395.000000	-23.19386241
1397.000000	33.26951613
1399.000000	-16.84255687
1401.000000	33.27483585
1403.000000	68.69179021
1405.000000	40.97714671
1407.000000	26.10864120
1409.000000	-36.60038622
1411.000000	84.53365407
1413.000000	39.89718681
1415.000000	-90.63327579
1417.000000	-35.44560635
1419.000000	2.54822529
1421.000000	-10.03610760
1423.000000	-50.29440579
1425.000000	-36.75689124
1427.000000	16.51318959
1429.000000	64.01831424
1431.000000	-7.71209033
1433.000000	6.22442209
1435.000000	-43.69706830
1437.000000	-32.03438328
1439.000000	31.58876040
1441.000000	-5.90851098
1443.000000	130.02246381
1445.000000	-72.94337614
1447.000000	-148.81618860
1449.000000	11.19154123
1451.000000	38.82355870
1453.000000	27.54492402
1455.000000	-22.10884212
1457.000000	59.11148460
1459.000000	154.32442594
1461.000000	7.49628926
1463.000000	-38.21527607
1465.000000	47.31660199
1467.000000	101.94852145
1469.000000	-27.63111474
1471.000000	-2.13925365
1473.000000	-20.08468023
1475.000000	57.74232827
1477.000000	-4.96227367
1479.000000	32.55868598
1481.000000	66.62694867
1483.000000	-18.62539936
1485.000000	85.13839799
1487.000000	-36.96147174
1489.000000	-32.89451436
1491.000000	-68.80348216
1493.000000	-79.58188680
1495.000000	-33.36674611
1497.000000	70.08770027
1499.000000	15.64443429
1501.000000	61.75801273
1503.000000	-40.10060404
1505.000000	-35.44321908
1507.000000	15.78846460
1509.000000	78.23349663
1511.000000	27.89077439
1513.000000	-22.62616644
1515.000000	34.19551021
1517.000000	-47.93067429
1519.000000	95.37252721
1521.000000	15.58652409
1523.000000	66.21121685
1525.000000	-19.49249312
1527.000000	65.01307662
1529.000000	-43.89467820
1531.000000	-23.30513042
1533.000000	26.65299064
1535.000000	-59.38493797
1537.000000	-27.47799237
1539.000000	-44.98554553
1541.000000	-15.36007017
1543.000000	-37.02045621
1545.000000	27.33691896
1547.000000	-73.57336340
1549.000000	-91.54281685
1551.000000	-35.32578629
1553.000000	42.14104415
1555.000000	-19.84653416
1557.000000	-10.59280261
1559.000000	-76.02244757
1561.000000	10.33087504
1563.000000	-29.12563867
1565.000000	63.51194392
1567.000000	21.35893580
1569.000000	74.47645117
1571.000000	-7.68561950
1573.000000	25.18205245
1575.000000	-6.96588893
1577.000000	-60.36832556
1579.000000	82.41816219
1581.000000	55.16057178
1583.000000	-31.86936345
1585.000000	-8.91148492
1587.000000	-36.45254570
1589.000000	-48.45414216
1591.000000	14.05458633
1593.000000	45.93291987
1595.000000	-55.81857601
1597.000000	19.53474671
1599.000000	41.12302356
1601.000000	3.26817040
1603.000000	18.57912923
1605.000000	12.60037250
1607.000000	26.50188307
1609.000000	65.49267645
1611.000000	-42.49942957
1613.000000	-20.97425803
1615.000000	-67.85959419
1617.000000	-6.23482915
1619.000000	-39.28094091
1621.000000	111.05420385
1623.000000	27.77144089
1625.000000	3.29237166
1627.000000	-97.03278248
1629.000000	8.89234219
1631.000000	91.02314861
1633.000000	-18.93273637
1635.000000	0.29780050
1637.000000	-88.74615203
1639.000000	25.74339528
1641.000000	-8.68285520
1643.000000	-6.70304810
1645.000000	56.15614280
1647.000000	-5.56528120
1649.000000	-35.61685615
1650.000000	-41.64160459
1651.000000	39.26543629
1652.000000	-14.45829345
1653.000000	43.84533294
1654.000000	19.75510276
1655.000000	-50.07816216
1656.000000	-55.92140975
1657.000000	-47.57487839
1658.000000	92.87382944
1659.000000	75.44282477
1660.000000	-11.16502276
1661.000000	155.20713724
1662.000000	0.17766651
1663.000000	-14.74174691
1664.000000	-3.65141171
1665.000000	12.22661220
1666.000000	59.52291924
1667.000000	32.51008175
1668.000000	34.97415660
1669.000000	14.91673445
1670.000000	33.67210872
1671.000000	-23.34892800
1672.000000	-7.19422721
1673.000000	-35.91587479
1674.000000	21.25406131
1675.000000	45.27559696
1676.000000	-87.39526302
1677.000000	24.77089146
1678.000000	64.74564853
1679.000000	-40.84094578
1680.000000	95.75163515
1681.000000	46.38511109
1682.000000	58.26587468
1683.000000	10.37851429
1684.000000	24.30607440
1685.000000	-43.69122487
1686.000000	51.00542348
1687.000000	-4.28382920
1688.000000	-11.73458366
1689.000000	-68.45292971
1690.000000	17.73690938
1691.000000	41.45383459
1692.000000	45.58849040
1693.000000	-111.60618948
1694.000000	76.31054867
1695.000000	25.91066834
1696.000000	-2.91860309
1697.000000	-19.21816999
1698.000000	-24.87718778
1699.000000	0.57413525
1700.000000	-69.20398346
1701.000000	0.13899738
1702.000000	66.95788079
1703.000000	20.00248549
1704.000000	-28.90490773
1705.000000	-3.41137740
1706.000000	-0.83498023
1707.000000	-31.33716833
1708.000000	-50.02937947
1709.000000	31.96882365
1710.000000	-67.15973828
1711.000000	-8.51450017
1712.000000	22.52451681
1713.000000	-3.40418121
1714.000000	92.53372559
1715.000000	-115.82289962
1716.000000	22.80409456
1717.000000	-2.78349457
1718.000000	-7.92399187
1719.000000	-0.96078238
1720.000000	-13.00732239
1721.000000	-58.91190633
1722.000000	-45.15096141
1723.000000	32.87359507
1724.000000	20.24453647
1725.000000	-51.19787706
1726.000000	-77.25030570
1727.000000	20.75499969
1728.000000	63.76188960
1729.000000	42.99876188
1730.000000	-30.83024594
1731.000000	-119.39265800
1732.000000	39.20637381
1733.000000	21.11636305
1734.000000	13.93824909
1735.000000	93.50052769
1736.000000	0.31829349
1737.000000	-64.12201574
1738.000000	-14.95884553
1739.000000	-25.49775528
1740.000000	-6.10480198
1741.000000	9.35470143
1742.000000	7.31651881
1743.000000	15.98157016
1744.000000	-56.50792725
1745.000000	60.58484447
1746.000000	-32.77132333
1747.000000	5.72656830
1748.000000	58.93259866
1749.000000	-28.15841419
1750.000000	-76.92269709
1751.000000	-26.52337933
1752.000000	33.38582667
1753.000000	-8.02354487
1754.000000	42.13227579
1755.000000	-7.95471606
1756.000000	-95.50611625
1757.000000	-190.09801084
1758.000000	42.13808653
1759.000000	29.62472271
1760.000000	-45.55804452
1761.000000	-8.20513219
1762.000000	-38.57561243
1763.000000	26.13714414
1764.000000	29.33696591
1765.000000	23.62521264
1766.000000	75.41741361
1767.000000	56.32009010
1768.000000	137.28973656
1769.000000	47.56725677
1770.000000	26.70300084
1771.000000	-51.77481506
1772.000000	45.01574622
1773.000000	-18.42067608
1774.000000	-58.15817896
1775.000000	-32.25019711
1776.000000	-19.98848054
1777.000000	30.27770935
1778.000000	86.22481092
1779.000000	-50.67491118
1780.000000	20.29267576
1781.000000	-68.32302561
1782.000000	20.60589269
1783.000000	-44.78784819
1784.000000	1.38706301
1785.000000	-48.95148210
1786.000000	26.76631753
1787.000000	-0.71904831
1788.000000	39.95155918
1789.000000	-3.83758565
1790.000000	60.03067860
1791.000000	-26.02442665
1792.000000	66.51576226
1793.000000	75.42814200
1794.000000	0.10819388
1795.000000	17.07514058
1796.000000	-67.89301854
1797.000000	74.07730338
1798.000000	31.10134404
1799.000000	50.18009313
1800.000000	-10.45227523
1801.000000	47.95642152
1802.000000	-32.86964171
1803.000000	41.42333074
1804.000000	-4.01567077
1805.000000	77.58576497
1806.000000	-75.66065175
1807.000000	-26.40901538
1808.000000	-7.33696128
1809.000000	-10.12797603
1810.000000	-77.95573790
1811.000000	40.09996341
1812.000000	0.77557358
1813.000000	20.09110543
1814.000000	25.93705101
1815.000000	58.09979820
1816.000000	32.22376199
1817.000000	-1.26473288
1818.000000	-77.74565816
1819.000000	-26.43991107
1820.000000	21.31447301
1821.000000	-47.11653717
1822.000000	18.98398001
1823.000000	16.87075311
1824.000000	49.53823573
1825.000000	-1.83154801
1826.000000	-36.63157981
1827.000000	-43.47833395
1828.000000	-17.01452509
1829.000000	-28.51156839
1830.000000	3.99723555
1831.000000	12.67820172
1832.000000	17.44567151
1833.000000	2.25280957
1834.000000	-39.65177849
1835.000000	-37.27920315
1836.000000	13.44595559
1837.000000	-0.71095592
1838.000000	9.97840544
1839.000000	-10.44736930
1840.000000	44.69588021
1841.000000	103.72919320
1842.000000	-37.48081664
1843.000000	39.14939719
1844.000000	29.80195905
1845.000000	-36.18437936
1846.000000	62.36972379
1847.999000	33.15688740
1848.999000	109.48129674
1849.999000	53.42839447
1850.999000	60.13023167
1851.999000	60.61812346
1852.999000	-67.65807307
1853.999000	-16.24357142
1854.999000	23.90431950
1855.999000	-38.72908382
1856.999000	4.14231810
1857.999000	-61.91788149
1858.999000	-16.80996762
1859.999000	9.50711543
1860.999000	-41.92766628
1861.999000	-63.47583131
1862.999000	-27.64337139
1863.999000	-100.15602529
1864.999000	-63.69069374
1865.999000	-60.77398846
1866.999000	64.37045132
1867.999000	-4.21723304
1868.999000	28.17017100
1869.999000	33.14121261
1870.999000	-52.51545581
1871.999000	65.00965385
1872.999000	-46.37246089
1873.999000	-14.89578523
1874.999000	117.21890909
1875.999000	86.75143509
1876.999000	27.25742802
1877.999000	21.79688822
1878.999000	73.61788545
1879.999000	54.95430525
1880.999000	87.32950062
1881.999000	-63.63320878
1882.999000	-31.23464847
1883.999000	44.25925116
1884.999000	89.82438468
1885.999000	6.73569420
1886.999000	50.66243964
1887.999000	36.86671414
1888.999000	24.20782398
1889.999000	15.82546931
1890.999000	-30.60548717
1891.999000	-15.50627462
1892.999000	103.91591191
1893.999000	3.65648321
1894.999000	71.77739898
1895.999000	42.63141356
1896.999000	15.45554138
1897.999000	-62.72826698
1898.999000	62.52261117
1899.999000	-15.80818072
1900.999000	-44.66449220
1901.999000	5.38107617
1902.999000	14.99401255
1903.999000	38.69815558
1904.999000	-54.13796062
1905.999000	-15.29962847
1906.999000	-59.12246913
1907.999000	-3.33686511
1908.999000	1.48665666
1909.999000	-50.56317272
1910.999000	-6.93828284
1911.999000	-43.33416011
1912.999000	71.35584880
1913.999000	-9.37172044
1914.999000	6.23837713
1915.999000	26.45207967
1916.999000	-35.67457854
1917.999000	-97.31595339
1918.999000	-17.73730984
1919.999000	56.50064506
1920.999000	1.07992151
1921.999000	-36.36544998
1922.999000	15.79040044
1923.999000	-39.51034059
1924.999000	15.51403023
1925.999000	22.21998389
1926.999000	-31.51512792
1927.999000	53.21800518
1928.999000	-52.71719403
1929.999000	63.33668082
1930.999000	-10.29394112
1931.999000	-27.31919195
1932.999000	41.38743546
1933.999000	-74.05771075
1934.999000	-47.34356430
1935.999000	86.93802067
1936.999000	138.65850995
1937.999000	-16.87298874
1938.999000	13.68513057
1939.999000	20.76810423
1940.999000	-36.15294486
1941.999000	35.59027584
1942.999000	80.74696743
1943.999000	-65.35837428
1944.999000	-3.99630741
1945.999000	44.22333693
1946.999000	-91.46501728
1947.999000	-10.22418391
1948.999000	-7.04633705
1949.999000	-38.50780241
1950.999000	45.23294287
1951.999000	0.06321885
1952.999000	61.77511478
1953.999000	0.48365679
1954.999000	-22.19836804
1955.999000	-60.99327942
1956.999000	76.61250573
1957.999000	-38.88403761
1958.999000	47.64377575
1959.999000	-36.32029402
1960.999000	53.91513130
1961.999000	95.94928500
1962.999000	-14.44151141
1963.999000	113.19206890
1964.999000	-125.17835481
1965.999000	-119.70316115
1966.999000	-6.35355258
1967.999000	26.39308694
1968.999000	4.42988299
1969.999000	-36.43079258
1970.999000	46.04307674
1971.999000	22.93352360
1972.999000	14.97953747
1973.999000	76.90165476
1974.999000	-29.88057808
1975.999000	-61.00046011
1976.999000	32.96612094
1977.999000	81.85099756
1978.999000	40.85611010
1979.999000	-48.32494519
1980.999000	16.57783349
1981.999000	46.66566220
1982.999000	-24.86003901
1983.999000	36.51369399
1984.999000	-18.66596282
1985.999000	-65.18271506
1986.999000	48.11370780
1987.999000	-6.31286763
1988.999000	7.49220274
1989.999000	-59.05803062
1990.999000	41.46254290
1991.999000	16.05234807
1992.999000	59.07438663
1993.999000	-5.38220831
1994.999000	38.08797641
1995.999000	-44.84052512
1996.999000	95.79373808
1997.999000	1.16800161
1998.999000	17.12835830
1999.999000	23.59129509
2000.999000	-20.67124478
2001.999000	-27.12730425
2002.999000	-82.41362444
2003.999000	-38.49920317
2004.999000	-93.37416646
2005.999000	90.33666515
2006.999000	-3.55727334
2007.999000	-78.37380110
2008.999000	3.64910760
2009.999000	-80.99321419
2010.999000	-52.61213584
2011.999000	23.23981551
2012.999000	-68.11409053
2013.999000	20.13423141
2014.999000	40.68214330
2015.999000	-27.60815036
2016.999000	-58.31480216
2017.999000	135.27264551
2018.999000	-30.41468305
2019.999000	47.03145182
2020.999000	5.66984304
2021.999000	37.78668801
2022.999000	-15.41747947
2023.999000	16.66387880
2024.999000	-59.41908418
2025.999000	-75.94674282
2026.999000	23.40809391
2027.999000	-9.03189341
2028.999000	-84.93629190
2029.999000	-41.26833098
2030.999000	-86.24943132
2031.999000	49.24316244
2032.999000	70.08802537
2033.999000	0.23541531
2034.999000	27.05902712
2035.999000	-62.19153051
2036.999000	67.39690958
2037.999000	13.42653812
2038.999000	71.84407403
2039.999000	23.66863515
2040.999000	-25.77327767
2041.999000	-6.26987384
2042.999000	7.99600045
2043.999000	-68.35133061
2044.999000	23.38641930
2045.999000	-14.76157932
2046.999000	5.64913909
2047.999000	-3.37496467
2048.999000	-98.48687383
2049.999000	27.15033765
2050.999000	26.03977022
2051.999000	-33.75261384
2052.999000	-44.07288106
2053.999000	-44.75924411
2054.999000	-22.80408159
2055.999000	37.43264072
2056.999000	78.84223964
2057.999000	5.29677790
2058.999000	37.67841293
2059.999000	-34.54178558
2060.999000	-63.80940046
2061.999000	-10.37722409
2062.999000	-36.29730603
2063.999000	22.82573881
2064.999000	53.24817058
2065.999000	-39.31424545
2066.999000	34.61626778
2067.999000	5.94386030
2068.999000	-11.00889207
2069.999000	28.77539289
2070.999000	-26.79978890
2071.999000	-43.92719046
2072.999000	52.67414757
2073.999000	-31.19163268
2074.999000	33.02680413
2075.999000	54.43689709
2076.999000	53.54369381
2077.999000	27.50394502
2078.999000	-8.70705286
2079.999000	-46.46435638
2080.999000	26.97913618
2081.999000	50.08676308
2082.999000	-59.09798932
2083.999000	-5.68051151
2084.999000	-36.23075242
2085.999000	-10.88812326
2086.999000	-81.18243927
2087.999000	-21.28636236
2088.999000	-38.86105347
2089.999000	-39.18490501
2090.999000	30.92671070
2091.999000	7.38878362
2092.999000	14.11576662
2093.999000	4.14667064
2094.999000	-2.24097482
2095.999000	6.78621069
2096.999000	-67.98066423
2097.999000	-0.64399519
2098.999000	77.72169614
2099.999000	20.62989597
