# F(k,t) correlation function
# Reference time: 2209.000 ps
# lag_time_ps	F(k,t)
0.000000	498.54387184
1.000000	-29.99491355
2.000000	-36.19343959
3.000000	-126.48015082
4.000000	-32.62634322
5.000000	34.51964796
6.000000	-46.71606119
7.000000	-23.84547737
8.000000	45.87382551
9.000000	3.50011561
10.000000	-24.12387330
11.000000	-19.96683723
12.000000	37.97051334
13.000000	-19.33847078
14.000000	46.83604156
15.000000	30.87603124
16.000000	-35.23088458
17.000000	0.16672409
18.000000	12.23782403
19.000000	-35.04150009
20.000000	75.50554527
21.000000	22.59245322
22.000000	-14.25502083
23.000000	9.51716592
24.000000	-39.86525065
25.000000	-21.74066837
26.000000	-60.70651699
27.000000	122.82007081
28.000000	-24.72137942
29.000000	52.08870349
30.000000	-60.40623403
31.000000	1.12489123
32.000000	22.35351654
33.000000	50.67139758
34.000000	54.78647241
35.000000	-52.33633319
36.000000	19.65480107
37.000000	-47.29013538
38.000000	38.15514360
39.000000	63.47580315
40.000000	-8.33732373
41.000000	-88.43758123
42.000000	-48.32615792
43.000000	15.54656049
44.000000	38.71611219
45.000000	-9.16612635
46.000000	96.04237303
47.000000	-9.27156227
48.000000	-21.18400231
49.000000	86.65755586
50.000000	66.53874874
51.000000	9.27551982
52.000000	26.40921279
53.000000	113.63800368
54.000000	-34.70735210
55.000000	12.68949407
56.000000	-126.51764819
57.000000	-107.78682769
58.000000	8.61398175
59.000000	119.72880878
60.000000	-36.67096556
61.000000	-103.16922300
62.000000	-33.07351912
63.000000	-6.85607699
64.000000	37.99892000
65.000000	-53.58846367
66.000000	35.84771302
67.000000	-38.91711817
68.000000	-87.09596036
69.000000	10.65719048
70.000000	-79.06132365
71.000000	-53.98010379
72.000000	-23.40620758
73.000000	-39.03391395
74.000000	-19.29028121
75.000000	43.77616993
76.000000	-50.08239143
77.000000	-76.80603074
78.000000	-1.51932995
79.000000	47.80268448
80.000000	13.32548771
81.000000	103.06974301
82.000000	-79.30538109
83.000000	-2.10699297
84.000000	-120.73108118
85.000000	-6.10729907
86.000000	62.40050424
87.000000	-18.84985706
88.000000	98.13338393
89.000000	-17.44385807
90.000000	39.85091463
91.000000	58.87966869
