# F(k,t) correlation function
# Reference time: 1607.001 ps
# lag_time_ps	F(k,t)
0.000000	494.70342560
2.000000	-89.70035437
4.000000	-28.14001150
6.000000	-37.15455174
8.000000	45.93568992
10.000000	41.21264256
12.000000	24.98248066
14.000000	-111.55032524
16.000000	-154.06876212
18.000000	24.19330385
20.000000	68.27090598
22.000000	72.03006388
24.000000	-62.74306165
26.000000	23.65936981
28.000000	3.20627816
30.000000	19.93329224
32.000000	-80.85609271
34.000000	-9.70583604
36.000000	24.62857984
38.000000	-35.75738615
40.000000	-70.98020465
42.000000	-35.81799606
44.000000	5.49750221
46.000000	-16.34809906
48.000000	-76.90354736
50.000000	6.01950315
52.000000	-27.81078123
54.000000	78.21825295
56.000000	92.33738179
58.000000	19.93918961
60.000000	42.31999240
62.000000	12.57512276
64.000000	-48.57069589
66.000000	76.06948459
68.000000	37.63103293
70.000000	31.61388528
72.000000	-49.82089423
74.000000	40.20477455
76.000000	66.09950471
78.000000	-22.75687981
80.000000	51.95790486
82.000000	15.15987186
84.000000	-29.00911046
86.000000	27.89730274
88.000000	9.02924414
90.000000	66.77619539
92.000000	-52.45091059
94.000000	-49.28257999
96.000000	-6.40637711
98.000000	0.50161113
100.000000	-3.76513430
102.000000	36.98652939
104.000000	-78.61475707
106.000000	-3.26997177
108.000000	124.88642814
110.000000	-21.68738695
112.000000	3.76288166
114.000000	-8.09341109
116.000000	32.33249143
118.000000	46.80693619
120.000000	37.58612473
122.000000	46.39202197
124.000000	-46.68067481
126.000000	-21.80540614
128.000000	-51.79209417
130.000000	-17.05055281
132.000000	24.61599459
134.000000	15.49707178
136.000000	-60.41636630
138.000000	85.07342234
140.000000	-16.23078701
142.000000	-3.84173749
144.000000	69.06846996
146.000000	-143.87324128
148.000000	6.83656698
150.000000	-43.93839608
152.000000	13.80408243
154.000000	90.28811704
156.000000	-15.88983099
158.000000	-63.10764672
160.000000	-117.48947842
162.000000	36.74293869
164.000000	-73.39089021
166.000000	-75.66806904
168.000000	12.38023630
170.000000	17.76590193
172.000000	51.02606999
174.000000	-3.17134400
176.000000	12.13654183
178.000000	33.96114133
180.000000	-6.87969652
182.000000	-25.71918545
184.000000	-28.04536568
186.000000	-40.76416728
188.000000	-26.33190056
190.000000	94.98506828
192.000000	3.71301275
194.000000	5.06887644
196.000000	13.92431790
198.000000	59.16109222
200.000000	31.93240831
202.000000	-30.33536893
204.000000	8.40963960
206.000000	105.89358491
208.000000	-32.44796650
210.000000	39.20678999
212.000000	-65.97762670
214.000000	-29.27334801
216.000000	21.17242412
218.000000	41.12680950
220.000000	-18.64092077
222.000000	-22.18462232
224.000000	67.44247175
226.000000	-26.55856501
228.000000	-29.59507334
230.000000	87.96558987
232.000000	-34.26487463
234.000000	-60.19691128
236.000000	45.97417342
238.000000	64.46552162
240.000000	-14.12051469
242.000000	26.19331780
243.000000	153.52811513
244.000000	-26.09123382
245.000000	-2.56045381
246.000000	-40.08447954
247.000000	-6.72782354
248.000000	116.30331256
249.000000	45.99484612
250.000000	-65.00632598
251.000000	-41.35478836
252.000000	-91.88619916
253.000000	-98.82030071
254.000000	-86.76172933
255.000000	-66.42298437
256.000000	44.81707025
257.000000	-53.56299890
258.000000	26.40679207
259.000000	39.17031957
260.000000	34.00193292
261.000000	-8.74733605
262.000000	5.40166996
263.000000	93.33265507
264.000000	33.92963858
265.000000	-59.43995053
266.000000	62.10775006
267.000000	-94.04366338
268.000000	-12.83325591
269.000000	24.00065785
270.000000	10.03409289
271.000000	7.39859723
272.000000	91.85381283
273.000000	82.58748026
274.000000	-71.37333021
275.000000	21.52459163
276.000000	-3.29093603
277.000000	66.78282531
278.000000	-59.63235867
279.000000	-2.40524963
280.000000	-51.25254552
281.000000	-30.25925741
282.000000	54.49914027
283.000000	-55.41548793
284.000000	26.66454086
285.000000	51.32312108
286.000000	41.40161548
287.000000	42.71885090
288.000000	7.66639110
289.000000	-8.05750357
290.000000	21.77054138
291.000000	-13.77338354
292.000000	106.55444288
293.000000	-1.90118393
294.000000	12.42105624
295.000000	10.83000202
296.000000	32.92877627
297.000000	-12.97234984
298.000000	15.70190792
299.000000	10.76210188
300.000000	17.92929109
301.000000	56.12582100
302.000000	-60.90052279
303.000000	35.02735708
304.000000	-135.10877984
305.000000	-55.06854823
306.000000	-40.83217308
307.000000	-81.56838034
308.000000	75.00207195
309.000000	-41.07619287
310.000000	10.68479537
311.000000	103.98120591
312.000000	1.05433343
313.000000	6.09122712
314.000000	59.87401442
315.000000	46.94745471
316.000000	-55.07600803
317.000000	48.68592692
318.000000	-55.14813131
319.000000	67.05829200
320.000000	-35.97305174
321.000000	-4.05248374
322.000000	59.68716842
323.000000	17.29085599
324.000000	-47.04958943
325.000000	-7.00481994
326.000000	53.46199956
327.000000	-11.90206474
328.000000	2.89805750
329.000000	117.75152796
330.000000	77.33839032
331.000000	-1.78456182
332.000000	-12.28594506
333.000000	123.13688574
334.000000	-135.01745833
335.000000	-43.74101379
336.000000	30.03907821
337.000000	-70.63055250
338.000000	-11.65299174
339.000000	25.70720518
340.000000	-49.75027015
341.000000	0.51507733
342.000000	-17.23424903
343.000000	-15.48319796
344.000000	-20.99257505
345.000000	-29.39628949
346.000000	-52.04649307
347.000000	-35.93639493
348.000000	-52.54807986
349.000000	45.60693733
350.000000	12.26315998
351.000000	55.50541037
352.000000	-5.79180658
353.000000	-27.83452546
354.000000	-57.89886874
355.000000	-70.50339544
356.000000	-39.84703260
357.000000	5.37784825
358.000000	2.46734360
359.000000	-82.98153376
360.000000	19.49852814
361.000000	-7.91368464
362.000000	-35.62239239
363.000000	93.95286442
364.000000	-30.45498957
365.000000	-47.06778320
366.000000	41.76282616
367.000000	80.99262888
368.000000	-139.20759051
369.000000	58.09881359
370.000000	-9.98994548
371.000000	-16.22741249
372.000000	73.90972137
373.000000	108.93546553
374.000000	24.41657793
375.000000	87.74071933
376.000000	-6.50824508
377.000000	44.69419984
378.000000	15.24667114
379.000000	-29.05723934
380.000000	12.41831548
381.000000	-10.09171698
382.000000	67.20346853
383.000000	53.55359843
384.000000	20.03913129
385.000000	153.28526471
386.000000	-81.45369681
387.000000	92.27981149
388.000000	-53.18311810
389.000000	-70.23876280
390.000000	62.57479444
391.000000	-70.21531755
392.000000	-13.49108138
393.000000	96.84158252
394.000000	13.80327861
395.000000	-17.60846189
396.000000	31.71677416
397.000000	19.64493866
398.000000	-63.26423064
399.000000	-62.37299838
400.000000	61.06884050
401.000000	6.58675514
402.000000	-139.51000565
403.000000	59.63401440
404.000000	-28.31592359
405.000000	-88.17255729
406.000000	54.27313351
407.000000	-19.51616257
408.000000	-22.77915847
409.000000	138.94338892
410.000000	106.47412344
411.000000	36.77226543
412.000000	-32.68515437
413.000000	-7.39525264
414.000000	-35.80936051
415.000000	-143.69296334
416.000000	2.51550263
417.000000	-107.43745451
418.000000	-42.69352929
419.000000	59.96898220
420.000000	54.72574099
421.000000	-61.14438504
422.000000	-35.74440737
423.000000	-29.27272488
424.000000	-6.95440787
425.000000	7.29760828
426.000000	-77.06747416
427.000000	102.66752733
428.000000	64.07643637
429.000000	89.42079982
430.000000	-0.91645547
431.000000	-45.26589034
432.000000	-47.43020174
433.000000	71.70182064
434.000000	-12.66959075
435.000000	-4.44800889
436.000000	84.31856994
437.000000	-47.66091532
438.000000	-19.75909358
439.000000	32.87043572
440.999000	-49.09276739
441.999000	-37.91783402
442.999000	-2.76491073
443.999000	-57.65855105
444.999000	13.54968643
445.999000	-35.19785528
446.999000	-102.74751764
447.999000	-139.06746540
448.999000	-60.91415801
449.999000	30.60909459
450.999000	-79.04570023
451.999000	-103.86533394
452.999000	12.62631493
453.999000	83.25904714
454.999000	-76.87801677
455.999000	107.36031103
456.999000	-20.97605278
457.999000	36.13195221
458.999000	-21.86367926
459.999000	-24.63177111
460.999000	19.94620256
461.999000	-4.56223199
462.999000	-51.46715174
463.999000	9.44259539
464.999000	-10.53800247
465.999000	37.18752147
466.999000	44.20752250
467.999000	49.19296649
468.999000	46.44231126
469.999000	3.34772433
470.999000	-65.80048449
471.999000	-47.47163277
472.999000	-109.20104704
473.999000	-30.04408826
474.999000	-21.00819159
475.999000	23.01314334
476.999000	-39.50862261
477.999000	-67.83604109
478.999000	-17.88080887
479.999000	25.59735376
480.999000	52.71998248
481.999000	100.63413308
482.999000	47.59323530
483.999000	-66.77437718
484.999000	123.24602202
485.999000	29.01527306
486.999000	15.64385882
487.999000	57.12279963
488.999000	-120.36512491
489.999000	-64.00826316
490.999000	4.17630322
491.999000	-14.06803714
492.999000	-58.63072942
493.999000	-8.70628247
494.999000	27.47563364
495.999000	-1.80956049
496.999000	82.44105474
497.999000	-37.32104787
498.999000	-35.16498175
499.999000	-6.87486380
500.999000	6.52528290
501.999000	47.50055411
502.999000	160.82606396
503.999000	-42.99810222
504.999000	-11.62506983
505.999000	-4.86110382
506.999000	59.67850747
507.999000	26.03260827
508.999000	-1.03495081
509.999000	123.55098162
510.999000	32.37972401
511.999000	72.82563289
512.999000	17.15594640
513.999000	-8.64910157
514.999000	22.96053329
515.999000	-6.41979571
516.999000	87.17324755
517.999000	-9.05915414
518.999000	45.02770310
519.999000	15.17325780
520.999000	-103.66538736
521.999000	-31.49747022
522.999000	-25.27975899
523.999000	6.10220815
524.999000	23.95537835
525.999000	25.99178538
526.999000	-23.25739500
527.999000	-56.60754690
528.999000	42.20516617
529.999000	-77.42783947
530.999000	-3.45326294
531.999000	39.55046657
532.999000	56.61063010
533.999000	15.25970625
534.999000	-47.83722594
535.999000	-37.11109024
536.999000	68.97182863
537.999000	-10.86855371
538.999000	-16.49911061
539.999000	-8.78873385
540.999000	79.63455097
541.999000	57.60170940
542.999000	-22.47132837
543.999000	15.10820456
544.999000	-22.77250102
545.999000	-11.48970682
546.999000	-26.72271804
547.999000	11.10366275
548.999000	-134.72381241
549.999000	53.52702001
550.999000	-4.35318275
551.999000	74.18906981
552.999000	20.23467912
553.999000	79.56674343
554.999000	5.25729125
555.999000	27.98504096
556.999000	-47.62436873
557.999000	-3.16401595
558.999000	-23.43950518
559.999000	-62.58744535
560.999000	-17.32577466
561.999000	92.20250792
562.999000	46.08025084
563.999000	89.85091229
564.999000	40.86793510
565.999000	18.54607359
566.999000	-43.45189653
567.999000	-20.44082364
568.999000	-56.53747258
569.999000	-23.77748609
570.999000	73.66033850
571.999000	-51.70269448
572.999000	90.41328977
573.999000	-23.65031904
574.999000	6.94322722
575.999000	87.99101610
576.999000	33.85707704
577.999000	14.40908249
578.999000	16.03153812
579.999000	0.54211433
580.999000	28.28896096
581.999000	142.45665487
582.999000	-15.96175192
583.999000	83.26172228
584.999000	-51.17223170
585.999000	37.70176353
586.999000	-104.43816526
587.999000	-32.67386684
588.999000	48.60267557
589.999000	-12.82034634
590.999000	-8.73610932
591.999000	-20.84899157
592.999000	23.73269014
593.999000	-1.24824302
594.999000	-24.72082864
595.999000	-4.84093296
596.999000	-87.91922557
597.999000	-44.44929245
598.999000	34.22875733
599.999000	25.63561452
600.999000	62.55861055
601.999000	11.06140733
602.999000	38.04703308
603.999000	7.71484853
604.999000	100.99683351
605.999000	16.19958743
606.999000	-3.01729371
607.999000	-32.11045372
608.999000	42.99929491
609.999000	-12.49464534
610.999000	108.47427074
611.999000	-19.70196862
612.999000	29.81127616
613.999000	-68.02330467
614.999000	-51.95463601
615.999000	-85.78839595
616.999000	43.04539405
617.999000	39.37749726
618.999000	25.53512731
619.999000	-55.11697113
620.999000	28.02220030
621.999000	12.43612389
622.999000	22.28820867
623.999000	-10.60544849
624.999000	9.12627966
625.999000	31.87183610
626.999000	-117.79803919
627.999000	20.40103903
628.999000	-2.62790993
629.999000	95.09593870
630.999000	-19.70016801
631.999000	-39.71078740
632.999000	95.36544230
633.999000	-20.63691454
634.999000	67.54210340
635.999000	36.20586597
636.999000	4.52217977
637.999000	20.80629554
638.999000	-46.63329750
639.999000	14.37439234
640.999000	17.45345322
641.999000	54.81338950
642.999000	73.26169925
643.999000	17.40852111
644.999000	53.46705998
645.999000	2.77587184
646.999000	-45.09777631
647.999000	8.92029276
648.999000	45.96460389
649.999000	-63.72032700
650.999000	-103.30396547
651.999000	-32.28631671
652.999000	8.96484026
653.999000	-54.17401826
654.999000	10.40627414
655.999000	-67.95701624
656.999000	-8.91112420
657.999000	22.88935430
658.999000	-45.86909122
659.999000	102.42643654
660.999000	42.17105397
661.999000	-4.80418631
662.999000	75.06155107
663.999000	-2.02710903
664.999000	-32.01752104
665.999000	-62.42520956
666.999000	-103.55153380
667.999000	10.45282023
668.999000	32.18415668
669.999000	-108.13873648
670.999000	-12.64823436
671.999000	-27.88685178
672.999000	102.27815902
673.999000	99.20209826
674.999000	-67.56340058
675.999000	51.20041766
676.999000	3.66581003
677.999000	15.01909786
678.999000	54.26924095
679.999000	15.70274741
680.999000	-25.09212327
681.999000	9.44399374
682.999000	-11.46038070
683.999000	42.11477140
684.999000	41.22257591
685.999000	-100.81595493
686.999000	-7.42946096
687.999000	115.69570436
688.999000	-26.25736412
689.999000	-75.45554831
690.999000	-35.34792223
691.999000	-75.21148084
692.999000	14.09885234
