# F(k,t) correlation function
# Reference time: 602.001 ps
# lag_time_ps	F(k,t)
0.000000	635.41171903
1.000000	126.38592035
3.000000	67.80386584
5.000000	41.49668820
7.000000	40.24955529
9.000000	130.82735760
11.000000	-38.65620971
13.000000	7.60441854
15.000000	29.40689245
17.000000	-62.15106613
19.000000	-4.68767450
21.000000	8.05065813
23.000000	-56.39186849
25.000000	42.92360062
27.000000	-55.68173800
29.000000	122.40383931
31.000000	-56.28934916
33.000000	88.09718556
35.000000	-100.59530215
37.000000	-20.56399966
39.000000	-16.47156820
41.000000	-40.52162257
43.000000	-66.82426655
45.000000	35.87446118
47.000000	-37.52344491
49.000000	20.93002674
51.000000	-32.89077734
53.000000	42.67841622
55.000000	-69.85983575
57.000000	56.49026899
59.000000	21.97283492
61.000000	-71.02836254
63.000000	65.90644419
65.000000	81.06106799
67.000000	34.95484749
69.000000	-19.37839834
71.000000	36.09778600
73.000000	-30.25324705
75.000000	14.53334416
77.000000	-71.07853988
79.000000	101.45471986
81.000000	-134.86548454
83.000000	63.34032136
85.000000	-1.92173553
87.000000	101.71436920
89.000000	-87.65549760
91.000000	-55.10954949
93.000000	180.83263066
95.000000	-21.76629396
97.000000	-73.25756040
99.000000	47.25090020
101.000000	10.78917025
103.000000	-49.31185825
105.000000	-58.85616957
107.000000	51.21732925
109.000000	46.80924301
111.000000	84.15987147
113.000000	-102.02837809
115.000000	22.55068254
117.000000	23.46341519
119.000000	-83.41137395
121.000000	-34.96095764
123.000000	19.17590627
125.000000	-88.42935166
127.000000	-40.15398484
129.000000	77.12505501
131.000000	-43.42448255
133.000000	48.65037814
135.000000	92.76463679
137.000000	-56.65539211
139.000000	79.65969203
141.000000	89.68673190
143.000000	9.59735479
145.000000	-111.93929746
147.000000	98.22489203
149.000000	49.83341182
151.000000	-38.20679311
153.000000	29.85635209
155.000000	4.28504429
157.000000	-27.24074179
159.000000	12.63623521
161.000000	98.00864462
163.000000	1.94609381
165.000000	123.27999227
167.000000	37.18195975
169.000000	-40.84466185
171.000000	43.48469990
173.000000	-124.10555864
175.000000	-90.48239750
177.000000	-8.97391367
179.000000	40.93990707
181.000000	-29.65254433
183.000000	-14.00506783
185.000000	49.07322377
187.000000	88.07839819
189.000000	-4.48084492
191.000000	-44.63663993
193.000000	-6.07119218
195.000000	5.10576986
197.000000	-54.85219873
199.000000	100.33630780
201.000000	-124.82964166
203.000000	-58.78694297
205.000000	30.01621300
207.000000	78.10797944
209.000000	-22.22525058
211.000000	-71.50076445
213.000000	-7.86963686
215.000000	88.71390458
217.000000	8.80930742
219.000000	-126.76665239
221.000000	78.15227468
223.000000	7.79199209
225.000000	-1.69411705
227.000000	-33.68599574
229.000000	-77.78492905
231.000000	-70.17394798
233.000000	-60.78747396
235.000000	41.14806553
237.000000	108.24470853
239.000000	-43.27562863
241.000000	77.40378596
243.000000	-24.08520738
245.000000	9.86432733
247.000000	4.02736762
249.000000	-8.58689480
251.000000	-53.74960538
253.000000	144.36521768
255.000000	30.02533529
257.000000	22.85077320
259.000000	-17.78146772
261.000000	53.37570438
263.000000	0.64727351
265.000000	-40.19630325
267.000000	-26.03179629
269.000000	-118.12057863
271.000000	45.22138202
273.000000	-19.96944978
275.000000	-116.39369365
277.000000	12.57659066
279.000000	-80.47321447
281.000000	13.60810788
283.000000	5.18039463
285.000000	-25.83709707
287.000000	-50.48847176
289.000000	17.82497469
291.000000	-19.50581601
293.000000	14.38743320
295.000000	-50.55712459
297.000000	87.74642360
299.000000	-70.24829035
301.000000	169.65809075
303.000000	-3.74978742
305.000000	-38.48854692
307.000000	-123.18747100
309.000000	43.63031397
311.000000	-83.19236863
313.000000	34.53609082
315.000000	-143.29074369
317.000000	19.16043037
319.000000	-11.49505476
321.000000	45.26484502
323.000000	26.99879638
325.000000	-29.83436010
327.000000	-11.52936805
329.000000	-127.72740320
331.000000	68.42510800
333.000000	38.42061077
335.000000	-22.24835734
337.000000	36.29089056
339.000000	40.91899201
341.000000	-83.70750071
343.000000	32.83858567
345.000000	12.46712126
347.000000	44.22482720
349.000000	-23.47684886
351.000000	47.98309325
353.000000	2.03989344
355.000000	-63.01264917
357.000000	-2.30848567
359.000000	-27.96319379
361.000000	-1.97782399
363.000000	-53.60002507
365.000000	-100.48369657
367.000000	-59.75016178
369.000000	0.27699282
371.000000	67.24269243
373.000000	-47.16340311
375.000000	44.79041260
377.000000	-15.54198737
379.000000	37.39922650
381.000000	22.35596188
383.000000	1.61652656
385.000000	-37.36618353
387.000000	-128.94966587
389.000000	49.33428468
391.000000	21.83542110
393.000000	-62.90928604
395.000000	-21.92927982
397.000000	85.01572281
399.000000	-62.62168532
401.000000	8.40375023
403.000000	-58.01393577
405.000000	-108.05704272
407.000000	57.23464524
409.000000	-45.35692643
411.000000	28.32193017
413.000000	-106.68734669
415.000000	64.67668304
417.000000	51.30410964
419.000000	-19.57861987
421.000000	-54.88300694
423.000000	-54.28626630
425.000000	-50.78208890
427.000000	22.16348178
429.000000	-67.18690548
431.000000	-2.07959227
433.000000	-45.33302549
435.000000	109.86829043
437.000000	-34.57722878
439.000000	-15.54193823
441.000000	34.00462811
443.000000	-17.10733945
445.000000	-35.39418200
447.000000	49.94799150
449.000000	1.28322058
451.000000	-53.45897417
453.000000	-21.28161473
455.000000	-116.22295031
457.000000	-104.31605393
459.000000	137.40558034
461.000000	-75.53567950
463.000000	34.58545356
465.000000	56.60247096
467.000000	25.74417192
469.000000	-10.20861907
471.000000	10.21886599
473.000000	22.96973452
475.000000	70.10165496
477.000000	-34.83585590
479.000000	69.00010033
481.000000	52.70931149
483.000000	-161.22174472
485.000000	44.68262724
487.000000	-12.95086963
489.000000	-32.84978106
491.000000	122.93277492
493.000000	-13.73187620
495.000000	-13.12364731
497.000000	-70.98963066
499.000000	-47.08986098
501.000000	2.98137976
503.000000	101.65831488
505.000000	32.72450273
507.000000	23.72211415
509.000000	-107.00998173
511.000000	57.21245273
513.000000	-43.10265870
515.000000	-93.41425127
517.000000	-32.06427239
519.000000	23.83114376
521.000000	42.88327151
523.000000	35.04453689
525.000000	22.64005265
527.000000	43.20628340
529.000000	12.54669969
531.000000	1.44847299
533.000000	-40.23797280
535.000000	34.44384166
537.000000	48.37454988
539.000000	-78.83631686
541.000000	-67.34712795
543.000000	-5.93784504
545.000000	9.09122196
547.000000	70.81149311
549.000000	7.57597643
551.000000	37.84770818
553.000000	-37.62259094
555.000000	103.90795072
557.000000	-23.95233030
559.000000	-15.90897054
561.000000	-10.10135761
563.000000	-4.29244876
565.000000	157.31210202
567.000000	-34.34627032
569.000000	22.52669765
571.000000	-22.98895641
573.000000	78.41761063
575.000000	94.44611899
577.000000	-44.86485225
579.000000	33.80149175
581.000000	-29.44063320
583.000000	11.51198356
585.000000	87.54865855
587.000000	-6.13629464
589.000000	-17.97722096
591.000000	67.59871782
593.000000	-18.36007849
595.000000	-34.66144325
597.000000	67.32330900
599.000000	85.61110580
601.000000	-24.66069842
603.000000	51.28158946
605.000000	13.28083909
607.000000	43.78740550
609.000000	-46.02532234
611.000000	-40.47878037
613.000000	19.87502674
615.000000	-122.59751859
617.000000	34.64209251
619.000000	-17.13281048
621.000000	25.42491791
623.000000	18.35721405
625.000000	16.25841633
627.000000	56.95384225
629.000000	-75.11213439
631.000000	-104.99435135
633.000000	73.32971263
635.000000	108.18622264
637.000000	4.79295421
639.000000	-48.39538642
641.000000	-94.06870494
643.000000	-11.79766487
645.000000	30.53989527
647.000000	9.76863602
649.000000	31.30036342
651.000000	141.70815670
653.000000	29.78121070
655.000000	-56.14474070
657.000000	66.14522641
659.000000	38.95708755
661.000000	58.95003997
663.000000	120.88151465
665.000000	-42.64955111
667.000000	63.41996862
669.000000	33.89707251
671.000000	-24.85376871
673.000000	-1.74088655
675.000000	-4.26963737
677.000000	-67.26972396
679.000000	-57.19647691
681.000000	-87.89920296
683.000000	-7.85958216
685.000000	-110.59191836
687.000000	-42.02421814
689.000000	24.36483512
691.000000	-77.77864289
693.000000	-131.15781119
695.000000	4.01860944
697.000000	-2.42424932
699.000000	-13.97048739
701.000000	0.23759717
703.000000	8.31499769
705.000000	140.71265960
707.000000	-28.04851233
709.000000	70.87134990
711.000000	9.76355834
713.000000	-60.53805607
715.000000	37.38754601
717.000000	21.77038974
719.000000	64.49766402
721.000000	1.55303650
723.000000	0.05910771
725.000000	-64.21054149
727.000000	-110.02229549
729.000000	-44.09319236
731.000000	-10.76329337
733.000000	-50.92649907
735.000000	2.23723198
737.000000	-83.43167470
739.000000	-26.28853202
741.000000	14.57027861
743.000000	-39.95589344
745.000000	-40.86160390
747.000000	38.52890433
749.000000	17.98139064
751.000000	-31.68352703
753.000000	15.32879417
755.000000	39.26770472
757.000000	100.39168047
759.000000	35.31197726
761.000000	70.60169357
763.000000	-24.77618488
765.000000	-68.00995235
767.000000	84.60531410
769.000000	29.32711382
771.000000	58.21817371
773.000000	64.46264899
775.000000	-27.24063102
777.000000	6.44219396
779.000000	66.04613427
781.000000	41.22842421
783.000000	20.69365963
785.000000	-89.70379640
787.000000	-71.04447028
789.000000	-7.93609188
791.000000	24.48614430
793.000000	36.60110218
795.000000	-37.54955674
797.000000	56.20216569
799.000000	41.52446916
801.000000	21.03199695
803.000000	-55.78421765
805.000000	-92.84706376
807.000000	10.20497978
809.000000	-75.68112850
811.000000	50.35188050
813.000000	-46.84972579
815.000000	-69.44154612
817.000000	32.35842295
819.000000	-57.25830914
821.000000	-28.69520233
823.000000	49.47512041
825.000000	-39.32768688
827.000000	-18.49329322
829.000000	107.38462368
831.000000	-41.19866662
833.000000	-32.42824221
835.000000	16.21854691
837.000000	-43.71824474
839.000000	110.74434225
841.000000	117.03229912
843.000000	-5.49840429
845.000000	29.44374264
847.000000	-0.63937202
849.000000	-114.63617236
851.000000	-91.00165922
853.000000	6.11257647
855.000000	-14.39952926
857.000000	8.72031218
859.000000	55.24275617
861.000000	79.92567462
863.000000	13.10095972
865.000000	-27.32061977
867.000000	-70.02573606
869.000000	-2.30262993
871.000000	-73.05503156
873.000000	-74.68693707
875.000000	-33.39396373
877.000000	-91.25189050
879.000000	-155.72393307
881.000000	17.17265988
883.000000	4.62761050
885.000000	104.98047299
887.000000	-18.80174227
889.000000	72.59406757
891.000000	-17.14236273
893.000000	7.10006983
895.000000	-104.15359499
897.000000	14.87308016
899.000000	-19.65362401
901.000000	-23.48048730
903.000000	28.86192204
905.000000	-34.50023433
907.000000	4.70043598
909.000000	22.93987427
911.000000	-44.86665625
913.000000	-3.11802606
915.000000	-108.50931394
917.000000	-51.79112587
919.000000	92.47951253
921.000000	-18.99269682
923.000000	-32.16338272
925.000000	-84.08933199
927.000000	-77.51922567
929.000000	-96.71646182
931.000000	54.91961858
933.000000	4.06008504
935.000000	60.66079817
937.000000	-64.20714004
939.000000	40.53486784
941.000000	21.14272403
943.000000	39.70120887
945.000000	53.97813260
947.000000	-11.26210552
949.000000	-80.13279687
951.000000	-13.31898140
953.000000	0.19573002
955.000000	-18.84212397
957.000000	35.33643798
959.000000	-91.57827524
961.000000	-14.37527360
963.000000	-91.77374081
965.000000	70.58862333
967.000000	49.33290613
969.000000	31.62421891
971.000000	11.34039255
973.000000	97.59816419
975.000000	-69.37659036
977.000000	56.02328036
979.000000	94.48737001
981.000000	51.05337541
983.000000	4.13151390
985.000000	-23.76334221
987.000000	1.01940395
989.000000	68.83481693
991.000000	71.27744710
993.000000	20.03426134
995.000000	-17.62100945
997.000000	50.44599828
999.000000	20.33057527
1001.000000	101.85118547
1003.000000	69.57025536
1005.000000	-81.98957220
1007.000000	50.44149385
1009.000000	-129.38485603
1011.000000	-32.68483575
1013.000000	-64.31659134
1015.000000	44.55622821
1017.000000	-63.20077294
1019.000000	-22.79941832
1021.000000	48.66315548
1023.000000	-1.76378683
1025.000000	105.42969417
1027.000000	43.49482774
1029.000000	-48.07463718
1031.000000	-16.71305503
1033.000000	-50.94806080
1035.000000	46.10210595
1037.000000	-23.23716273
1039.000000	-18.63052540
1041.000000	12.58928183
1043.000000	-13.40002591
1045.000000	29.02845463
1047.000000	-38.04609277
1049.000000	-3.43987908
1051.000000	-45.66022211
1053.000000	-23.40470908
1055.000000	-69.68419831
1057.000000	-33.58123098
1059.000000	70.79109362
1061.000000	-24.51947607
1063.000000	11.55718578
1065.000000	-39.60694740
1067.000000	-47.75729640
1069.000000	124.54210413
1071.000000	-44.85332055
1073.000000	-26.83420916
1075.000000	25.25974291
1077.000000	110.30100115
1079.000000	-22.64801559
1081.000000	-76.67890599
1083.000000	-16.28130066
1085.000000	11.36378696
1087.000000	9.78639882
1089.000000	-20.12728932
1091.000000	-45.57916937
1093.000000	45.31741811
1095.000000	-125.77016086
1097.000000	38.51888166
1099.000000	41.88312690
1101.000000	-89.97758498
1103.000000	35.02479998
1105.000000	-5.66917811
1107.000000	23.93890033
1109.000000	-46.90923418
1111.000000	121.08935805
1113.000000	-75.73427516
1115.000000	-76.41160255
1117.000000	65.25040028
1119.000000	-50.63214793
1121.000000	-32.66002376
1123.000000	8.05919497
1125.000000	17.35038381
1127.000000	32.31561067
1129.000000	101.28230655
1131.000000	-36.71038889
1133.000000	8.50731776
1135.000000	-119.18060757
1137.000000	-2.71306076
1139.000000	-51.62620565
1141.000000	-28.57308729
1143.000000	-4.08909578
1145.000000	-36.12761260
1147.000000	-29.30535962
1149.000000	25.08775210
1151.000000	-3.28843438
1153.000000	-115.27144707
1155.000000	92.05967186
1157.000000	-23.88759660
1159.000000	-51.49325477
1161.000000	45.23546281
1163.000000	-0.60546469
1165.000000	-52.37780932
1167.000000	-22.17964417
1169.000000	-31.61173709
1171.000000	-17.54557597
1173.000000	51.59229138
1175.000000	61.07329104
1177.000000	-40.45317032
1179.000000	-3.21556231
1181.000000	-58.67056457
1183.000000	-50.16736676
1185.000000	-25.98426481
1187.000000	53.10777551
1189.000000	113.14865086
1191.000000	33.50954790
1193.000000	41.67240125
1195.000000	-4.22511639
1197.000000	-103.29015831
1199.000000	-4.60797165
1201.000000	-113.80738732
1203.000000	5.43965208
1205.000000	29.68628509
1207.000000	71.90820276
1209.000000	-12.38472266
1211.000000	100.34291998
1213.000000	-62.35532370
1215.000000	-66.86926737
1217.000000	26.47145450
1219.000000	45.63837135
1221.000000	-18.68614092
1223.000000	-52.23863212
1225.000000	48.90154017
1227.000000	-14.03934997
1229.000000	-29.22621556
1231.000000	63.84060628
1233.000000	67.20029642
1235.000000	-124.72136803
1237.000000	-91.06928806
1239.000000	-48.46527135
1241.000000	-65.85892720
1243.000000	-92.96209684
1245.000000	-48.31722461
1247.000000	-4.37330891
1248.000000	-17.10183217
1249.000000	-108.56084563
1250.000000	3.90176184
1251.000000	19.17003270
1252.000000	17.63426574
1253.000000	74.50912778
1254.000000	88.31885527
1255.000000	22.59683781
1256.000000	8.58341002
1257.000000	-20.32952834
1258.000000	-20.38591487
1259.000000	-24.60466186
1260.000000	-5.81648753
1261.000000	37.41246966
1262.000000	146.78639247
1263.000000	35.26671863
1264.000000	-51.57895078
1265.000000	114.14998596
1266.000000	-32.80167576
1267.000000	-0.81617068
1268.000000	18.29316912
1269.000000	50.13829930
1270.000000	30.81521854
1271.000000	48.85961351
1272.000000	23.84462078
1273.000000	-0.16029192
1274.000000	-93.18836147
1275.000000	11.84715308
1276.000000	-22.51025935
1277.000000	80.81498850
1278.000000	19.98603438
1279.000000	18.97451255
1280.000000	-21.27804088
1281.000000	-47.58482600
1282.000000	10.67572335
1283.000000	-0.98784354
1284.000000	18.13041420
1285.000000	77.06665461
1286.000000	-76.42093352
1287.000000	63.56752238
1288.000000	-48.34552529
1289.000000	30.35953865
1290.000000	-4.24388460
1291.000000	83.40520294
1292.000000	47.62912986
1293.000000	-12.63620448
1294.000000	-112.79188837
1295.000000	21.17159006
1296.000000	-82.54857243
1297.000000	-15.33470868
1298.000000	-16.94823214
1299.000000	33.00984301
1300.000000	25.92611138
1301.000000	53.29999028
1302.000000	51.36925744
1303.000000	-14.19661131
1304.000000	104.71941378
1305.000000	100.70724738
1306.000000	-17.31739656
1307.000000	7.29148206
1308.000000	32.30439601
1309.000000	9.90426620
1310.000000	32.31997296
1311.000000	76.20858204
1312.000000	35.79430745
1313.000000	-85.03801716
1314.000000	13.08270444
1315.000000	-8.84902024
1316.000000	15.85842812
1317.000000	-0.07441561
1318.000000	-169.91192063
1319.000000	-31.42275133
1320.000000	-24.88253781
1321.000000	-98.53242746
1322.000000	128.17142918
1323.000000	15.88104721
1324.000000	46.02193442
1325.000000	-28.27420507
1326.000000	72.06127288
1327.000000	30.79054427
1328.000000	-52.16552048
1329.000000	-27.00685547
1330.000000	-6.02955982
1331.000000	-15.22731095
1332.000000	16.59734644
1333.000000	6.53666087
1334.000000	-58.71022713
1335.000000	-78.01773008
1336.000000	-23.06139406
1337.000000	-57.48505806
1338.000000	49.35794004
1339.000000	-5.11599436
1340.000000	104.00432901
1341.000000	-24.93427448
1342.000000	68.20992185
1343.000000	-49.87706454
1344.000000	63.90670867
1345.000000	-44.27505718
1346.000000	105.61188818
1347.000000	3.01252748
1348.000000	-29.61022783
1349.000000	-6.79612788
1350.000000	-2.23591766
1351.000000	97.77726833
1352.000000	-17.74953798
1353.000000	-44.89893958
1354.000000	-52.46034988
1355.000000	70.05886487
1356.000000	47.36208418
1357.000000	-3.45749322
1358.000000	-3.19301113
1359.000000	-51.11559880
1360.000000	-29.29340170
1361.000000	7.20421281
1362.000000	72.53451058
1363.000000	11.18870313
1364.000000	2.61739844
1365.000000	59.01085399
1366.000000	65.23811836
1367.000000	-44.30749009
1368.000000	-55.71876436
1369.000000	10.76949483
1370.000000	28.36491306
1371.000000	-23.01031164
1372.000000	-21.92127106
1373.000000	49.91862185
1374.000000	-29.69516243
1375.000000	39.02782814
1376.000000	17.52223492
1377.000000	-47.35459172
1378.000000	-19.57251016
1379.000000	115.47014299
1380.000000	-0.16651703
1381.000000	-45.08440727
1382.000000	61.33658086
1383.000000	-32.76581615
1384.000000	-56.15333022
1385.000000	24.05877343
1386.000000	96.00236946
1387.000000	-54.10561537
1388.000000	-30.44960763
1389.000000	-4.16580340
1390.000000	-95.57356679
1391.000000	-36.02046161
1392.000000	80.29433232
1393.000000	69.02593117
1394.000000	47.17075607
1395.000000	-70.17057657
1396.000000	-66.66370186
1397.000000	33.01020162
1398.000000	-30.69278616
1399.000000	22.28413115
1400.000000	105.43382160
1401.000000	20.98080879
1402.000000	35.91756806
1403.000000	-7.09135566
1404.000000	-9.43865094
1405.000000	28.22724052
1406.000000	-38.91271643
1407.000000	-35.10339283
1408.000000	78.25974640
1409.000000	15.54252112
1410.000000	-43.58992820
1411.000000	15.22566189
1412.000000	-75.46729355
1413.000000	23.27600153
1414.000000	-38.43842007
1415.000000	-4.95384861
1416.000000	77.23905939
1417.000000	12.96763624
1418.000000	-24.78895544
1419.000000	-47.52392676
1420.000000	-103.16456605
1421.000000	42.51484349
1422.000000	-6.93384743
1423.000000	-50.31820407
1424.000000	35.42039156
1425.000000	40.34395131
1426.000000	65.45588879
1427.000000	51.21956506
1428.000000	5.68507442
1429.000000	61.38467174
1430.000000	-36.44200837
1431.000000	-7.13861571
1432.000000	76.49855511
1433.000000	104.60979971
1434.000000	33.87280545
1435.000000	-62.20287392
1436.000000	56.25515181
1437.000000	15.83276778
1438.000000	63.33023895
1439.000000	34.19848796
1440.000000	32.41175254
1441.000000	-30.09880007
1442.000000	19.12439862
1443.000000	-81.48869863
1444.000000	0.01727361
1445.999000	-41.75279399
1446.999000	48.08154237
1447.999000	-4.96978892
1448.999000	-35.83127657
1449.999000	-0.01087719
1450.999000	12.85091589
1451.999000	112.75530430
1452.999000	-26.83190325
1453.999000	13.93007219
1454.999000	12.88044566
1455.999000	-95.17930911
1456.999000	30.77567142
1457.999000	-83.29184603
1458.999000	173.76275982
1459.999000	80.49584477
1460.999000	37.12844083
1461.999000	38.25930147
1462.999000	9.08793540
1463.999000	-122.26911807
1464.999000	-77.32994778
1465.999000	-37.14147002
1466.999000	74.63616797
1467.999000	2.45396545
1468.999000	-42.68692001
1469.999000	-2.71498176
1470.999000	81.07429767
1471.999000	3.35898737
1472.999000	46.85875044
1473.999000	16.41291040
1474.999000	-23.42144750
1475.999000	54.15453989
1476.999000	76.47567740
1477.999000	38.26642643
1478.999000	21.34797291
1479.999000	79.31350567
1480.999000	-27.91937369
1481.999000	-41.87866064
1482.999000	-15.00248899
1483.999000	-3.76775583
1484.999000	47.07501653
1485.999000	74.88726561
1486.999000	-10.04055480
1487.999000	50.77460692
1488.999000	85.52364154
1489.999000	-36.68583405
1490.999000	34.70619593
1491.999000	17.88785728
1492.999000	50.56125348
1493.999000	35.94075888
1494.999000	2.05514578
1495.999000	-10.95395049
1496.999000	-22.56761952
1497.999000	-58.14619485
1498.999000	61.57539437
1499.999000	-8.63631581
1500.999000	60.34366545
1501.999000	5.14213193
1502.999000	-24.12637415
1503.999000	42.12529637
1504.999000	42.82955875
1505.999000	-107.46567188
1506.999000	10.82934968
1507.999000	20.81865549
1508.999000	44.73622348
1509.999000	50.91008927
1510.999000	24.24400650
1511.999000	-153.43597614
1512.999000	-26.53328552
1513.999000	9.72049537
1514.999000	-74.58872913
1515.999000	89.23286676
1516.999000	40.09877878
1517.999000	6.66840352
1518.999000	-82.93343312
1519.999000	50.32310861
1520.999000	-17.37362211
1521.999000	135.88361630
1522.999000	-71.48424439
1523.999000	-126.85423751
1524.999000	-48.05132434
1525.999000	-23.95166231
1526.999000	-33.05602181
1527.999000	-73.15183795
1528.999000	-10.47004116
1529.999000	-7.09101575
1530.999000	-17.97222683
1531.999000	33.99571522
1532.999000	-24.06594547
1533.999000	-54.49832245
1534.999000	-61.58475465
1535.999000	56.24180630
1536.999000	-71.69986559
1537.999000	-61.01149040
1538.999000	-63.43542437
1539.999000	44.97068316
1540.999000	-38.69026544
1541.999000	17.94509015
1542.999000	-66.13448768
1543.999000	11.95636350
1544.999000	-13.72463216
1545.999000	-26.48306359
1546.999000	-15.71230259
1547.999000	24.62748050
1548.999000	41.57596895
1549.999000	35.26142123
1550.999000	87.56915797
1551.999000	-54.44798971
1552.999000	-78.97744554
1553.999000	54.36566118
1554.999000	-84.29124069
1555.999000	48.02878935
1556.999000	12.52219471
1557.999000	-3.51292608
1558.999000	-88.67705533
1559.999000	-96.48787739
1560.999000	90.19793102
1561.999000	-24.58308157
1562.999000	-5.84802493
1563.999000	14.95734921
1564.999000	74.00186246
1565.999000	133.97518223
1566.999000	30.78988760
1567.999000	-39.38472477
1568.999000	-12.40324300
1569.999000	-76.62522374
1570.999000	-80.13804917
1571.999000	17.02911534
1572.999000	-10.39187943
1573.999000	-27.16658289
1574.999000	25.44428278
1575.999000	-88.59409398
1576.999000	114.56438186
1577.999000	-61.09356297
1578.999000	-9.82137796
1579.999000	13.92752756
1580.999000	107.03532150
1581.999000	-4.43285355
1582.999000	-41.27832032
1583.999000	42.41103386
1584.999000	64.17516795
1585.999000	21.79537384
1586.999000	-20.77638900
1587.999000	-14.10837737
1588.999000	-99.73611542
1589.999000	50.79324452
1590.999000	38.86114938
1591.999000	111.54202862
1592.999000	67.94540094
1593.999000	27.57988057
1594.999000	-15.01856813
1595.999000	-27.83788049
1596.999000	61.85215729
1597.999000	-37.83226827
1598.999000	-11.42355101
1599.999000	30.73380116
1600.999000	11.85818543
1601.999000	21.43271837
1602.999000	-69.15598480
1603.999000	32.66677233
1604.999000	-162.62518338
1605.999000	-72.73758258
1606.999000	-25.55128279
1607.999000	40.64170632
1608.999000	-59.41640488
1609.999000	-48.18213318
1610.999000	-39.06192160
1611.999000	48.51448750
1612.999000	74.73894086
1613.999000	-46.03929066
1614.999000	81.89447473
1615.999000	54.60770061
1616.999000	85.96890699
1617.999000	5.69000027
1618.999000	17.80920226
1619.999000	-66.13390529
1620.999000	97.97417313
1621.999000	-7.70302590
1622.999000	-76.63144395
1623.999000	-8.27261910
1624.999000	-16.30638309
1625.999000	53.15836036
1626.999000	80.93863572
1627.999000	39.20749815
1628.999000	17.67456220
1629.999000	74.09529229
1630.999000	31.01067110
1631.999000	-45.27609423
1632.999000	7.11533794
1633.999000	-123.19142336
1634.999000	37.88931210
1635.999000	-153.99330815
1636.999000	48.56379625
1637.999000	-45.03214853
1638.999000	114.37241276
1639.999000	-83.30113395
1640.999000	44.91968440
1641.999000	8.98385081
1642.999000	87.22890628
1643.999000	-37.56926089
1644.999000	64.57603442
1645.999000	32.13542962
1646.999000	-95.64209236
1647.999000	-39.67190219
1648.999000	47.62023012
1649.999000	-11.43367514
1650.999000	47.47624457
1651.999000	-50.11764132
1652.999000	-12.50260908
1653.999000	-80.28373879
1654.999000	-49.27396986
1655.999000	-9.41389719
1656.999000	26.80252731
1657.999000	-30.11599860
1658.999000	-71.68863418
1659.999000	51.63169509
1660.999000	46.92166146
1661.999000	-67.68001492
1662.999000	99.37425219
1663.999000	-16.04835469
1664.999000	73.81834356
1665.999000	63.73440028
1666.999000	-35.79672868
1667.999000	-12.16156928
1668.999000	-100.19144898
1669.999000	64.41951321
1670.999000	39.08225157
1671.999000	37.29747857
1672.999000	-4.44594663
1673.999000	-17.99376426
1674.999000	107.01363726
1675.999000	-27.27412871
1676.999000	75.69138800
1677.999000	46.80281887
1678.999000	0.15022652
1679.999000	45.31845672
1680.999000	67.12255375
1681.999000	55.25984131
1682.999000	52.66856526
1683.999000	-23.60506031
1684.999000	41.79974587
1685.999000	47.65257451
1686.999000	17.91501264
1687.999000	-189.43793279
1688.999000	95.00445940
1689.999000	-16.59985240
1690.999000	3.73558369
1691.999000	-29.49414742
1692.999000	97.85448988
1693.999000	-106.98736067
1694.999000	81.64335522
1695.999000	18.08017505
1696.999000	-53.89887955
1697.999000	96.10340317
