# F(k,t) correlation function
# Reference time: 401.001 ps
# lag_time_ps	F(k,t)
0.000000	507.59247451
2.000000	-1.10572116
4.000000	82.36319834
6.000000	-50.01297037
8.000000	40.45176242
10.000000	33.43518689
12.000000	-29.37215809
14.000000	51.85684759
16.000000	0.89609070
18.000000	35.99802439
20.000000	-52.56011635
22.000000	-86.53479588
24.000000	2.11618446
26.000000	68.95934257
28.000000	22.73198282
30.000000	75.27150700
32.000000	47.90548839
34.000000	98.37606392
36.000000	-37.34066253
38.000000	56.31595997
40.000000	-40.02641935
42.000000	-61.09019815
44.000000	18.86530105
46.000000	-58.11629777
48.000000	-122.50944174
50.000000	-1.67349883
52.000000	45.87467130
54.000000	-49.96957365
56.000000	49.23863472
58.000000	-37.76165097
60.000000	-5.38625016
62.000000	-25.80043443
64.000000	-59.78575554
66.000000	-0.86736594
68.000000	12.66712448
70.000000	59.71197845
72.000000	-23.64463312
74.000000	-22.81562959
76.000000	30.24935596
78.000000	59.34789547
80.000000	-44.88683058
82.000000	-111.22957479
84.000000	-23.52026572
86.000000	75.10260344
88.000000	31.49525209
90.000000	17.45305092
92.000000	76.43901085
94.000000	-54.73802819
96.000000	65.41122863
98.000000	-58.29011988
100.000000	-10.06063251
102.000000	112.12763267
104.000000	48.21624805
106.000000	-11.26716457
108.000000	71.33327351
110.000000	77.18001802
112.000000	-12.99592578
114.000000	-36.25148507
116.000000	13.46026062
118.000000	-55.86210847
120.000000	-65.37681957
122.000000	-10.46469602
124.000000	89.51117448
126.000000	21.99806567
128.000000	28.09001580
130.000000	15.14666945
132.000000	-7.12313399
134.000000	-105.99192635
136.000000	11.33276337
138.000000	5.83078582
140.000000	46.84453728
142.000000	21.01962895
144.000000	87.36130085
146.000000	-47.33822155
148.000000	71.82557823
150.000000	-5.56400267
152.000000	-68.63903514
154.000000	-41.26449772
156.000000	32.15833059
158.000000	66.29971669
160.000000	19.37523277
162.000000	-53.46808323
164.000000	-12.77230146
166.000000	-96.06887311
168.000000	-38.80685197
170.000000	-110.58505365
172.000000	44.23734938
174.000000	24.38297183
176.000000	-26.78533487
178.000000	-7.64385336
180.000000	13.09513511
182.000000	25.79153369
184.000000	65.44686999
186.000000	47.95041999
188.000000	1.60556946
190.000000	6.18187449
192.000000	30.29743792
194.000000	66.68806118
196.000000	9.72536803
198.000000	-53.96004447
200.000000	18.63813571
202.000000	-11.65002416
204.000000	-76.51209189
206.000000	62.97483301
208.000000	25.83322892
210.000000	123.16669803
212.000000	24.87512056
214.000000	52.16604390
216.000000	-13.97113730
218.000000	-11.74676696
220.000000	67.84998587
222.000000	39.94677709
224.000000	7.28698702
226.000000	29.64271148
228.000000	0.12469827
230.000000	11.79097874
232.000000	-75.10204912
234.000000	-49.21912791
236.000000	-51.19568825
238.000000	30.00281360
240.000000	81.11868207
242.000000	54.23141429
244.000000	57.30653744
246.000000	-5.77813172
248.000000	53.88925816
250.000000	21.01756138
252.000000	-70.31154562
254.000000	-2.45970826
256.000000	37.69266955
258.000000	23.14610831
260.000000	-13.37783754
262.000000	20.25472479
264.000000	55.94521819
266.000000	42.66339337
268.000000	71.48444266
270.000000	49.65476678
272.000000	8.80315784
274.000000	-58.50962584
276.000000	54.63169144
278.000000	101.33156314
280.000000	-16.82298285
282.000000	-20.27881832
284.000000	-44.26635009
286.000000	42.97795406
288.000000	33.14564564
290.000000	8.54583251
292.000000	-46.05913143
294.000000	-1.31880211
296.000000	96.62964976
298.000000	72.86093345
300.000000	-59.76667379
302.000000	-2.25406290
304.000000	-51.39761564
306.000000	-86.20542210
308.000000	70.46865129
310.000000	98.73621999
312.000000	8.16167134
314.000000	-76.09618700
316.000000	17.36415373
318.000000	18.52073633
320.000000	-13.05950251
322.000000	-13.09621489
324.000000	-43.07000682
326.000000	29.64816909
328.000000	12.73336585
330.000000	-101.59271389
332.000000	12.08184551
334.000000	-23.31131336
336.000000	22.17916931
338.000000	-19.89482030
340.000000	-34.28975101
342.000000	85.19845080
344.000000	16.41411448
346.000000	-9.10545702
348.000000	15.91792454
350.000000	-22.77792939
352.000000	109.12210410
354.000000	28.23232876
356.000000	-47.61384164
358.000000	-25.53568937
360.000000	39.80266606
362.000000	-28.46244617
364.000000	53.84558054
366.000000	50.90605705
368.000000	-73.48624695
370.000000	-74.52072075
372.000000	47.77077215
374.000000	5.54348373
376.000000	78.11921433
378.000000	-25.96723372
380.000000	1.65063620
382.000000	-124.64650867
384.000000	-1.53580278
386.000000	80.02029744
388.000000	-37.48282043
390.000000	29.15956349
392.000000	14.15867164
394.000000	-25.05928620
396.000000	64.63593755
398.000000	-59.85625473
400.000000	-59.91017454
402.000000	-134.96416877
404.000000	53.05577502
406.000000	-40.19077760
408.000000	29.71111844
410.000000	24.55479973
412.000000	28.32836354
414.000000	-10.00722624
416.000000	34.67552499
418.000000	-61.31964414
420.000000	6.29533388
422.000000	-13.89452437
424.000000	12.34250012
426.000000	-78.59085409
428.000000	80.37986087
430.000000	2.62998375
432.000000	71.59285188
434.000000	-39.99066409
436.000000	18.64669711
438.000000	85.87283343
440.000000	18.06883025
442.000000	-21.44753614
444.000000	71.38211261
446.000000	6.55295316
448.000000	20.58055123
450.000000	-32.77833730
452.000000	3.68413159
454.000000	64.65268214
456.000000	-47.42209268
458.000000	-45.92396095
460.000000	37.32092891
462.000000	32.18543031
464.000000	-24.01161165
466.000000	-104.31625433
468.000000	-31.73733666
470.000000	-5.09917113
472.000000	70.88724576
474.000000	-99.08094138
476.000000	-117.03244780
478.000000	124.88343987
480.000000	58.17943251
482.000000	-12.03382354
484.000000	-46.11312792
486.000000	-36.39514821
488.000000	-13.26885193
490.000000	41.04829366
492.000000	-44.87454795
494.000000	-40.86109637
496.000000	87.26264704
498.000000	50.29359540
500.000000	125.09710836
502.000000	-80.93113719
504.000000	36.19129725
506.000000	57.67800133
508.000000	-0.88430166
510.000000	28.49451633
512.000000	63.29207018
514.000000	-23.56888919
516.000000	-13.53279513
518.000000	-18.00109418
520.000000	39.46928765
522.000000	56.32105904
524.000000	-39.14003433
526.000000	-16.25256619
528.000000	33.39257266
530.000000	-60.56141015
532.000000	-29.34570800
534.000000	-34.06557645
536.000000	38.74965593
538.000000	14.30534554
540.000000	-16.93426089
542.000000	28.64591542
544.000000	62.59536763
546.000000	106.45581292
548.000000	-39.75220827
550.000000	22.20664990
552.000000	25.75035649
554.000000	29.51844137
556.000000	-44.31339356
558.000000	-92.04940817
560.000000	10.18676802
562.000000	-47.08623618
564.000000	-45.75057971
566.000000	4.84049435
568.000000	33.47356843
570.000000	69.72409322
572.000000	1.05608177
574.000000	-98.48146074
576.000000	-61.87012232
578.000000	-13.38725489
580.000000	-18.06631248
582.000000	34.96796910
584.000000	65.78555317
586.000000	50.14101368
588.000000	1.96374214
590.000000	3.03251152
592.000000	-24.94109318
594.000000	-44.82118379
596.000000	-22.42997214
598.000000	-2.58053345
600.000000	-20.16533921
602.000000	15.94465754
604.000000	15.01844123
606.000000	-26.12684050
608.000000	-27.78254407
610.000000	-37.79372934
612.000000	46.38693711
614.000000	-7.90984941
616.000000	-41.19564687
618.000000	88.97019728
620.000000	-20.24283361
622.000000	-19.94839591
624.000000	-52.48474473
626.000000	-37.54260299
628.000000	-30.86363028
630.000000	-0.95424782
632.000000	82.62823658
634.000000	1.71251980
636.000000	-0.56571621
638.000000	9.85279643
640.000000	-25.62261107
642.000000	-3.36479934
644.000000	-15.07017685
646.000000	-66.06175792
648.000000	28.40338972
650.000000	-6.58858447
652.000000	6.25501211
654.000000	-94.38691465
656.000000	60.42581518
658.000000	-79.19556139
660.000000	40.74794579
662.000000	0.52059577
664.000000	-35.89923342
666.000000	20.04540046
668.000000	-62.17147711
670.000000	9.26424310
672.000000	-0.88426418
674.000000	-53.78400006
676.000000	-3.01753652
678.000000	-111.12283306
680.000000	-44.26983193
682.000000	-8.41030577
684.000000	-76.51533102
686.000000	-44.88162808
688.000000	0.19720496
690.000000	1.47476807
692.000000	12.57894505
694.000000	8.16389925
696.000000	43.58140107
698.000000	-76.87027889
700.000000	-29.97497338
702.000000	44.95898245
704.000000	42.16755795
706.000000	75.59446715
708.000000	-83.83758932
710.000000	-66.10353176
712.000000	-13.19373413
714.000000	-6.35824497
716.000000	-66.15470912
718.000000	74.63086433
720.000000	57.83606356
722.000000	-27.81577998
724.000000	-81.28005585
726.000000	95.68082925
728.000000	-72.02013066
730.000000	-16.43192691
732.000000	65.27155553
734.000000	10.35707117
736.000000	-6.25910609
738.000000	-26.22410249
740.000000	-15.00941330
742.000000	-106.88426782
744.000000	40.53245374
746.000000	-12.07402861
748.000000	43.66059805
750.000000	-75.86449160
752.000000	26.42442513
754.000000	-93.93952254
756.000000	13.73299405
758.000000	17.52540225
760.000000	13.47404249
762.000000	29.56230862
764.000000	73.68479734
766.000000	13.95424395
768.000000	-48.26063488
770.000000	21.25024531
772.000000	-10.76519042
774.000000	72.55157709
776.000000	-5.00816790
778.000000	-9.02631464
780.000000	-156.60598167
782.000000	-14.11219695
784.000000	79.08295245
786.000000	8.11976388
788.000000	40.66584745
790.000000	6.71987966
792.000000	116.77085757
794.000000	-26.44054910
796.000000	-68.26650299
798.000000	54.74131831
800.000000	22.28477578
802.000000	45.15364165
804.000000	25.85162303
806.000000	-17.96570292
808.000000	-37.06041241
810.000000	-14.45269417
812.000000	91.40586448
814.000000	-46.69804874
816.000000	28.76430021
818.000000	-14.15219817
820.000000	37.90740385
822.000000	37.88315471
824.000000	-26.05241707
826.000000	1.89438732
828.000000	19.61684359
830.000000	7.55248819
832.000000	-42.88541996
834.000000	36.82427161
836.000000	-2.61045999
838.000000	-24.76313696
840.000000	-32.72339977
842.000000	76.40979046
844.000000	-7.72022152
846.000000	48.43100101
848.000000	5.43854982
850.000000	72.30937210
852.000000	-37.89539824
854.000000	-34.27551599
856.000000	29.57125049
858.000000	-20.51116402
860.000000	36.19551587
862.000000	-36.13104243
864.000000	-22.20666453
866.000000	15.85618499
868.000000	-0.03916983
870.000000	-50.41372409
872.000000	-41.58542185
874.000000	-22.22971357
876.000000	-25.34682585
878.000000	-12.32525566
880.000000	39.16637330
882.000000	-67.58648521
884.000000	-9.65936609
886.000000	0.40890733
888.000000	-27.84839739
890.000000	-45.60282108
892.000000	-24.95544923
894.000000	-0.44432661
896.000000	15.17524935
898.000000	83.46525971
900.000000	-49.85435811
902.000000	55.33608570
904.000000	-21.24419690
906.000000	-58.71878087
908.000000	60.64798365
910.000000	65.76399162
912.000000	-69.99965410
914.000000	9.75427835
916.000000	3.61773154
918.000000	-96.06678365
920.000000	76.53910832
922.000000	108.96097713
924.000000	122.84966914
926.000000	-10.53271340
928.000000	-5.58257247
930.000000	-7.22908793
932.000000	96.34587294
934.000000	76.69745619
936.000000	28.35453896
938.000000	92.06326136
940.000000	3.84147052
942.000000	-1.54320373
944.000000	-4.87061424
946.000000	10.58356386
948.000000	24.97969732
950.000000	-1.18109280
952.000000	3.07461820
954.000000	-36.50778090
956.000000	45.46757644
958.000000	67.73811514
960.000000	-12.90712100
962.000000	0.99269027
964.000000	8.82413931
966.000000	4.74335594
968.000000	-59.43240561
970.000000	16.25174669
972.000000	-139.13946823
974.000000	-98.59211737
976.000000	-1.32417186
978.000000	-8.94346034
980.000000	44.24929680
982.000000	43.50779340
984.000000	-22.03876848
986.000000	-1.84985151
988.000000	-62.65990997
990.000000	12.95450935
992.000000	-50.62355532
994.000000	35.73126026
996.000000	4.79989649
998.000000	-65.22712123
1000.000000	-6.57036491
1002.000000	-5.00120486
1004.000000	97.37543903
1006.000000	-10.72835934
1008.000000	-16.62033048
1010.000000	-22.31751711
1012.000000	78.31439116
1014.000000	85.59710825
1016.000000	39.53371996
1018.000000	50.60473028
1020.000000	-69.77871018
1022.000000	18.67699282
1024.000000	-7.34699344
1026.000000	-67.22960312
1028.000000	-35.83438945
1030.000000	-105.90312626
1032.000000	12.06061113
1034.000000	-45.65071758
1036.000000	86.34941255
1038.000000	-29.86596592
1040.000000	74.10391723
1042.000000	7.18728977
1044.000000	28.56218520
1046.000000	23.14839273
1048.000000	-39.04317099
1050.000000	0.58244064
1052.000000	-92.69527368
1054.000000	9.42085601
1056.000000	8.24925827
1058.000000	71.48212400
1060.000000	-21.62770530
1062.000000	42.34697166
1064.000000	25.56856630
1066.000000	113.60982796
1068.000000	-39.22956885
1070.000000	22.60728015
1072.000000	87.71754408
1074.000000	21.14728723
1076.000000	-14.91168552
1078.000000	6.80880744
1080.000000	95.81754504
1082.000000	11.77227800
1084.000000	-6.11936437
1086.000000	-39.05253965
1088.000000	-30.05286282
1090.000000	-59.29485945
1092.000000	0.38295411
1094.000000	36.77965034
1096.000000	-28.49189686
1098.000000	-33.84217847
1100.000000	-26.56746312
1102.000000	17.80389624
1104.000000	-18.78705192
1106.000000	-39.75231751
1108.000000	36.25544180
1110.000000	69.88990499
1112.000000	-42.86498265
1114.000000	-86.53558119
1116.000000	0.88358525
1118.000000	58.08158577
1120.000000	-23.90457889
1122.000000	84.83876592
1124.000000	-12.16990304
1126.000000	10.54540608
1128.000000	-71.29057737
1130.000000	34.97092104
1132.000000	-75.63766661
1134.000000	-50.68129096
1136.000000	97.19394699
1138.000000	87.20121751
1140.000000	-35.71628746
1142.000000	20.69112578
1144.000000	10.56831015
1146.000000	-52.01264278
1148.000000	49.11110002
1150.000000	17.96274033
1152.000000	-58.95899020
1154.000000	23.77755509
1156.000000	85.10356660
1158.000000	-51.96763129
1160.000000	-32.92109338
1162.000000	10.67096261
1164.000000	-37.51746476
1166.000000	28.87117185
1168.000000	25.34769912
1170.000000	-61.61576345
1172.000000	22.53279646
1174.000000	52.32705538
1176.000000	73.55474589
1178.000000	60.27349393
1180.000000	-0.45090391
1182.000000	-59.17877158
1184.000000	38.48099545
1186.000000	-66.96996671
1188.000000	-15.46662498
1190.000000	11.29958032
1192.000000	70.28319808
1194.000000	-148.40423665
1196.000000	-29.98520019
1198.000000	19.89019771
1200.000000	-80.40202257
1202.000000	-43.87609787
1204.000000	21.23435370
1206.000000	-31.64601326
1208.000000	-3.55633902
1210.000000	-20.25932196
1212.000000	-49.73483982
1214.000000	14.15312362
1216.000000	50.81421730
1218.000000	-52.33759061
1220.000000	-6.15190025
1222.000000	-11.09058039
1224.000000	35.39972240
1226.000000	42.44323047
1228.000000	-13.05235396
1230.000000	-53.46791950
1232.000000	-11.89498052
1234.000000	65.44718761
1236.000000	2.59113494
1238.000000	-21.34027704
1240.000000	-62.73625006
1242.000000	8.64487120
1244.000000	3.03803233
1246.000000	43.64030745
1248.000000	67.06194667
1250.000000	-15.84777083
1252.000000	-52.54324741
1254.000000	31.20891549
1256.000000	-37.56158865
1258.000000	-23.23819576
1260.000000	-26.19367831
1262.000000	-31.08703765
1264.000000	-126.95030790
1266.000000	-30.66803578
1268.000000	-11.28680367
1270.000000	-14.42544368
1272.000000	-78.59763867
1274.000000	-68.25298162
1276.000000	-4.64936009
1278.000000	-10.18256003
1280.000000	85.67830337
1282.000000	-30.19581330
1284.000000	56.90194491
1286.000000	62.67563052
1288.000000	9.73137143
1290.000000	-72.30583043
1292.000000	-6.18448531
1294.000000	46.54371080
1296.000000	-14.29441220
1298.000000	10.47998591
1300.000000	7.81399955
1302.000000	42.26024154
1304.000000	16.37658474
1306.000000	-41.38007349
1308.000000	50.86930482
1310.000000	-59.85982594
1312.000000	-37.63364213
1314.000000	46.34060983
1316.000000	-57.64844756
1318.000000	-28.70198424
1320.000000	-53.85893557
1322.000000	-2.96379207
1324.000000	29.06291196
1326.000000	41.59521975
1328.000000	21.17694492
1330.000000	-46.56503616
1332.000000	-26.61384673
1334.000000	-20.69372699
1336.000000	33.73397250
1338.000000	-8.75356483
1340.000000	20.44195272
1342.000000	48.76949588
1344.000000	-43.85607844
1346.000000	-17.35683753
1348.000000	42.13077368
1350.000000	-35.67330820
1352.000000	21.69935902
1354.000000	88.12317631
1356.000000	100.70879188
1358.000000	26.54351906
1360.000000	-34.66820963
1362.000000	87.11080360
1364.000000	41.82295256
1366.000000	46.47084000
1368.000000	80.91583671
1370.000000	16.09002957
1372.000000	-42.73282058
1374.000000	-16.05807990
1376.000000	-59.98761814
1378.000000	7.49363004
1380.000000	24.87811941
1382.000000	-24.04531950
1384.000000	-51.49650639
1386.000000	25.18120436
1388.000000	11.09547451
1390.000000	30.22031660
1392.000000	35.13923868
1394.000000	31.85871583
1396.000000	13.73331669
1398.000000	16.44377451
1400.000000	-65.42452686
1402.000000	-4.98981771
1404.000000	49.85035396
1406.000000	-46.53973399
1408.000000	26.81150353
1410.000000	40.54926802
1412.000000	-20.24019585
1414.000000	20.92907502
1416.000000	-28.33218574
1418.000000	-34.55802006
1420.000000	-66.88086341
1422.000000	-2.25525015
1424.000000	-12.97928473
1426.000000	56.90466744
1428.000000	14.60102105
1430.000000	-56.06338211
1432.000000	-0.41817752
1434.000000	25.50251999
1436.000000	65.17849161
1438.000000	4.05924784
1440.000000	15.67399410
1442.000000	117.17717881
1444.000000	-0.56252782
1446.000000	-20.50919954
1448.000000	32.18763319
1449.000000	89.66707303
1450.000000	29.86304516
1451.000000	-24.17002570
1452.000000	43.60990127
1453.000000	55.16100667
1454.000000	58.27151614
1455.000000	54.46954121
1456.000000	15.85080508
1457.000000	-81.94274174
1458.000000	-79.53384635
1459.000000	2.53248272
1460.000000	-22.12996850
1461.000000	-37.34473226
1462.000000	107.42931775
1463.000000	51.61781603
1464.000000	-57.72166680
1465.000000	27.81259370
1466.000000	-38.65688581
1467.000000	17.20797475
1468.000000	-6.93106780
1469.000000	21.19576669
1470.000000	18.30522904
1471.000000	42.81770419
1472.000000	-19.60661787
1473.000000	75.69587268
1474.000000	34.73598910
1475.000000	4.81361414
1476.000000	-1.30936776
1477.000000	-51.46825970
1478.000000	15.73501268
1479.000000	11.79654156
1480.000000	37.90266262
1481.000000	1.09943395
1482.000000	67.82413192
1483.000000	23.43072771
1484.000000	-35.18757091
1485.000000	19.88900222
1486.000000	50.15350910
1487.000000	53.10998909
1488.000000	9.84656228
1489.000000	18.01024615
1490.000000	-3.51550704
1491.000000	3.40868841
1492.000000	-9.08353706
1493.000000	-62.93104222
1494.000000	-11.67513258
1495.000000	-31.50952287
1496.000000	4.72722600
1497.000000	-1.87592075
1498.000000	1.94822839
1499.000000	-89.78912918
1500.000000	-55.73570865
1501.000000	36.45068037
1502.000000	11.09644714
1503.000000	-13.10528026
1504.000000	-31.57481706
1505.000000	-17.80888867
1506.000000	-6.76626512
1507.000000	55.85395795
1508.000000	70.17508816
1509.000000	-2.97153982
1510.000000	19.85628377
1511.000000	-44.87899897
1512.000000	-9.74333689
1513.000000	-23.54937900
1514.000000	-20.69866834
1515.000000	-2.64606866
1516.000000	56.12938666
1517.000000	89.12045199
1518.000000	-102.54963498
1519.000000	-4.64100938
1520.000000	56.32898241
1521.000000	-138.58306421
1522.000000	31.37197703
1523.000000	66.59595942
1524.000000	72.58674845
1525.000000	-14.16321720
1526.000000	0.94644436
1527.000000	-14.77167034
1528.000000	-20.30052700
1529.000000	-4.98541423
1530.000000	46.03552240
1531.000000	-71.22296071
1532.000000	11.31179966
1533.000000	-87.58470805
1534.000000	21.30306593
1535.000000	-46.66790859
1536.000000	-108.44781990
1537.000000	79.21995421
1538.000000	24.00275983
1539.000000	-8.55036489
1540.000000	30.71400664
1541.000000	10.20403458
1542.000000	0.36453908
1543.000000	-9.05766665
1544.000000	54.25217281
1545.000000	-17.80588447
1546.000000	66.93132027
1547.000000	-39.48272298
1548.000000	28.71082235
1549.000000	51.95985982
1550.000000	-1.54699906
1551.000000	30.60080812
1552.000000	-135.46124829
1553.000000	98.19935441
1554.000000	76.29217825
1555.000000	11.65685895
1556.000000	-4.71857543
1557.000000	48.62420832
1558.000000	84.26239756
1559.000000	-42.12136542
1560.000000	64.71324113
1561.000000	38.58996897
1562.000000	32.14168494
1563.000000	35.46627179
1564.000000	-21.42926419
1565.000000	-11.99739628
1566.000000	-41.73703568
1567.000000	-0.06570233
1568.000000	4.60416389
1569.000000	-35.78894879
1570.000000	-32.63293748
1571.000000	60.21425065
1572.000000	-10.76391187
1573.000000	57.02582902
1574.000000	-34.37538287
1575.000000	50.14288509
1576.000000	52.79070095
1577.000000	29.74501161
1578.000000	26.15319648
1579.000000	-19.91283772
1580.000000	26.38817198
1581.000000	0.73586965
1582.000000	-0.26637104
1583.000000	-64.23356506
1584.000000	31.33937232
1585.000000	-2.26791615
1586.000000	-46.53918609
1587.000000	72.33070974
1588.000000	56.34969977
1589.000000	12.71797208
1590.000000	73.99434789
1591.000000	-0.59979677
1592.000000	50.06312889
1593.000000	54.97377946
1594.000000	-19.47832691
1595.000000	-4.08611169
1596.000000	-40.37969203
1597.000000	-79.20945730
1598.000000	-86.16474962
1599.000000	-45.28184818
1600.000000	38.10845737
1601.000000	52.73890078
1602.000000	15.32802186
1603.000000	-14.57230958
1604.000000	48.21293588
1605.000000	8.29485856
1606.000000	11.14191724
1607.000000	149.31179573
1608.000000	-0.06752305
1609.000000	28.00833861
1610.000000	-26.19489454
1611.000000	-53.22891993
1612.000000	-79.54088352
1613.000000	76.64268365
1614.000000	52.31626875
1615.000000	-0.04363895
1616.000000	20.65552227
1617.000000	25.00867050
1618.000000	105.37040268
1619.000000	-38.65648318
1620.000000	34.14376749
1621.000000	39.40019118
1622.000000	7.99190337
1623.000000	-15.58040135
1624.000000	54.27365815
1625.000000	-94.79721429
1626.000000	-5.30551456
1627.000000	18.61691513
1628.000000	60.20256779
1629.000000	32.43762752
1630.000000	7.94170647
1631.000000	29.45162613
1632.000000	-34.31088346
1633.000000	22.91887169
1634.000000	-23.65386226
1635.000000	-78.77338628
1636.000000	-15.66736871
1637.000000	14.25061883
1638.000000	-54.57664311
1639.000000	-10.83514813
1640.000000	65.51573373
1641.000000	24.14797096
1642.000000	70.36769915
1643.000000	10.50116362
1644.000000	-65.17894616
1645.000000	-22.84608129
1646.999000	-26.55831062
1647.999000	1.05747340
1648.999000	55.47153680
1649.999000	24.75599884
1650.999000	-44.89610523
1651.999000	36.89668925
1652.999000	22.90007473
1653.999000	97.95341749
1654.999000	50.00025090
1655.999000	-41.09691757
1656.999000	-12.06171175
1657.999000	37.20700327
1658.999000	-50.22130835
1659.999000	47.06104235
1660.999000	-52.12466244
1661.999000	85.24387243
1662.999000	30.65841993
1663.999000	27.87840409
1664.999000	50.05919214
1665.999000	7.43472626
1666.999000	-77.49232079
1667.999000	-35.03360746
1668.999000	-2.47572830
1669.999000	3.50399419
1670.999000	-53.72225016
1671.999000	96.48600655
1672.999000	-55.28139750
1673.999000	-20.01198149
1674.999000	12.94739351
1675.999000	-74.46463673
1676.999000	-1.49674761
1677.999000	108.79971534
1678.999000	115.43788503
1679.999000	39.85959798
1680.999000	-82.35469206
1681.999000	18.48748721
1682.999000	-49.24191132
1683.999000	21.43388125
1684.999000	-32.73961474
1685.999000	32.36546272
1686.999000	29.44607142
1687.999000	-30.96706257
1688.999000	97.75306364
1689.999000	-1.60093777
1690.999000	49.47666638
1691.999000	-0.79711777
1692.999000	-43.88438699
1693.999000	30.68618868
1694.999000	-20.57307299
1695.999000	-65.02403027
1696.999000	-102.96497203
1697.999000	1.31778329
1698.999000	66.60602797
1699.999000	108.54239714
1700.999000	49.21518204
1701.999000	22.12688668
1702.999000	41.65199758
1703.999000	84.22712571
1704.999000	15.97875859
1705.999000	65.99955906
1706.999000	102.90006174
1707.999000	11.76125860
1708.999000	92.91205288
1709.999000	24.82257637
1710.999000	-51.41673924
1711.999000	-14.14592635
1712.999000	-11.02926394
1713.999000	-40.93542230
1714.999000	-93.50674983
1715.999000	-32.96201793
1716.999000	-20.56161857
1717.999000	37.00147889
1718.999000	64.16707510
1719.999000	-16.26391230
1720.999000	-66.97488446
1721.999000	76.21436004
1722.999000	25.97413606
1723.999000	-32.21069222
1724.999000	104.64258677
1725.999000	5.43693984
1726.999000	-10.00873118
1727.999000	-21.50675261
1728.999000	-54.24600684
1729.999000	-77.05125485
1730.999000	-7.03174680
1731.999000	-34.15710346
1732.999000	34.72535992
1733.999000	20.89347558
1734.999000	-26.11515350
1735.999000	72.78789374
1736.999000	-100.86572293
1737.999000	49.43049107
1738.999000	28.45093460
1739.999000	-51.57509772
1740.999000	-53.28369905
1741.999000	40.43618543
1742.999000	1.58981400
1743.999000	-8.00288035
1744.999000	15.07262559
1745.999000	5.69902283
1746.999000	46.18131226
1747.999000	-171.30354124
1748.999000	-100.88735184
1749.999000	-6.97627337
1750.999000	-21.62641653
1751.999000	34.90565905
1752.999000	-64.33545226
1753.999000	34.75942277
1754.999000	-63.47551747
1755.999000	-5.88489328
1756.999000	134.48447199
1757.999000	77.95539172
1758.999000	-25.55227792
1759.999000	-127.01981780
1760.999000	94.10471985
1761.999000	-3.03475337
1762.999000	31.66129883
1763.999000	-71.58823813
1764.999000	16.34905890
1765.999000	-18.26100447
1766.999000	97.04850720
1767.999000	56.56243975
1768.999000	-42.00057361
1769.999000	-48.25595751
1770.999000	-63.27726464
1771.999000	21.68795163
1772.999000	-55.42947664
1773.999000	47.18125248
1774.999000	-15.76343797
1775.999000	63.56322346
1776.999000	64.58404297
1777.999000	-7.65341258
1778.999000	-68.62906840
1779.999000	11.48627611
1780.999000	2.53221445
1781.999000	-83.17056814
1782.999000	3.41564286
1783.999000	-55.16872123
1784.999000	-21.16396585
1785.999000	-94.96476834
1786.999000	2.54885832
1787.999000	-43.75189965
1788.999000	19.06544327
1789.999000	4.38763210
1790.999000	-56.68568078
1791.999000	-46.21186622
1792.999000	-10.06826556
1793.999000	62.90033001
1794.999000	58.65639635
1795.999000	126.54395314
1796.999000	8.22976340
1797.999000	-3.49481555
1798.999000	-17.08999426
1799.999000	-33.33640542
1800.999000	-21.32161323
1801.999000	-68.48560890
1802.999000	17.55273213
1803.999000	-18.60532166
1804.999000	-0.58396136
1805.999000	-18.66683634
1806.999000	-12.21263998
1807.999000	-17.98490943
1808.999000	-48.18965172
1809.999000	-34.16788386
1810.999000	102.44904730
1811.999000	-92.77803403
1812.999000	32.73609453
1813.999000	-50.90542267
1814.999000	-93.92994472
1815.999000	-16.05543977
1816.999000	107.11403003
1817.999000	-4.18051290
1818.999000	-61.47531227
1819.999000	-53.03158985
1820.999000	1.85531884
1821.999000	16.34891783
1822.999000	68.69530161
1823.999000	-31.20090530
1824.999000	36.47001218
1825.999000	-85.40184142
1826.999000	-35.91483907
1827.999000	16.61946942
1828.999000	-43.30727864
1829.999000	54.93210156
1830.999000	-31.64345335
1831.999000	62.40803688
1832.999000	-0.34597136
1833.999000	-15.61072762
1834.999000	42.77177970
1835.999000	24.07866717
1836.999000	-4.25417932
1837.999000	17.59685554
1838.999000	15.17974748
1839.999000	63.09579585
1840.999000	-79.11877446
1841.999000	55.68553823
1842.999000	-113.10354279
1843.999000	7.16999921
1844.999000	39.48245634
1845.999000	-15.12185613
1846.999000	-32.06164705
1847.999000	18.88461044
1848.999000	97.96040083
1849.999000	-21.26028334
1850.999000	9.39645661
1851.999000	43.33393898
1852.999000	24.68774716
1853.999000	-32.58158649
1854.999000	12.01038325
1855.999000	-12.21204567
1856.999000	15.00896765
1857.999000	42.38655854
1858.999000	-32.51547244
1859.999000	12.41803252
1860.999000	-30.37785186
1861.999000	-52.58908857
1862.999000	8.06221796
1863.999000	42.04340372
1864.999000	-2.40332969
1865.999000	-10.13525551
1866.999000	-2.52068056
1867.999000	-53.84011470
1868.999000	68.38811318
1869.999000	-121.46646857
1870.999000	-46.08834521
1871.999000	-58.30801042
1872.999000	-12.05602397
1873.999000	-36.90370620
1874.999000	79.77602122
1875.999000	33.91345093
1876.999000	18.19826377
1877.999000	-2.36039913
1878.999000	-52.92202907
1879.999000	-29.63456745
1880.999000	17.11626140
1881.999000	-49.71832979
1882.999000	-31.56766085
1883.999000	80.31681041
1884.999000	-2.46858473
1885.999000	72.60050707
1886.999000	-2.81519579
1887.999000	8.54293947
1888.999000	-12.89151472
1889.999000	38.93695105
1890.999000	4.28711117
1891.999000	5.87221180
1892.999000	-37.24548807
1893.999000	-49.07141793
1894.999000	-47.85038637
1895.999000	51.62345500
1896.999000	-60.26170332
1897.999000	35.87741236
1898.999000	60.46691487
