# F(k,t) correlation function
# Reference time: 401.001 ps
# lag_time_ps	F(k,t)
0.000000	545.53773241
2.000000	-88.11039102
4.000000	-111.67163596
6.000000	90.80728041
8.000000	-40.24088558
10.000000	24.46200973
12.000000	69.17801544
14.000000	70.95534149
16.000000	-7.68496888
18.000000	-2.25057041
20.000000	-17.65156374
22.000000	-75.95065998
24.000000	14.13293372
26.000000	48.91525441
28.000000	-10.70095909
30.000000	-4.13690894
32.000000	58.86128625
34.000000	-22.34901101
36.000000	-50.43672063
38.000000	2.10101771
40.000000	-4.33559368
42.000000	-68.55374616
44.000000	78.75133600
46.000000	62.04395401
48.000000	-68.59062506
50.000000	22.38909806
52.000000	34.21480906
54.000000	37.19921452
56.000000	39.29657862
58.000000	10.01545141
60.000000	53.85677242
62.000000	66.00513419
64.000000	96.20165205
66.000000	24.00566066
68.000000	4.68202812
70.000000	47.53510737
72.000000	-6.11573479
74.000000	-12.55112806
76.000000	44.30178439
78.000000	-2.55160265
80.000000	-90.58172474
82.000000	27.02515265
84.000000	-3.32850746
86.000000	2.28613362
88.000000	-64.83749557
90.000000	-76.11770470
92.000000	-28.25648464
94.000000	30.90821626
96.000000	72.75965820
98.000000	2.88452642
100.000000	1.40506221
102.000000	32.47678770
104.000000	3.45718405
106.000000	32.96365901
108.000000	42.48190710
110.000000	-60.71994433
112.000000	36.74915919
114.000000	-18.41316615
116.000000	-110.85959569
118.000000	5.51505245
120.000000	-20.05008737
122.000000	-129.39079478
124.000000	-35.78370705
126.000000	-2.81325660
128.000000	-5.02271398
130.000000	72.55005095
132.000000	-9.96150786
134.000000	43.53400694
136.000000	-35.91337671
138.000000	65.21106829
140.000000	0.64492631
142.000000	-73.43895965
144.000000	66.34403111
146.000000	-67.59981975
148.000000	114.10832205
150.000000	-17.65931029
152.000000	-43.50050912
154.000000	-15.36999907
156.000000	-20.99384265
158.000000	-8.41564365
160.000000	102.45793807
162.000000	72.52244044
164.000000	50.62934071
166.000000	-20.05888736
168.000000	-85.40777482
170.000000	18.58986147
172.000000	-3.28949476
174.000000	44.96856346
176.000000	-17.89941870
178.000000	-3.52847789
180.000000	16.16995295
182.000000	-21.40325791
184.000000	60.13601093
186.000000	-54.26808234
188.000000	-0.30007903
190.000000	63.15994672
192.000000	41.91345318
194.000000	40.50077923
196.000000	-31.65170263
198.000000	-50.05572872
200.000000	16.38959649
202.000000	67.79485913
204.000000	48.72265848
206.000000	86.78330562
208.000000	10.18131266
210.000000	-59.73965648
212.000000	17.16359354
214.000000	15.61851759
216.000000	24.74463376
218.000000	-9.99318916
220.000000	-19.97740176
222.000000	-72.86518154
224.000000	48.25592627
226.000000	60.08581179
228.000000	-19.97195541
230.000000	11.65134693
232.000000	12.99311946
234.000000	32.97750699
236.000000	67.59655816
238.000000	21.60097468
240.000000	28.91252673
242.000000	37.68844144
244.000000	2.96932596
246.000000	25.07641079
248.000000	49.39584894
250.000000	14.75965484
252.000000	46.37156004
254.000000	93.49715163
256.000000	-128.56868887
258.000000	64.46306746
260.000000	73.62752003
262.000000	-5.24296572
264.000000	78.35075033
266.000000	-103.64767556
268.000000	-12.31202202
270.000000	10.44492769
272.000000	101.54311135
274.000000	-43.23325911
276.000000	-24.63346622
278.000000	34.86785390
280.000000	-98.25101847
282.000000	-105.13214710
284.000000	-72.31572728
286.000000	-63.48566954
288.000000	-62.22324915
290.000000	10.68860169
292.000000	104.01417421
294.000000	32.90228597
296.000000	-15.56125020
298.000000	-3.52333674
300.000000	9.72163075
302.000000	35.98926157
304.000000	-15.48652783
306.000000	-56.76193430
308.000000	66.47387650
310.000000	-64.40109071
312.000000	-28.46613229
314.000000	20.14696173
316.000000	10.91386084
318.000000	47.24224377
320.000000	40.69834977
322.000000	74.95548601
324.000000	-0.22206909
326.000000	-19.60247696
328.000000	-11.45809319
330.000000	-24.29276219
332.000000	125.66198598
334.000000	31.35942534
336.000000	49.53789118
338.000000	-48.87207446
340.000000	-29.97859532
342.000000	53.63489596
344.000000	66.55860480
346.000000	38.62702322
348.000000	-10.44087596
350.000000	23.97432637
352.000000	60.00028545
354.000000	-30.76211387
356.000000	-3.82679680
358.000000	39.80394368
360.000000	-20.09630830
362.000000	30.34787410
364.000000	134.99779511
366.000000	45.62677248
368.000000	-97.18216517
370.000000	-13.80210963
372.000000	81.73877145
374.000000	129.11679547
376.000000	106.68861730
378.000000	-36.24241314
380.000000	-8.60076596
382.000000	34.37743914
384.000000	-34.93991616
386.000000	34.38769170
388.000000	-57.63893783
390.000000	10.38299629
392.000000	13.29593257
394.000000	-49.72777820
396.000000	23.96473212
398.000000	48.35668463
400.000000	35.74825645
402.000000	155.18849450
404.000000	22.23966051
406.000000	-17.09249018
408.000000	27.82228518
410.000000	21.08403527
412.000000	-19.06964216
414.000000	95.67550203
416.000000	14.29877792
418.000000	2.48180886
420.000000	14.05533207
422.000000	-7.88554346
424.000000	-126.44964375
426.000000	69.43594914
428.000000	0.13785290
430.000000	-23.73766944
432.000000	33.49630966
434.000000	-12.92896479
436.000000	125.85123359
438.000000	-67.16207570
440.000000	24.23507743
442.000000	49.38443510
444.000000	-10.59220730
446.000000	74.90456779
448.000000	-43.30279085
450.000000	55.14899816
452.000000	-34.02712159
454.000000	64.49874251
456.000000	8.29659921
458.000000	-26.28599547
460.000000	-30.56000354
462.000000	56.53483557
464.000000	57.29320675
466.000000	14.10147422
468.000000	103.70515218
470.000000	68.23879148
472.000000	57.50694330
474.000000	-69.40597951
476.000000	7.22739618
478.000000	23.59276934
480.000000	42.24873046
482.000000	-14.34061247
484.000000	27.02933857
486.000000	85.30081917
488.000000	73.26270258
490.000000	-6.52142455
492.000000	21.68867193
494.000000	-122.27551393
496.000000	63.49675001
498.000000	-29.76843342
500.000000	-75.37689102
502.000000	7.87648936
504.000000	63.71398884
506.000000	-69.26536463
508.000000	0.44875275
510.000000	12.87735308
512.000000	10.20905370
514.000000	-3.25419322
516.000000	10.43030578
518.000000	-9.13913079
520.000000	4.91281386
522.000000	-20.09599202
524.000000	-31.97084636
526.000000	73.23876929
528.000000	36.52221340
530.000000	12.68184827
532.000000	87.88247004
534.000000	38.32758415
536.000000	4.50511488
538.000000	-26.12798592
540.000000	-25.76541730
542.000000	-9.44712596
544.000000	25.59461910
546.000000	27.11791193
548.000000	44.43713661
550.000000	6.40478202
552.000000	-1.32243923
554.000000	29.29775806
556.000000	-75.64103700
558.000000	-85.78898237
560.000000	30.70670331
562.000000	-41.47617284
564.000000	-81.55446844
566.000000	3.39643803
568.000000	30.34616636
570.000000	-62.02730146
572.000000	12.93640102
574.000000	79.52583687
576.000000	-27.68109674
578.000000	54.80260274
580.000000	-5.08231440
582.000000	86.51111982
584.000000	49.61264613
586.000000	-58.42019926
588.000000	17.65078520
590.000000	18.02145293
592.000000	-36.89313908
594.000000	79.66665493
596.000000	32.77227196
598.000000	-39.14946635
600.000000	-20.26176162
602.000000	136.08190239
604.000000	-5.91804493
606.000000	-53.19162777
608.000000	35.19331100
610.000000	-60.82989381
612.000000	-2.59200459
614.000000	4.48263962
616.000000	69.35462961
618.000000	54.98827018
620.000000	-118.59679775
622.000000	48.97616924
624.000000	10.24632924
626.000000	80.47412314
628.000000	104.66062720
630.000000	-5.62654091
632.000000	-2.29360144
634.000000	-75.03772093
636.000000	-29.67926646
638.000000	32.01582032
640.000000	14.90597585
642.000000	-100.61250747
644.000000	75.49174192
646.000000	-0.82449003
648.000000	-61.38100519
650.000000	66.54156353
652.000000	-9.25752812
654.000000	-16.95719596
656.000000	-44.98613689
658.000000	66.39598404
660.000000	-22.94627225
662.000000	-46.68627961
664.000000	127.42039610
666.000000	34.61525294
668.000000	-25.69385025
670.000000	-104.49174347
672.000000	0.70890872
674.000000	42.29434625
676.000000	34.90778069
678.000000	-52.41303171
680.000000	-18.71865539
682.000000	-35.85771605
684.000000	-27.30079335
686.000000	-78.79127138
688.000000	25.92531343
690.000000	4.20169096
692.000000	45.50816896
694.000000	16.39302417
696.000000	-68.73825199
698.000000	124.50935806
700.000000	15.18339444
702.000000	-71.52620371
704.000000	51.55525417
706.000000	59.79997188
708.000000	16.30723399
710.000000	5.19123853
712.000000	42.92262679
714.000000	2.07424731
716.000000	30.48975208
718.000000	-5.98106832
720.000000	36.48893008
722.000000	24.13922250
724.000000	-51.48861784
726.000000	-27.46923273
728.000000	-2.12355237
730.000000	10.24187325
732.000000	-3.72515696
734.000000	33.75077037
736.000000	-25.40197029
738.000000	107.54426307
740.000000	24.99178520
742.000000	2.56017411
744.000000	-15.73973294
746.000000	41.97747624
748.000000	-62.44564230
750.000000	18.42935535
752.000000	16.41181817
754.000000	-24.52253257
756.000000	80.88685508
758.000000	23.90695991
760.000000	-3.49150075
762.000000	-88.79875043
764.000000	-41.89958633
766.000000	56.61584332
768.000000	-58.48996699
770.000000	-22.97798211
772.000000	12.35286620
774.000000	-64.52905739
776.000000	-24.21496697
778.000000	-30.07428417
780.000000	-139.60697184
782.000000	10.01325964
784.000000	-15.20437428
786.000000	-13.51003289
788.000000	-31.66574679
790.000000	20.89647965
792.000000	-15.76539176
794.000000	48.98529392
796.000000	20.15843666
798.000000	-33.14794953
800.000000	67.22419378
802.000000	-45.84666296
804.000000	-74.36728803
806.000000	128.46117043
808.000000	-37.79209911
810.000000	-24.04074727
812.000000	-78.70176263
814.000000	-11.27774834
816.000000	-77.68592247
818.000000	41.62778205
820.000000	56.64980653
822.000000	-20.87904990
824.000000	-71.32328943
826.000000	44.49120238
828.000000	-54.13809542
830.000000	-12.92199947
832.000000	-65.94551985
834.000000	-12.14236585
836.000000	-23.16812277
838.000000	59.21532165
840.000000	12.97431684
842.000000	-72.83664875
844.000000	98.86653000
846.000000	64.77278179
848.000000	-68.89499268
850.000000	-71.98903005
852.000000	33.26632899
854.000000	-44.67355829
856.000000	40.73692347
858.000000	74.97724267
860.000000	44.39487872
862.000000	3.81041549
864.000000	-45.14785973
866.000000	-12.44997292
868.000000	58.70474326
870.000000	-11.19668315
872.000000	-34.69547820
874.000000	11.42686823
876.000000	-42.22378469
878.000000	62.91044271
880.000000	113.27409683
882.000000	24.25266455
884.000000	-61.03260257
886.000000	2.74562319
888.000000	64.76026688
890.000000	-25.86149059
892.000000	-17.21880469
894.000000	-12.35764640
896.000000	122.26373208
898.000000	29.54626796
900.000000	-126.33357970
902.000000	-34.10356839
904.000000	-49.38320029
906.000000	29.67652537
908.000000	-38.10588843
910.000000	-78.68338883
912.000000	-68.94581522
914.000000	-31.78918997
916.000000	23.17766675
918.000000	-4.52677388
920.000000	31.23650802
922.000000	-65.45728854
924.000000	65.30849520
926.000000	49.06269587
928.000000	16.82130127
930.000000	39.16075591
932.000000	-43.95610554
934.000000	-31.84249931
936.000000	6.41427452
938.000000	-44.92902941
940.000000	34.57212268
942.000000	-60.54602295
944.000000	53.88610392
946.000000	-9.69492820
948.000000	-42.16813953
950.000000	9.16938514
952.000000	18.93680032
954.000000	-1.60904979
956.000000	39.11598146
958.000000	-107.52237468
960.000000	27.28876891
962.000000	-26.19534875
964.000000	11.61061509
966.000000	77.21668066
968.000000	31.15670532
970.000000	-61.85178683
972.000000	30.05933694
974.000000	-42.03369861
976.000000	78.86756584
978.000000	-65.17103895
980.000000	-10.24281308
982.000000	53.58114041
984.000000	10.12077958
986.000000	10.91651132
988.000000	-12.61325233
990.000000	28.77877197
992.000000	-73.45832933
994.000000	-36.59804500
996.000000	-29.93898077
998.000000	-25.25136856
1000.000000	1.74578593
1002.000000	-28.01004140
1004.000000	-52.13191215
1006.000000	-32.01493725
1008.000000	-29.57605022
1010.000000	-83.26389678
1012.000000	-7.36307692
1014.000000	19.18597698
1016.000000	13.74919304
1018.000000	-6.22014236
1020.000000	-11.65959545
1022.000000	7.66586483
1024.000000	13.87787022
1026.000000	61.02439859
1028.000000	-29.52746781
1030.000000	40.56569135
1032.000000	111.87409156
1034.000000	-100.89167803
1036.000000	-6.95977241
1038.000000	-27.74839192
1040.000000	41.10965166
1042.000000	-19.72261505
1044.000000	-33.47320813
1046.000000	22.21018233
1048.000000	4.18534358
1050.000000	-62.74009006
1052.000000	-20.69661056
1054.000000	-56.21385112
1056.000000	-66.63685135
1058.000000	0.45572788
1060.000000	-37.15871108
1062.000000	17.06935657
1064.000000	-47.50680049
1066.000000	-41.54421305
1068.000000	-88.75502083
1070.000000	22.30356595
1072.000000	-86.25433206
1074.000000	-72.93172518
1076.000000	-13.75746020
1078.000000	26.85272784
1080.000000	90.37525093
1082.000000	46.93788333
1084.000000	-5.22955675
1086.000000	-4.89364508
1088.000000	144.76288703
1090.000000	38.13742097
1092.000000	87.41696486
1094.000000	-21.74436302
1096.000000	-68.07296634
1098.000000	4.95394042
1100.000000	12.38206679
1102.000000	33.79357251
1104.000000	-38.52820407
1106.000000	14.51334620
1108.000000	-19.84403011
1110.000000	35.64647040
1112.000000	9.19496302
1114.000000	6.93874395
1116.000000	20.60507851
1118.000000	-58.44201565
1120.000000	-53.89598021
1122.000000	-19.96329816
1124.000000	-50.89069541
1126.000000	46.34826862
1128.000000	-23.97289092
1130.000000	-17.32545722
1132.000000	42.12702240
1134.000000	51.10286903
1136.000000	-50.31752478
1138.000000	37.02446212
1140.000000	54.23643859
1142.000000	42.18883143
1144.000000	56.91883808
1146.000000	48.60058318
1148.000000	26.97196830
1150.000000	-1.88041437
1152.000000	-51.61125536
1154.000000	-78.72310658
1156.000000	-53.43150488
1158.000000	-23.51894090
1160.000000	-29.75484424
1162.000000	92.50723661
1164.000000	110.22780766
1166.000000	-17.09079567
1168.000000	1.62755690
1170.000000	-1.70852852
1172.000000	-11.83310795
1174.000000	-22.92667826
1176.000000	8.63527219
1178.000000	51.92662996
1180.000000	-84.75028787
1182.000000	-31.97137302
1184.000000	-4.56519540
1186.000000	74.97890034
1188.000000	-35.04060029
1190.000000	3.79098341
1192.000000	82.50838535
1194.000000	-17.02189434
1196.000000	-57.92513678
1198.000000	-8.74375865
1200.000000	-16.44968774
1202.000000	-22.78822792
1204.000000	-24.60370694
1206.000000	-33.52181424
1208.000000	16.36255533
1210.000000	47.66788988
1212.000000	-10.09029116
1214.000000	-5.26792702
1216.000000	-24.01712749
1218.000000	-38.09505147
1220.000000	-11.74604872
1222.000000	115.58047078
1224.000000	35.89011988
1226.000000	0.85171658
1228.000000	-90.36122437
1230.000000	4.89924644
1232.000000	36.99475451
1234.000000	-33.30014516
1236.000000	19.59313607
1238.000000	6.52125763
1240.000000	29.13182245
1242.000000	-8.11555853
1244.000000	73.14718093
1246.000000	-72.81107746
1248.000000	91.17267082
1250.000000	-6.46755495
1252.000000	-101.63893143
1254.000000	-77.79486450
1256.000000	48.81314137
1258.000000	34.86250832
1260.000000	-75.08078499
1262.000000	38.26283537
1264.000000	-3.59830890
1266.000000	34.31310113
1268.000000	-2.22556996
1270.000000	55.71268689
1272.000000	11.27129883
1274.000000	88.68668477
1276.000000	-50.59145577
1278.000000	58.24750102
1280.000000	15.81097253
1282.000000	-79.00387849
1284.000000	27.12015111
1286.000000	-45.66506452
1288.000000	77.62619254
1290.000000	102.07197261
1292.000000	-4.45385296
1294.000000	5.81480704
1296.000000	-50.52326088
1298.000000	121.96681422
1300.000000	-26.66494815
1302.000000	-11.41291501
1304.000000	-1.03301499
1306.000000	-28.75267538
1308.000000	10.89840764
1310.000000	-14.20893230
1312.000000	39.82226247
1314.000000	-35.60042049
1316.000000	-71.52164856
1318.000000	28.35492896
1320.000000	-69.92436525
1322.000000	-65.79055433
1324.000000	86.87478671
1326.000000	89.64010623
1328.000000	57.71922309
1330.000000	64.79024350
1332.000000	50.21137175
1334.000000	11.70156311
1336.000000	38.46195969
1338.000000	58.26616296
1340.000000	43.67414654
1342.000000	12.90085159
1344.000000	88.95391161
1346.000000	52.46663655
1348.000000	51.35908618
1350.000000	109.03278148
1352.000000	-63.95818294
1354.000000	-92.48470229
1356.000000	-51.00842307
1358.000000	67.28979577
1360.000000	-30.21129333
1362.000000	-1.80554628
1364.000000	3.02303063
1366.000000	-14.56542281
1368.000000	39.43988266
1370.000000	101.81661779
1372.000000	-41.75458057
1374.000000	-73.44643625
1376.000000	119.04577538
1378.000000	-16.82965525
1380.000000	-86.11186291
1382.000000	-17.57123946
1384.000000	-124.20674237
1386.000000	-40.24524938
1388.000000	56.53947725
1390.000000	129.64953183
1392.000000	-17.19716731
1394.000000	22.12266348
1396.000000	-12.27007043
1398.000000	57.61861645
1400.000000	71.48492292
1402.000000	11.73849612
1404.000000	-47.48339807
1406.000000	9.44036404
1408.000000	-48.99423394
1410.000000	95.43197033
1412.000000	23.83998955
1414.000000	27.53845402
1416.000000	-25.71692795
1418.000000	33.61362589
1420.000000	28.31153578
1422.000000	31.40628027
1424.000000	80.16995865
1426.000000	74.18698532
1428.000000	-0.56032577
1430.000000	-1.06441393
1432.000000	121.65567532
1434.000000	-77.37599628
1436.000000	-21.00796715
1438.000000	-24.90535540
1440.000000	36.91719680
1442.000000	-45.54451055
1444.000000	-27.52028914
1446.000000	64.54992861
1448.000000	6.08617517
1449.000000	9.07990081
1450.000000	-8.89563129
1451.000000	38.35021183
1452.000000	-20.03316604
1453.000000	-19.76932065
1454.000000	82.48170505
1455.000000	90.47265259
1456.000000	-27.55730401
1457.000000	-9.70109707
1458.000000	21.43059289
1459.000000	-34.86242472
1460.000000	83.80214286
1461.000000	-80.77664464
1462.000000	25.68248292
1463.000000	48.13026190
1464.000000	101.45060467
1465.000000	-40.39077661
1466.000000	89.75349180
1467.000000	1.27193633
1468.000000	64.31854011
1469.000000	56.80172850
1470.000000	-86.93990519
1471.000000	-42.07793930
1472.000000	-97.38900380
1473.000000	-1.39591988
1474.000000	19.70322912
1475.000000	35.87483726
1476.000000	40.00703688
1477.000000	48.92764130
1478.000000	-86.99477501
1479.000000	1.34797196
1480.000000	-50.47017363
1481.000000	41.48391053
1482.000000	-78.86414712
1483.000000	7.98187505
1484.000000	70.78714271
1485.000000	60.43395493
1486.000000	-74.92567850
1487.000000	-53.42790665
1488.000000	49.75662436
1489.000000	-38.24629200
1490.000000	-97.91857735
1491.000000	13.23247544
1492.000000	-33.64049025
1493.000000	32.67710520
1494.000000	34.89043266
1495.000000	5.61467783
1496.000000	9.23801678
1497.000000	13.36986079
1498.000000	-5.44683050
1499.000000	65.13161144
1500.000000	-11.27046380
1501.000000	-102.31254303
1502.000000	21.89258316
1503.000000	5.95617625
1504.000000	37.27796257
1505.000000	-24.88601325
1506.000000	10.13100326
1507.000000	2.27146997
1508.000000	26.82148474
1509.000000	6.79362965
1510.000000	-51.66678918
1511.000000	-18.02318507
1512.000000	4.62132084
1513.000000	-14.23310523
1514.000000	-21.92910515
1515.000000	19.05364796
1516.000000	-9.09792801
1517.000000	-32.68471853
1518.000000	-87.39195243
1519.000000	-12.64581141
1520.000000	-0.22214902
1521.000000	-121.65915721
1522.000000	-52.67285556
1523.000000	107.21089788
1524.000000	31.17467491
1525.000000	-32.79796442
1526.000000	-19.18520278
1527.000000	-26.88480258
1528.000000	-53.99649713
1529.000000	-10.78796450
1530.000000	26.48204069
1531.000000	-125.01779158
1532.000000	-90.98196968
1533.000000	-87.36222899
1534.000000	-7.31157658
1535.000000	40.81074398
1536.000000	-29.06354069
1537.000000	8.63950142
1538.000000	58.72289573
1539.000000	-83.03654383
1540.000000	54.88725380
1541.000000	-33.08945826
1542.000000	-84.87479339
1543.000000	89.65880749
1544.000000	-25.47797731
1545.000000	-46.69954800
1546.000000	-77.09433137
1547.000000	22.12048037
1548.000000	-3.30979731
1549.000000	20.73149393
1550.000000	-92.93573293
1551.000000	-44.18610900
1552.000000	17.23699353
1553.000000	36.10711334
1554.000000	32.31554812
1555.000000	-10.82204683
1556.000000	-14.93618681
1557.000000	-37.84886217
1558.000000	79.73844210
1559.000000	-44.10622491
1560.000000	84.89174259
1561.000000	8.59043215
1562.000000	19.89123017
1563.000000	77.83371539
1564.000000	19.24246111
1565.000000	-98.34882636
1566.000000	-21.23581595
1567.000000	-15.82389389
1568.000000	-60.78934771
1569.000000	-2.88736683
1570.000000	29.81384951
1571.000000	-25.59281454
1572.000000	-97.64109333
1573.000000	30.30673051
1574.000000	77.72077745
1575.000000	-71.56790935
1576.000000	-104.60403202
1577.000000	73.72758708
1578.000000	-36.51803958
1579.000000	-88.99683952
1580.000000	-166.53186247
1581.000000	-9.22186395
1582.000000	-29.98950313
1583.000000	72.75519719
1584.000000	5.99873766
1585.000000	-39.04632999
1586.000000	-69.53540830
1587.000000	54.31143347
1588.000000	-8.17232913
1589.000000	-52.83790844
1590.000000	-72.12726059
1591.000000	-29.06189538
1592.000000	34.86301805
1593.000000	-11.62277017
1594.000000	-31.07780347
1595.000000	27.84825673
1596.000000	-22.82868721
1597.000000	-21.36708677
1598.000000	0.87584566
1599.000000	-55.23813487
1600.000000	62.85758066
1601.000000	94.50507330
1602.000000	-33.09105985
1603.000000	-106.16989123
1604.000000	-54.32989883
1605.000000	-8.84042802
1606.000000	25.00161203
1607.000000	-15.68377788
1608.000000	15.91816107
1609.000000	-11.64943844
1610.000000	89.94640679
1611.000000	58.84166581
1612.000000	100.59091377
1613.000000	78.16549887
1614.000000	5.77043555
1615.000000	-13.20119110
1616.000000	45.59194014
1617.000000	60.80912938
1618.000000	14.52157285
1619.000000	-44.06482414
1620.000000	-56.80876780
1621.000000	82.26173468
1622.000000	-0.94143443
1623.000000	115.17964560
1624.000000	-26.28764300
1625.000000	49.58534263
1626.000000	-35.80024012
1627.000000	30.53800268
1628.000000	25.01703863
1629.000000	9.48285577
1630.000000	3.64525662
1631.000000	-13.30726147
1632.000000	-46.67087039
1633.000000	28.19485212
1634.000000	25.65306160
1635.000000	52.80328492
1636.000000	-18.52952689
1637.000000	-55.56052777
1638.000000	-12.26017794
1639.000000	115.81191279
1640.000000	16.58788568
1641.000000	53.64176965
1642.000000	66.85201833
1643.000000	8.79885378
1644.000000	54.19932679
1645.000000	-14.20015518
1646.999000	-48.53699364
1647.999000	9.29636197
1648.999000	-15.30824791
1649.999000	8.60570834
1650.999000	-11.35835859
1651.999000	43.35566782
1652.999000	-20.36401374
1653.999000	3.57054021
1654.999000	61.93155850
1655.999000	48.14261192
1656.999000	-37.62183520
1657.999000	25.85437600
1658.999000	21.11243736
1659.999000	73.94829111
1660.999000	-7.08743656
1661.999000	2.04950477
1662.999000	-74.19799438
1663.999000	36.07173116
1664.999000	13.05121431
1665.999000	33.31873286
1666.999000	-2.89175320
1667.999000	-74.05678609
1668.999000	44.62805674
1669.999000	-23.76006343
1670.999000	-47.46445277
1671.999000	55.41968201
1672.999000	8.46077131
1673.999000	68.97646197
1674.999000	-41.75364422
1675.999000	-70.97416582
1676.999000	61.11786222
1677.999000	106.24015909
1678.999000	-37.06290032
1679.999000	32.27625308
1680.999000	84.40669181
1681.999000	35.20931053
1682.999000	3.24091680
1683.999000	-77.63759474
1684.999000	84.72223769
1685.999000	16.92629374
1686.999000	85.09904729
1687.999000	-37.73334297
1688.999000	-22.40897361
1689.999000	11.49179346
1690.999000	-29.16405214
1691.999000	6.77861282
1692.999000	-33.45200042
1693.999000	-55.89898366
1694.999000	-14.72380239
1695.999000	73.38924587
1696.999000	-45.37128306
1697.999000	-62.25844453
1698.999000	78.39703817
1699.999000	-68.71279151
1700.999000	49.22613021
1701.999000	-81.36379847
1702.999000	-33.43047773
1703.999000	22.11292605
1704.999000	21.09409224
1705.999000	6.18945393
1706.999000	-21.37516064
1707.999000	-38.27354719
1708.999000	-7.68957125
1709.999000	-72.95509526
1710.999000	38.01037530
1711.999000	-32.01693706
1712.999000	-9.33893034
1713.999000	76.88805616
1714.999000	-78.11644249
1715.999000	-103.63551784
1716.999000	-66.83765273
1717.999000	-61.61029163
1718.999000	37.43153046
1719.999000	-70.17882441
1720.999000	-4.09359487
1721.999000	-1.23768499
1722.999000	30.72286947
1723.999000	42.53254178
1724.999000	-4.64200961
1725.999000	-37.18350452
1726.999000	-13.29188430
1727.999000	24.23585767
1728.999000	-74.84064710
1729.999000	-17.73579359
1730.999000	44.25039157
1731.999000	76.09823963
1732.999000	-48.37233934
1733.999000	-162.36733821
1734.999000	39.81417657
1735.999000	8.08447199
1736.999000	-57.20231872
1737.999000	-24.31817084
1738.999000	-77.58848799
1739.999000	-60.50916314
1740.999000	-46.54820989
1741.999000	20.38701566
1742.999000	-47.11904818
1743.999000	2.12087464
1744.999000	-39.20087249
1745.999000	51.71251159
1746.999000	38.50347560
1747.999000	55.15413924
1748.999000	-116.23851437
1749.999000	-38.82609420
1750.999000	6.68478227
1751.999000	-27.88965605
1752.999000	22.87836909
1753.999000	-59.20518334
1754.999000	59.07771244
1755.999000	57.67002845
1756.999000	26.66910207
1757.999000	-60.96921365
1758.999000	-79.12408262
1759.999000	-13.86721588
1760.999000	40.91178167
1761.999000	-5.04273777
1762.999000	-19.34505630
1763.999000	19.66974692
1764.999000	69.86433877
1765.999000	7.96875883
1766.999000	-59.67441365
1767.999000	31.74166951
1768.999000	-4.57871834
1769.999000	-9.87256951
1770.999000	-15.75107239
1771.999000	27.09897982
1772.999000	-109.59059402
1773.999000	-33.09302139
1774.999000	-121.66513272
1775.999000	-56.74073411
1776.999000	34.09421919
1777.999000	47.95493495
1778.999000	-26.89685614
1779.999000	-84.34991656
1780.999000	76.69995572
1781.999000	-20.04233504
1782.999000	37.14835080
1783.999000	40.94790713
1784.999000	-57.07094560
1785.999000	1.89148004
1786.999000	42.43229909
1787.999000	-102.41850271
1788.999000	-80.89813102
1789.999000	8.68023526
1790.999000	50.38462896
1791.999000	-11.13699687
1792.999000	-47.71060303
1793.999000	34.18271317
1794.999000	-6.57559680
1795.999000	-92.13828186
1796.999000	37.73493130
1797.999000	50.15381766
1798.999000	84.39077850
1799.999000	-55.57532738
1800.999000	35.03148172
1801.999000	-23.27539641
1802.999000	-168.33386103
1803.999000	60.50333953
1804.999000	-146.09916772
1805.999000	-43.75595881
1806.999000	44.32088473
1807.999000	19.20144592
1808.999000	43.62387714
1809.999000	83.58750033
1810.999000	-107.19952882
1811.999000	50.38024579
1812.999000	62.61727700
1813.999000	15.46521507
1814.999000	14.39293098
1815.999000	5.99057412
1816.999000	-23.89084862
1817.999000	34.41586365
1818.999000	-75.14631383
1819.999000	5.82384380
1820.999000	43.45502922
1821.999000	-43.81173427
1822.999000	24.54428099
1823.999000	-27.85674968
1824.999000	51.66286481
1825.999000	-11.38260542
1826.999000	23.37531144
1827.999000	-33.96390768
1828.999000	-42.06245602
1829.999000	40.75897636
1830.999000	-73.70094826
1831.999000	121.69454937
1832.999000	-10.33913888
1833.999000	7.01826894
1834.999000	-6.16432200
1835.999000	-46.81319720
1836.999000	17.65072374
1837.999000	54.24674564
1838.999000	-36.51013453
1839.999000	-63.37294630
1840.999000	18.82667155
1841.999000	-4.03818435
1842.999000	12.31781857
1843.999000	-149.22957895
1844.999000	-41.53205005
1845.999000	-2.81054322
1846.999000	33.28705981
1847.999000	-27.55916758
1848.999000	55.59905725
1849.999000	-60.01194123
1850.999000	-36.11645387
1851.999000	129.06363737
1852.999000	44.40782459
1853.999000	60.40705091
1854.999000	-128.09559777
1855.999000	14.62967059
1856.999000	34.12837270
1857.999000	31.11563741
1858.999000	-12.03580352
1859.999000	7.63388618
1860.999000	-54.11402779
1861.999000	-12.15398957
1862.999000	12.15208618
1863.999000	-67.83691776
1864.999000	-39.47535464
1865.999000	58.17685440
1866.999000	18.05146905
1867.999000	-54.36751495
1868.999000	56.65680221
1869.999000	-109.98759538
1870.999000	-99.42547669
1871.999000	33.14745260
1872.999000	-53.25414251
1873.999000	-2.37372797
1874.999000	-86.92068413
1875.999000	19.05257115
1876.999000	-46.20146842
1877.999000	52.56773543
1878.999000	39.48286867
1879.999000	26.91663483
1880.999000	48.99058120
1881.999000	-8.93852514
1882.999000	-6.07308741
1883.999000	-12.46085436
1884.999000	-39.64041015
1885.999000	31.03843601
1886.999000	-84.04764396
1887.999000	97.73485608
1888.999000	29.59952560
1889.999000	151.72961060
1890.999000	-0.20257248
1891.999000	-33.53683863
1892.999000	-29.79136149
1893.999000	-23.00136092
1894.999000	-34.11291567
1895.999000	-17.36354296
1896.999000	-9.22165431
1897.999000	-25.58143135
1898.999000	81.35467797
