# F(k,t) correlation function
# Reference time: 1406.001 ps
# lag_time_ps	F(k,t)
0.000000	436.22045283
1.000000	14.62678480
3.000000	31.65789868
5.000000	-14.68492462
7.000000	37.18490537
9.000000	3.60482770
11.000000	-103.14868743
13.000000	-18.78322188
15.000000	41.40931037
17.000000	62.62594933
19.000000	21.85346505
21.000000	10.70209699
23.000000	33.13358639
25.000000	67.85637808
27.000000	-71.34736436
29.000000	-31.39120739
31.000000	94.36935117
33.000000	-158.98483814
35.000000	-1.50892030
37.000000	-0.16056247
39.000000	7.20876704
41.000000	89.70283384
43.000000	-42.63128874
45.000000	8.05445213
47.000000	-52.86139370
49.000000	115.71663277
51.000000	-68.27624980
53.000000	106.51671652
55.000000	25.74462264
57.000000	55.79249173
59.000000	50.94523281
61.000000	57.91142972
63.000000	58.87814069
65.000000	-11.91023965
67.000000	57.17735645
69.000000	-23.72983063
71.000000	37.68900845
73.000000	75.45197980
75.000000	-117.77833922
77.000000	-8.40788257
79.000000	-2.43235551
81.000000	-89.91658597
83.000000	-49.87080089
85.000000	25.59192206
87.000000	-5.30105090
89.000000	71.66241090
91.000000	-19.91785220
93.000000	-44.96646270
95.000000	29.19795568
97.000000	-42.19640457
99.000000	15.53010195
101.000000	91.70523084
103.000000	-33.00292207
105.000000	64.28610873
107.000000	66.59436216
109.000000	34.44147794
111.000000	52.83570408
113.000000	-7.55868996
115.000000	-13.65281120
117.000000	52.66568326
119.000000	-10.42687998
121.000000	18.34573062
123.000000	-9.07889056
125.000000	-59.72661169
127.000000	23.25115157
129.000000	-33.06758173
131.000000	-91.44981379
133.000000	24.85257907
135.000000	59.77857146
137.000000	51.35534661
139.000000	-21.12558904
141.000000	-8.21381021
143.000000	-27.05192702
145.000000	-78.09544753
147.000000	-51.35326884
149.000000	18.44926535
151.000000	-9.05216916
153.000000	-62.68301198
155.000000	-80.35095558
157.000000	-78.72310908
159.000000	30.96255806
161.000000	-30.13362878
163.000000	-3.87828351
165.000000	-54.37771888
167.000000	-25.54638210
169.000000	-7.44199107
171.000000	-49.58416228
173.000000	49.38224993
175.000000	-24.63760844
177.000000	8.01885030
179.000000	6.84699220
181.000000	-2.73026162
183.000000	68.39905986
185.000000	42.68032005
187.000000	-25.96654519
189.000000	-15.71880246
191.000000	49.92361364
193.000000	35.70903444
195.000000	21.03558488
197.000000	77.26200987
199.000000	-23.13039774
201.000000	-19.49357605
203.000000	33.60202891
205.000000	-28.57536794
207.000000	-4.17287339
209.000000	-14.53897111
211.000000	9.07895416
213.000000	-48.62752416
215.000000	-17.23758187
217.000000	-22.82336444
219.000000	58.72157015
221.000000	-35.07854553
223.000000	-139.14230527
225.000000	22.35332135
227.000000	55.68184751
229.000000	-21.86633616
231.000000	-8.89371841
233.000000	-15.52030553
235.000000	45.63718741
237.000000	-7.80224793
239.000000	76.73361863
241.000000	30.66896874
243.000000	-59.74678748
245.000000	52.91822349
247.000000	33.52643595
249.000000	-43.05839397
251.000000	2.38011597
253.000000	-53.33002652
255.000000	-44.70031335
257.000000	137.32256233
259.000000	-65.96926156
261.000000	-32.94598321
263.000000	77.23301214
265.000000	-6.59470658
267.000000	-83.51281013
269.000000	37.66601540
271.000000	10.93796470
273.000000	-83.19421994
275.000000	115.26477788
277.000000	22.72287003
279.000000	-55.12545865
281.000000	-40.22227291
283.000000	59.51802460
285.000000	89.52762452
287.000000	-21.14400145
289.000000	-13.43788628
291.000000	-45.65990506
293.000000	44.32125495
295.000000	35.91771729
297.000000	72.59192900
299.000000	-3.02013712
301.000000	-130.26019355
303.000000	33.19124406
305.000000	-13.87439561
307.000000	16.27102796
309.000000	73.63073861
311.000000	10.78614555
313.000000	54.99719680
315.000000	69.65692908
317.000000	43.52638510
319.000000	24.83020777
321.000000	-7.26350897
323.000000	69.76360736
325.000000	75.33266706
327.000000	-134.33119582
329.000000	-9.14984915
331.000000	-65.44662988
333.000000	22.24712299
335.000000	7.09248490
337.000000	59.94195611
339.000000	-53.56141876
341.000000	0.49429936
343.000000	2.55864256
345.000000	-31.87448154
347.000000	-58.04499904
349.000000	-78.35228422
351.000000	-19.33820118
353.000000	59.98143190
355.000000	50.74166787
357.000000	56.66061164
359.000000	12.09881224
361.000000	12.81140979
363.000000	59.76806164
365.000000	55.42257152
367.000000	1.01394881
369.000000	-81.23477597
371.000000	0.15662279
373.000000	-99.12239020
375.000000	-32.17549610
377.000000	-6.32360815
379.000000	-22.69961763
381.000000	9.66858220
383.000000	-25.36165097
385.000000	15.20062218
387.000000	43.83641767
389.000000	-15.63180092
391.000000	-69.31048295
393.000000	111.30644543
395.000000	4.23529969
397.000000	25.01192970
399.000000	-30.77145718
401.000000	92.38989115
403.000000	-26.71796024
405.000000	83.13988454
407.000000	39.92070365
409.000000	60.97378913
411.000000	-93.30416714
413.000000	42.51063371
415.000000	-87.86952724
417.000000	-30.85622124
419.000000	108.43624552
421.000000	33.69344510
423.000000	21.87131620
425.000000	-27.80473954
427.000000	83.64345834
429.000000	-58.67758147
431.000000	-9.40387986
433.000000	56.36385796
435.000000	49.12279326
437.000000	-30.62487206
439.000000	41.25731445
441.000000	40.76393657
443.000000	-3.70820162
444.000000	29.55692423
445.000000	-16.96716172
446.000000	36.91156906
447.000000	29.51248740
448.000000	19.75962182
449.000000	19.88049081
450.000000	42.89075805
451.000000	18.28824767
452.000000	-35.54594230
453.000000	-15.73896722
454.000000	-97.73136522
455.000000	44.69678963
456.000000	34.79341942
457.000000	-38.50246394
458.000000	-45.70456398
459.000000	2.27337228
460.000000	20.36554033
461.000000	-42.38563428
462.000000	24.65353701
463.000000	27.93525362
464.000000	-52.53361842
465.000000	89.55741955
466.000000	-69.12360408
467.000000	57.39427702
468.000000	11.45486148
469.000000	75.18760887
470.000000	-56.44462926
471.000000	-14.91808618
472.000000	3.37410090
473.000000	-51.96451487
474.000000	-3.29798277
475.000000	45.12144426
476.000000	-51.50691575
477.000000	-22.19652466
478.000000	-82.73275627
479.000000	-12.41386936
480.000000	75.19586148
481.000000	16.43474132
482.000000	-2.17631943
483.000000	-26.84059749
484.000000	22.51322010
485.000000	-47.57407768
486.000000	112.17824516
487.000000	-47.19566138
488.000000	41.27205199
489.000000	33.04175359
490.000000	25.92407135
491.000000	32.73638816
492.000000	20.45098456
493.000000	67.58785496
494.000000	40.36614801
495.000000	-50.63096175
496.000000	28.70408703
497.000000	28.30757765
498.000000	-83.18836162
499.000000	-89.85881586
500.000000	-69.99655087
501.000000	-65.72313307
502.000000	3.26352077
503.000000	1.98445553
504.000000	-17.53710667
505.000000	3.61742657
506.000000	-42.00855752
507.000000	15.22239342
508.000000	-58.54586389
509.000000	66.52745744
510.000000	2.30735514
511.000000	129.09828426
512.000000	-1.06058403
513.000000	-69.32327376
514.000000	-54.92608513
515.000000	-3.75704390
516.000000	-124.66587176
517.000000	21.54814469
518.000000	-10.24113309
519.000000	18.91697340
520.000000	-35.62601197
521.000000	37.78531422
522.000000	49.18926292
523.000000	-40.67647092
524.000000	30.40713319
525.000000	-7.90754794
526.000000	31.58718020
527.000000	-3.71169865
528.000000	33.23620285
529.000000	25.94768294
530.000000	-15.61619454
531.000000	64.00137796
532.000000	28.07640085
533.000000	-42.25391447
534.000000	-88.75068599
535.000000	-12.67657879
536.000000	8.77687227
537.000000	79.22636951
538.000000	-155.62732542
539.000000	-9.75590795
540.000000	6.93605979
541.000000	-57.60268329
542.000000	-65.94421836
543.000000	-111.34979048
544.000000	-19.83405590
545.000000	53.16695709
546.000000	-29.65658191
547.000000	44.71097773
548.000000	-22.73762275
549.000000	-42.37710466
550.000000	37.33070450
551.000000	-63.44173676
552.000000	-79.37116010
553.000000	23.30514386
554.000000	-58.64783189
555.000000	7.99199320
556.000000	-56.51983054
557.000000	-47.58077485
558.000000	-89.94064075
559.000000	57.33149537
560.000000	42.14127132
561.000000	-21.93334411
562.000000	-10.62710226
563.000000	-12.04653510
564.000000	-60.72015639
565.000000	15.14406578
566.000000	-1.36372710
567.000000	-47.86577725
568.000000	5.59259804
569.000000	17.16987804
570.000000	84.90337590
571.000000	7.53151345
572.000000	78.83083175
573.000000	-30.44964117
574.000000	7.28322940
575.000000	23.45512794
576.000000	-37.43461961
577.000000	102.85234548
578.000000	-37.04457137
579.000000	-85.37908362
580.000000	-10.94286724
581.000000	-51.19322675
582.000000	-27.77479981
583.000000	14.31179035
584.000000	-48.25587282
585.000000	-40.21121878
586.000000	87.99740066
587.000000	-62.10956020
588.000000	-7.49670670
589.000000	40.86415552
590.000000	-48.93063821
591.000000	3.35707205
592.000000	34.19561556
593.000000	12.93728773
594.000000	74.77848847
595.000000	-48.50008243
596.000000	8.16021268
597.000000	34.98911027
598.000000	1.63681862
599.000000	79.09868306
600.000000	-11.22358134
601.000000	69.86695587
602.000000	-15.45618288
603.000000	37.56304663
604.000000	-20.41430591
605.000000	8.47434937
606.000000	53.63285647
607.000000	14.80054510
608.000000	9.28103173
609.000000	29.30872045
610.000000	5.47901449
611.000000	-27.22513860
612.000000	8.31251196
613.000000	-61.71278461
614.000000	9.66397357
615.000000	35.12755574
616.000000	33.14416025
617.000000	-71.42131897
618.000000	-23.21313758
619.000000	-21.96006930
620.000000	-55.82778111
621.000000	-74.13619917
622.000000	82.95544623
623.000000	30.82464282
624.000000	-12.60286264
625.000000	40.67593672
626.000000	-11.67559622
627.000000	86.60953727
628.000000	17.14453945
629.000000	-78.97504303
630.000000	-15.88110343
631.000000	-45.41862141
632.000000	-36.92213287
633.000000	-18.64871343
634.000000	-32.99118469
635.000000	77.09515244
636.000000	51.46232240
637.000000	-15.32495251
638.000000	44.08970158
639.000000	71.66048193
640.000000	69.92277588
641.999000	28.58586570
642.999000	-28.84545787
643.999000	29.78195711
644.999000	-26.59193003
645.999000	41.42812777
646.999000	115.91148259
647.999000	46.17942734
648.999000	-85.88493609
649.999000	93.03557834
650.999000	25.66950884
651.999000	-37.45825542
652.999000	-24.55901744
653.999000	9.21679112
654.999000	-42.95185918
655.999000	-23.76188109
656.999000	97.12936349
657.999000	56.45898604
658.999000	-14.64961749
659.999000	149.92054091
660.999000	-34.90037682
661.999000	47.29736257
662.999000	-35.19513641
663.999000	10.21738926
664.999000	-56.82056287
665.999000	-32.91468990
666.999000	-67.00700220
667.999000	29.19046065
668.999000	5.46594872
669.999000	-34.54020088
670.999000	-18.31723449
671.999000	-48.79050288
672.999000	78.20698102
673.999000	2.96323834
674.999000	-1.70897736
675.999000	-88.14832533
676.999000	10.67829251
677.999000	-28.93620453
678.999000	-78.13606767
679.999000	-15.90856739
680.999000	101.69925038
681.999000	-21.36864189
682.999000	-1.96974924
683.999000	-59.96046578
684.999000	-20.94618817
685.999000	42.10251304
686.999000	-20.70116260
687.999000	69.08026789
688.999000	74.76176328
689.999000	-63.51187346
690.999000	15.03650673
691.999000	-42.48289689
692.999000	9.83321537
693.999000	-5.93367484
694.999000	-11.04897698
695.999000	-6.86511608
696.999000	-15.81892768
697.999000	17.35692996
698.999000	-81.79454149
699.999000	7.39143341
700.999000	-4.72106057
701.999000	43.49591109
702.999000	48.31550584
703.999000	-22.51823673
704.999000	0.95999504
705.999000	-97.56765571
706.999000	-28.38270967
707.999000	8.95930296
708.999000	-59.36542712
709.999000	53.21020286
710.999000	-117.36191487
711.999000	-34.55526155
712.999000	10.05355461
713.999000	31.36531298
714.999000	-37.79454543
715.999000	-33.83749929
716.999000	1.34324505
717.999000	-33.34361997
718.999000	9.97702508
719.999000	9.40305882
720.999000	68.16663391
721.999000	-46.66018923
722.999000	52.76671976
723.999000	-18.03222547
724.999000	36.19081358
725.999000	-74.47069864
726.999000	-13.28341289
727.999000	2.98530774
728.999000	7.86151767
729.999000	-70.15652998
730.999000	-59.60193992
731.999000	75.58250597
732.999000	-69.41721116
733.999000	-42.13882284
734.999000	-26.64749240
735.999000	26.74535967
736.999000	-11.53414499
737.999000	53.84534218
738.999000	15.62049182
739.999000	-49.78133549
740.999000	-0.64589970
741.999000	68.48731982
742.999000	-88.24381654
743.999000	-21.29201129
744.999000	-41.37582022
745.999000	19.22674996
746.999000	-38.64167380
747.999000	-37.95822938
748.999000	10.55983185
749.999000	-72.47477020
750.999000	32.89109972
751.999000	-41.90992282
752.999000	27.89084980
753.999000	8.92285054
754.999000	31.41426439
755.999000	-33.15319274
756.999000	49.61799878
757.999000	-3.57915659
758.999000	-89.94087440
759.999000	-79.39795677
760.999000	71.36388725
761.999000	-56.11165942
762.999000	75.09669190
763.999000	52.01888070
764.999000	-95.39066100
765.999000	-98.14066683
766.999000	5.50450469
767.999000	-65.20892556
768.999000	-18.40868457
769.999000	35.07762158
770.999000	-37.71637825
771.999000	-59.23497393
772.999000	5.75885144
773.999000	-6.57789596
774.999000	-66.90160567
775.999000	17.86797563
776.999000	52.21182030
777.999000	23.91353360
778.999000	-47.93788706
779.999000	23.22651732
780.999000	15.64530176
781.999000	37.58796710
782.999000	-44.20613138
783.999000	-53.47022103
784.999000	31.16471432
785.999000	82.47995945
786.999000	6.75563053
787.999000	20.16517648
788.999000	71.98564492
789.999000	3.97467985
790.999000	-4.40851866
791.999000	-100.64931137
792.999000	12.65697052
793.999000	-41.41851076
794.999000	-42.41983942
795.999000	30.16589673
796.999000	-32.55248470
797.999000	-14.05015829
798.999000	-32.38944961
799.999000	30.98687115
800.999000	20.69296101
801.999000	-71.83643393
802.999000	-86.90359235
803.999000	93.99351412
804.999000	85.65413296
805.999000	31.93030624
806.999000	21.01533552
807.999000	17.06536714
808.999000	36.41477281
809.999000	-5.82954576
810.999000	-1.94992235
811.999000	23.38485303
812.999000	24.64426719
813.999000	-63.10178091
814.999000	-25.04026771
815.999000	79.63353747
816.999000	-11.19577600
817.999000	64.11401604
818.999000	7.30747123
819.999000	90.43783732
820.999000	13.53212723
821.999000	-61.95195669
822.999000	57.03120137
823.999000	41.50907176
824.999000	8.04377306
825.999000	-89.18139592
826.999000	-56.91382840
827.999000	-53.17363533
828.999000	-132.34745126
829.999000	20.53065544
830.999000	94.26391982
831.999000	7.54936319
832.999000	67.55809741
833.999000	-53.95185262
834.999000	34.61483683
835.999000	51.10047635
836.999000	104.59216935
837.999000	11.25202745
838.999000	37.49280325
839.999000	-15.99607520
840.999000	17.64224104
841.999000	-5.63807113
842.999000	-11.43130557
843.999000	-8.19240785
844.999000	114.16699743
845.999000	1.00702768
846.999000	15.55517921
847.999000	6.27261682
848.999000	56.06716827
849.999000	26.51050948
850.999000	20.76149519
851.999000	17.24903348
852.999000	-38.37104558
853.999000	79.87104237
854.999000	13.64496452
855.999000	-24.57737936
856.999000	-52.02391251
857.999000	53.79565363
858.999000	19.14493708
859.999000	-39.37044588
860.999000	-5.94668345
861.999000	82.39025796
862.999000	-29.75102842
863.999000	-20.01110872
864.999000	77.67233917
865.999000	5.18053853
866.999000	101.00179184
867.999000	-3.31929687
868.999000	-5.07969435
869.999000	67.69732297
870.999000	-6.89824077
871.999000	-65.55946313
872.999000	-71.03110228
873.999000	28.04457814
874.999000	7.03729635
875.999000	-32.19365393
876.999000	-2.52551020
877.999000	13.44069326
878.999000	-67.49147112
879.999000	76.98641754
880.999000	18.65770555
881.999000	-43.56484535
882.999000	18.89363876
883.999000	59.42739083
884.999000	11.29968207
885.999000	7.22563599
886.999000	44.76943460
887.999000	-64.80053516
888.999000	39.60385046
889.999000	25.33609718
890.999000	52.64550296
891.999000	-41.34794658
892.999000	28.56782039
893.999000	-6.79051124
