# F(k,t) correlation function
# Reference time: 2209.000 ps
# lag_time_ps	F(k,t)
0.000000	552.83496515
1.000000	-67.40734569
2.000000	66.71958801
3.000000	-9.10738878
4.000000	38.97644553
5.000000	33.29066538
6.000000	3.72682278
7.000000	-23.07310193
8.000000	30.82821529
9.000000	30.30443867
10.000000	-54.71980190
11.000000	-14.28057587
12.000000	127.16293149
13.000000	30.78533668
14.000000	-77.18644315
15.000000	4.96023149
16.000000	-39.95226441
17.000000	24.25032287
18.000000	-74.12327247
19.000000	87.97812227
20.000000	28.85740132
21.000000	15.72616997
22.000000	-33.43907529
23.000000	-74.34750209
24.000000	-132.67414012
25.000000	47.67576818
26.000000	-34.95892040
27.000000	18.74991462
28.000000	31.18750974
29.000000	39.38917321
30.000000	10.17692274
31.000000	14.36139305
32.000000	149.33240717
33.000000	-15.11451940
34.000000	3.22969674
35.000000	64.36138708
36.000000	19.51750197
37.000000	-14.09951656
38.000000	81.61114654
39.000000	-16.51312644
40.000000	57.45897942
41.000000	35.63334549
42.000000	-12.39638847
43.000000	-31.23111231
44.000000	7.14513165
45.000000	-66.23407021
46.000000	-6.46021597
47.000000	55.44048127
48.000000	-24.19309421
49.000000	38.14295144
50.000000	-54.00985647
51.000000	-17.45601738
52.000000	16.66438450
53.000000	76.12815637
54.000000	48.76088480
55.000000	-90.63180903
56.000000	-109.61864711
57.000000	-3.05546981
58.000000	-41.79922754
59.000000	74.78281826
60.000000	52.09795169
61.000000	-28.50143375
62.000000	52.01084439
63.000000	120.43564139
64.000000	68.88264395
65.000000	-52.07285967
66.000000	-92.67897015
67.000000	21.99407050
68.000000	-39.74142207
69.000000	52.66219784
70.000000	-8.10630472
71.000000	151.53820679
72.000000	-99.63723231
73.000000	63.82748719
74.000000	43.62436360
75.000000	4.84880799
76.000000	29.37508633
77.000000	-18.44722649
78.000000	-43.60862730
79.000000	2.62078260
80.000000	-87.88632522
81.000000	-40.47015548
82.000000	-104.23377432
83.000000	23.53931633
84.000000	22.95355923
85.000000	-38.12486800
86.000000	26.14791556
87.000000	-31.20771531
88.000000	-44.50889079
89.000000	-77.68965188
90.000000	-42.54514831
91.000000	63.85011461
