# F(k,t) correlation function
# Reference time: 602.001 ps
# lag_time_ps	F(k,t)
0.000000	600.73467203
1.000000	-31.05169012
3.000000	23.84112615
5.000000	-35.33947472
7.000000	13.89457513
9.000000	-66.43030946
11.000000	-25.12831415
13.000000	63.06978602
15.000000	98.85262000
17.000000	63.86826457
19.000000	64.38583611
21.000000	-14.22054543
23.000000	32.98569859
25.000000	-60.55797749
27.000000	-98.01946130
29.000000	-85.23182806
31.000000	2.05877365
33.000000	-67.46498689
35.000000	-9.54574167
37.000000	39.98060993
39.000000	61.43318086
41.000000	-58.23396952
43.000000	-16.18519405
45.000000	-13.65542709
47.000000	-90.41326670
49.000000	-42.14574211
51.000000	-57.22549531
53.000000	83.33838604
55.000000	-12.34094966
57.000000	8.82025393
59.000000	50.30183070
61.000000	43.06234019
63.000000	-35.12622302
65.000000	-31.41139105
67.000000	47.99851281
69.000000	60.14046263
71.000000	12.30486690
73.000000	-73.67910558
75.000000	25.94818984
77.000000	-23.61887242
79.000000	-14.46971956
81.000000	80.85813304
83.000000	103.29637246
85.000000	-68.42803099
87.000000	69.43587120
89.000000	28.09253731
91.000000	60.39466338
93.000000	-81.30164674
95.000000	-66.48415345
97.000000	47.09259085
99.000000	-5.67387103
101.000000	-110.82026867
103.000000	-55.68731625
105.000000	30.64003997
107.000000	-124.24745396
109.000000	-74.86711809
111.000000	-22.11009162
113.000000	-51.10704999
115.000000	-45.44175191
117.000000	23.63480766
119.000000	-12.60934958
121.000000	-70.79481018
123.000000	10.73247106
125.000000	11.35214312
127.000000	14.86152727
129.000000	107.18063611
131.000000	49.40958718
133.000000	0.44361641
135.000000	16.70197475
137.000000	-48.04208144
139.000000	-59.23009871
141.000000	-3.00161889
143.000000	-34.64558883
145.000000	-17.91494475
147.000000	-11.89634215
149.000000	-69.69498586
151.000000	-5.39997927
153.000000	-82.43570688
155.000000	89.60086629
157.000000	25.30466452
159.000000	1.82740564
161.000000	50.55519226
163.000000	13.66361283
165.000000	-4.53679204
167.000000	-11.27001444
169.000000	-42.58364963
171.000000	-10.52994946
173.000000	29.65383483
175.000000	9.03819519
177.000000	62.37891320
179.000000	-19.94896306
181.000000	-2.93169173
183.000000	-46.78033881
185.000000	-9.24983238
187.000000	-93.47416824
189.000000	-49.34797286
191.000000	-68.39141718
193.000000	-22.24552628
195.000000	-35.68267029
197.000000	-104.92397383
199.000000	41.17398616
201.000000	-62.48326440
203.000000	-74.80469801
205.000000	-87.86738327
207.000000	-23.17008918
209.000000	-175.38943022
211.000000	-7.67000607
213.000000	-80.51405953
215.000000	67.81615702
217.000000	39.95469794
219.000000	37.70724451
221.000000	74.45455543
223.000000	-43.51471563
225.000000	32.21780101
227.000000	82.29176214
229.000000	87.87058501
231.000000	0.16248744
233.000000	99.11277721
235.000000	17.43889963
237.000000	-100.20359628
239.000000	21.73125254
241.000000	2.63412061
243.000000	-95.54364299
245.000000	35.50876486
247.000000	-69.79501141
249.000000	35.92844098
251.000000	-12.78228348
253.000000	125.27774156
255.000000	18.19828938
257.000000	-11.28927751
259.000000	115.39382980
261.000000	62.28361223
263.000000	3.52232566
265.000000	-19.13210404
267.000000	77.30186459
269.000000	153.50867069
271.000000	26.91632064
273.000000	-14.00745886
275.000000	-78.09875108
277.000000	96.11697353
279.000000	35.33272028
281.000000	-68.62647977
283.000000	22.13651545
285.000000	56.81882554
287.000000	5.06978269
289.000000	34.17962496
291.000000	-42.83680097
293.000000	5.62583822
295.000000	134.43877921
297.000000	-56.78011007
299.000000	-74.93197703
301.000000	45.84445574
303.000000	94.66497175
305.000000	65.22515997
307.000000	61.75289329
309.000000	-44.56807110
311.000000	17.87895565
313.000000	15.25275395
315.000000	-29.45437134
317.000000	7.00646005
319.000000	-1.62293373
321.000000	31.19346397
323.000000	-16.91229027
325.000000	6.56387662
327.000000	26.45154714
329.000000	-107.87935317
331.000000	56.27167341
333.000000	1.78940300
335.000000	66.84514425
337.000000	-50.26419903
339.000000	39.36576379
341.000000	7.35878680
343.000000	68.36189911
345.000000	1.83040134
347.000000	-4.76972311
349.000000	5.63698103
351.000000	-48.81259381
353.000000	-2.82671940
355.000000	70.85127282
357.000000	-31.88613275
359.000000	-22.75436778
361.000000	81.72659932
363.000000	16.18929436
365.000000	69.31568959
367.000000	-53.80848260
369.000000	-53.01793242
371.000000	62.97039366
373.000000	-69.52444563
375.000000	-12.91253311
377.000000	23.54282949
379.000000	-29.52525176
381.000000	27.94840483
383.000000	0.25877219
385.000000	56.44293186
387.000000	-38.05681032
389.000000	-25.13151796
391.000000	67.35453237
393.000000	2.68248697
395.000000	-58.63433173
397.000000	-35.72220913
399.000000	-33.65859688
401.000000	72.21880004
403.000000	-3.41381870
405.000000	9.37388096
407.000000	-64.56054505
409.000000	3.47063615
411.000000	164.04441774
413.000000	-55.90465162
415.000000	96.16761182
417.000000	46.12432970
419.000000	-14.14349582
421.000000	5.56138741
423.000000	105.75198212
425.000000	10.94925658
427.000000	-34.02901883
429.000000	-57.12061269
431.000000	-21.68366672
433.000000	-176.97618276
435.000000	92.86594107
437.000000	-57.23678999
439.000000	-19.54569110
441.000000	-78.70339944
443.000000	76.16983674
445.000000	-25.45790991
447.000000	-14.73059708
449.000000	23.74600284
451.000000	-35.10603930
453.000000	88.33783515
455.000000	-19.65744196
457.000000	-44.76570278
459.000000	-135.16925144
461.000000	25.11025973
463.000000	-73.77905180
465.000000	-33.37484633
467.000000	-43.29756311
469.000000	-62.82937824
471.000000	140.22035829
473.000000	20.33881258
475.000000	22.90606752
477.000000	-36.12918100
479.000000	31.46725868
481.000000	-7.02863230
483.000000	-6.29625584
485.000000	-29.41041604
487.000000	-86.55860741
489.000000	-25.42227442
491.000000	-56.82133141
493.000000	39.25070757
495.000000	-71.36934851
497.000000	27.96365689
499.000000	-33.08835075
501.000000	14.35150859
503.000000	-31.01577121
505.000000	12.32488329
507.000000	-6.74153331
509.000000	64.73343428
511.000000	-42.98980706
513.000000	27.81518951
515.000000	46.47943742
517.000000	39.43047758
519.000000	83.78239389
521.000000	2.11956289
523.000000	4.65097373
525.000000	25.08063181
527.000000	-110.58689282
529.000000	-104.78844252
531.000000	18.62851741
533.000000	-38.11726280
535.000000	49.99438182
537.000000	49.77634407
539.000000	99.96482134
541.000000	39.92389275
543.000000	13.64655997
545.000000	-162.79393993
547.000000	-60.50270939
549.000000	22.28175301
551.000000	56.31819185
553.000000	90.05074223
555.000000	122.41256873
557.000000	-3.34670015
559.000000	74.55165645
561.000000	44.92440532
563.000000	-35.18161621
565.000000	-39.01206592
567.000000	28.21313582
569.000000	104.42809936
571.000000	-124.11545015
573.000000	14.38967082
575.000000	7.77384131
577.000000	-13.24508520
579.000000	55.14479163
581.000000	-19.65158137
583.000000	49.22791356
585.000000	19.33908526
587.000000	-68.06011350
589.000000	-58.97384288
591.000000	24.20140712
593.000000	-54.54977791
595.000000	26.40906282
597.000000	-67.22452404
599.000000	74.82784601
601.000000	98.78133459
603.000000	18.70624900
605.000000	63.20102039
607.000000	-36.17025376
609.000000	-31.58981839
611.000000	42.87801192
613.000000	15.40267667
615.000000	-3.78927312
617.000000	-110.84064390
619.000000	-26.67730989
621.000000	-21.42636057
623.000000	37.11242038
625.000000	-25.74898047
627.000000	-46.13263481
629.000000	-82.18743475
631.000000	11.58942972
633.000000	-56.32289687
635.000000	32.93614841
637.000000	44.69607987
639.000000	104.32726374
641.000000	-18.29733334
643.000000	-29.45192378
645.000000	-6.44736344
647.000000	-37.74523405
649.000000	-16.03748810
651.000000	-21.50441201
653.000000	-4.26473221
655.000000	55.57850106
657.000000	7.03972817
659.000000	-58.13449540
661.000000	22.85205873
663.000000	14.05179655
665.000000	49.36853820
667.000000	-75.48317163
669.000000	53.43004465
671.000000	63.82340882
673.000000	-18.25391098
675.000000	-18.50487847
677.000000	-65.32984781
679.000000	-47.36670274
681.000000	-3.02922371
683.000000	-54.33886911
685.000000	-28.99684919
687.000000	-53.13714977
689.000000	-33.45170389
691.000000	38.34196067
693.000000	22.77474282
695.000000	56.12137020
697.000000	-84.74963469
699.000000	-60.05151763
701.000000	22.39571135
703.000000	53.34986163
705.000000	10.89705701
707.000000	-22.22939352
709.000000	-69.51044549
711.000000	93.38339234
713.000000	-8.72547925
715.000000	39.78051558
717.000000	76.71326447
719.000000	75.72068784
721.000000	-126.86623605
723.000000	-93.99049173
725.000000	6.11851014
727.000000	-16.48449130
729.000000	87.97244356
731.000000	-16.28837719
733.000000	-54.34479975
735.000000	38.96098486
737.000000	69.93939153
739.000000	74.41799674
741.000000	80.85859727
743.000000	61.38493569
745.000000	-5.48052385
747.000000	-112.01353418
749.000000	-16.71350120
751.000000	-76.29547194
753.000000	-20.82181572
755.000000	-68.98584571
757.000000	-39.44862979
759.000000	32.09676277
761.000000	19.84905533
763.000000	-50.37523729
765.000000	-97.91550382
767.000000	-40.40591577
769.000000	15.12849118
771.000000	-33.65248390
773.000000	-35.67152005
775.000000	0.09718441
777.000000	43.95041450
779.000000	-73.59849893
781.000000	40.74277542
783.000000	39.23536774
785.000000	-18.01468851
787.000000	-65.13976671
789.000000	-39.12396998
791.000000	38.98033509
793.000000	45.11790942
795.000000	81.58666819
797.000000	36.36849206
799.000000	27.48063772
801.000000	-68.75917841
803.000000	-132.68002882
805.000000	-126.69741191
807.000000	25.40914704
809.000000	14.12440199
811.000000	80.30115269
813.000000	40.50021009
815.000000	46.38296599
817.000000	-45.03498647
819.000000	-58.07168361
821.000000	-25.03590746
823.000000	-124.69931516
825.000000	-107.36632231
827.000000	2.90480967
829.000000	-11.59752675
831.000000	-77.70875278
833.000000	-39.58070163
835.000000	-0.62769171
837.000000	65.98954956
839.000000	37.23748067
841.000000	49.28126252
843.000000	-26.68144610
845.000000	10.23972744
847.000000	-72.48591168
849.000000	-131.80500094
851.000000	-34.13936473
853.000000	-77.29691155
855.000000	-40.44236959
857.000000	-19.16641775
859.000000	39.54740225
861.000000	6.18074939
863.000000	27.18546199
865.000000	57.85389557
867.000000	-88.39245525
869.000000	-42.38575331
871.000000	11.38984123
873.000000	-7.68735126
875.000000	-58.15924776
877.000000	15.34478610
879.000000	34.80283015
881.000000	-1.81822871
883.000000	64.99847452
885.000000	-67.50149422
887.000000	15.81893753
889.000000	-53.44181460
891.000000	-51.46205645
893.000000	-11.47379518
895.000000	75.52916173
897.000000	-81.86555346
899.000000	-9.28318700
901.000000	42.80871343
903.000000	127.20220074
905.000000	142.02183266
907.000000	37.33795831
909.000000	-5.09791769
911.000000	27.48497753
913.000000	-34.18151215
915.000000	71.81619502
917.000000	-13.43937046
919.000000	-26.60502556
921.000000	-22.40112995
923.000000	39.77152398
925.000000	-12.57620688
927.000000	-76.89676135
929.000000	-2.57453517
931.000000	33.79733468
933.000000	-30.69784741
935.000000	46.03434913
937.000000	53.63245978
939.000000	33.65998038
941.000000	121.22891784
943.000000	35.89879444
945.000000	-13.24070929
947.000000	-68.20441544
949.000000	-14.04656660
951.000000	-31.31586827
953.000000	-44.85925225
955.000000	109.49741548
957.000000	30.29700074
959.000000	83.14223643
961.000000	-43.24777008
963.000000	-9.10533202
965.000000	-44.71573120
967.000000	-34.86991671
969.000000	74.95832379
971.000000	-74.73890857
973.000000	39.64044685
975.000000	-30.35586670
977.000000	38.77271638
979.000000	41.01634393
981.000000	27.74452556
983.000000	83.97894669
985.000000	-100.92581016
987.000000	87.45462561
989.000000	45.08231872
991.000000	40.69168810
993.000000	-22.15408456
995.000000	58.35645206
997.000000	-7.57373332
999.000000	-25.45340908
1001.000000	45.67421391
1003.000000	17.54811014
1005.000000	29.19399225
1007.000000	-62.09779364
1009.000000	82.10048196
1011.000000	15.62893616
1013.000000	-41.11475890
1015.000000	142.13513444
1017.000000	1.24275973
1019.000000	-32.43159107
1021.000000	46.84023979
1023.000000	71.21975462
1025.000000	68.42545881
1027.000000	35.35678477
1029.000000	-125.68553322
1031.000000	2.69154081
1033.000000	-38.75720048
1035.000000	-56.48415199
1037.000000	-15.41552919
1039.000000	63.58271403
1041.000000	21.81836763
1043.000000	1.12662507
1045.000000	107.55930867
1047.000000	60.69300397
1049.000000	15.29402607
1051.000000	-125.19969096
1053.000000	-9.59413850
1055.000000	-4.01763001
1057.000000	16.64425923
1059.000000	2.02401904
1061.000000	51.54873705
1063.000000	-66.23392102
1065.000000	-52.10976558
1067.000000	-104.95524977
1069.000000	-23.60950746
1071.000000	55.53041819
1073.000000	51.45553942
1075.000000	-5.75903843
1077.000000	-7.48682801
1079.000000	-36.16129258
1081.000000	81.38725733
1083.000000	-1.89240265
1085.000000	-34.28060187
1087.000000	-25.08562299
1089.000000	-5.01164259
1091.000000	80.97497437
1093.000000	-103.54479552
1095.000000	-32.00543262
1097.000000	38.74218126
1099.000000	-37.85319233
1101.000000	-57.32403867
1103.000000	7.31798210
1105.000000	-110.44276162
1107.000000	66.38012579
1109.000000	-24.92295746
1111.000000	56.81849924
1113.000000	25.69428588
1115.000000	41.36888155
1117.000000	56.08836063
1119.000000	-103.19222472
1121.000000	57.15360908
1123.000000	33.58413926
1125.000000	6.19018154
1127.000000	56.63838240
1129.000000	52.39163589
1131.000000	39.77197238
1133.000000	-25.43143567
1135.000000	13.85643287
1137.000000	-16.75831613
1139.000000	64.14774565
1141.000000	-48.84239638
1143.000000	-119.16515929
1145.000000	-59.01119498
1147.000000	-14.36223767
1149.000000	8.99999319
1151.000000	-7.59328945
1153.000000	-48.28598930
1155.000000	-33.93538864
1157.000000	-22.17585362
1159.000000	30.44333474
1161.000000	8.18990979
1163.000000	42.31227446
1165.000000	18.53762505
1167.000000	16.88361104
1169.000000	63.48064712
1171.000000	-22.79914835
1173.000000	44.67167651
1175.000000	-45.07939476
1177.000000	-94.01195535
1179.000000	12.17765431
1181.000000	170.92897304
1183.000000	-20.86637861
1185.000000	24.28707153
1187.000000	-18.71075030
1189.000000	-1.90537872
1191.000000	36.88081565
1193.000000	22.83402836
1195.000000	-63.02820391
1197.000000	-17.44950251
1199.000000	37.67643142
1201.000000	-79.05005911
1203.000000	51.17159911
1205.000000	7.62579937
1207.000000	18.84476583
1209.000000	7.58372979
1211.000000	-3.79904289
1213.000000	91.90774777
1215.000000	-32.34948065
1217.000000	-70.96599789
1219.000000	-23.25778536
1221.000000	-69.98738136
1223.000000	-19.50676935
1225.000000	-123.84521555
1227.000000	19.78216096
1229.000000	-77.10965640
1231.000000	61.69252278
1233.000000	73.02653999
1235.000000	7.37739947
1237.000000	-117.68933662
1239.000000	-37.99564586
1241.000000	1.39692406
1243.000000	-13.48762049
1245.000000	74.69739621
1247.000000	-34.86832257
1248.000000	57.01572917
1249.000000	63.02696117
1250.000000	-23.83864268
1251.000000	-28.25744832
1252.000000	11.39989783
1253.000000	-17.90774901
1254.000000	125.93884688
1255.000000	-118.64055173
1256.000000	-69.22918023
1257.000000	-74.34736069
1258.000000	-64.95823625
1259.000000	-72.77578158
1260.000000	15.08355272
1261.000000	-59.88069075
1262.000000	-21.38759096
1263.000000	-25.41634814
1264.000000	-43.41980856
1265.000000	98.57747807
1266.000000	17.35500029
1267.000000	24.31833190
1268.000000	10.99244426
1269.000000	-24.48179451
1270.000000	-39.82429634
1271.000000	10.67170533
1272.000000	-17.38404598
1273.000000	15.05193106
1274.000000	-3.07689295
1275.000000	95.54136148
1276.000000	25.96311374
1277.000000	-50.50030270
1278.000000	-14.94741557
1279.000000	1.54623626
1280.000000	98.04993090
1281.000000	70.91923133
1282.000000	-40.88043160
1283.000000	-95.95024943
1284.000000	70.88412326
1285.000000	23.41580052
1286.000000	-15.40241149
1287.000000	-64.66460969
1288.000000	-46.93123562
1289.000000	-38.83231320
1290.000000	-89.12974585
1291.000000	1.15159733
1292.000000	-33.53997758
1293.000000	-68.50855903
1294.000000	-81.36275315
1295.000000	18.97105398
1296.000000	86.15310016
1297.000000	-36.22676093
1298.000000	2.31373071
1299.000000	-95.31668583
1300.000000	-65.13490050
1301.000000	-12.59212268
1302.000000	40.97719502
1303.000000	102.64720997
1304.000000	-58.10988305
1305.000000	84.25706304
1306.000000	107.29548230
1307.000000	42.09686881
1308.000000	-16.51164162
1309.000000	-26.46573004
1310.000000	-80.78915059
1311.000000	144.52859686
1312.000000	-27.42026764
1313.000000	39.17189730
1314.000000	-14.90876730
1315.000000	10.74525355
1316.000000	33.36210976
1317.000000	-23.03873921
1318.000000	-1.51355702
1319.000000	30.82374507
1320.000000	-8.66651321
1321.000000	52.33778182
1322.000000	-94.34300086
1323.000000	55.70977587
1324.000000	4.38906599
1325.000000	-23.41420101
1326.000000	-102.99298639
1327.000000	-24.73525592
1328.000000	5.20057465
1329.000000	-188.81259196
1330.000000	147.67469054
1331.000000	21.60187585
1332.000000	-45.70009133
1333.000000	11.96042332
1334.000000	49.84734739
1335.000000	24.56326364
1336.000000	36.35586408
1337.000000	30.10516214
1338.000000	-75.01135237
1339.000000	41.94787930
1340.000000	20.32476671
1341.000000	-135.17237986
1342.000000	-50.26113670
1343.000000	6.24672182
1344.000000	57.48104562
1345.000000	-57.68662813
1346.000000	-0.39147694
1347.000000	47.90339227
1348.000000	-2.00348104
1349.000000	128.97024282
1350.000000	66.51904962
1351.000000	-8.69340692
1352.000000	-25.98392594
1353.000000	-44.23835081
1354.000000	-13.08434035
1355.000000	50.46834871
1356.000000	80.64057863
1357.000000	58.38884285
1358.000000	8.57877809
1359.000000	21.86349592
1360.000000	-56.08429335
1361.000000	37.50324730
1362.000000	23.83757261
1363.000000	-39.77877927
1364.000000	-72.94290887
1365.000000	65.80454345
1366.000000	-6.63171265
1367.000000	24.41520565
1368.000000	-74.54665636
1369.000000	108.61081264
1370.000000	63.38993282
1371.000000	-18.79757838
1372.000000	-35.25433966
1373.000000	-25.89341919
1374.000000	23.25055779
1375.000000	-4.29681989
1376.000000	10.65712142
1377.000000	22.16964769
1378.000000	-34.92424959
1379.000000	23.59873876
1380.000000	-56.95334955
1381.000000	-26.63065964
1382.000000	-60.56327539
1383.000000	-12.34333164
1384.000000	95.44142623
1385.000000	29.01512484
1386.000000	14.53263653
1387.000000	21.11250645
1388.000000	-6.79738012
1389.000000	-57.19070014
1390.000000	-40.52485582
1391.000000	30.18869437
1392.000000	-95.72792843
1393.000000	64.80165555
1394.000000	-135.56847897
1395.000000	71.16964427
1396.000000	149.45371841
1397.000000	120.01222117
1398.000000	40.34798719
1399.000000	73.92903983
1400.000000	94.73070918
1401.000000	-20.06820799
1402.000000	-92.06100011
1403.000000	31.77027721
1404.000000	-22.33434155
1405.000000	9.55842362
1406.000000	27.26088786
1407.000000	42.45715609
1408.000000	-86.24120177
1409.000000	3.02254261
1410.000000	-55.34919056
1411.000000	9.13733276
1412.000000	114.72253526
1413.000000	-1.54677884
1414.000000	113.27347825
1415.000000	-37.13992538
1416.000000	-10.33268131
1417.000000	-35.06450552
1418.000000	32.36990351
1419.000000	-35.64690646
1420.000000	50.27840465
1421.000000	0.55437280
1422.000000	17.91226827
1423.000000	40.95261164
1424.000000	49.82509420
1425.000000	-116.60515479
1426.000000	-25.44646943
1427.000000	-124.13570477
1428.000000	-72.73943625
1429.000000	-18.78516725
1430.000000	85.73254078
1431.000000	50.68315078
1432.000000	37.59738757
1433.000000	50.15225339
1434.000000	53.64008182
1435.000000	-25.80401782
1436.000000	26.76820852
1437.000000	-24.39674454
1438.000000	20.29471474
1439.000000	-75.42925349
1440.000000	-86.35626068
1441.000000	25.64799319
1442.000000	37.18092555
1443.000000	108.47758607
1444.000000	15.68984266
1445.999000	-42.35644790
1446.999000	-84.56390439
1447.999000	-51.25103104
1448.999000	60.92095727
1449.999000	-48.94758435
1450.999000	32.48579833
1451.999000	96.81218297
1452.999000	-62.71719592
1453.999000	5.19425914
1454.999000	8.64296167
1455.999000	26.99574414
1456.999000	-35.15874326
1457.999000	-6.91288688
1458.999000	-14.60044437
1459.999000	4.83332122
1460.999000	-44.41240927
1461.999000	-67.90901632
1462.999000	-16.77499533
1463.999000	15.77589924
1464.999000	-51.58046115
1465.999000	69.32960787
1466.999000	-35.83526734
1467.999000	-82.53114007
1468.999000	19.28835798
1469.999000	-47.15828208
1470.999000	-27.40806383
1471.999000	11.46373451
1472.999000	27.00751544
1473.999000	-99.11184063
1474.999000	45.24993630
1475.999000	-7.33019768
1476.999000	71.31374564
1477.999000	-122.15328919
1478.999000	-0.77323374
1479.999000	-102.63575264
1480.999000	50.43249155
1481.999000	45.52109388
1482.999000	40.05688110
1483.999000	-2.71259724
1484.999000	52.75526544
1485.999000	-90.20028133
1486.999000	47.73683318
1487.999000	77.67915886
1488.999000	70.32920987
1489.999000	-49.94822849
1490.999000	61.48882268
1491.999000	-13.27403980
1492.999000	-54.53181479
1493.999000	47.07839767
1494.999000	34.40467608
1495.999000	-46.70731057
1496.999000	12.76058891
1497.999000	-64.29966192
1498.999000	-40.30540683
1499.999000	16.94152453
1500.999000	56.72101753
1501.999000	82.32533611
1502.999000	68.93358584
1503.999000	80.17188571
1504.999000	52.15538712
1505.999000	0.06903637
1506.999000	67.86736394
1507.999000	2.75990554
1508.999000	-23.72702313
1509.999000	7.69350743
1510.999000	-20.09980481
1511.999000	-30.50999130
1512.999000	-21.25296836
1513.999000	-23.20541481
1514.999000	35.04570273
1515.999000	-0.12143433
1516.999000	-47.30350603
1517.999000	43.62097409
1518.999000	82.74593221
1519.999000	28.75704139
1520.999000	7.82039805
1521.999000	36.38850380
1522.999000	-68.43215230
1523.999000	29.76924976
1524.999000	-90.84719079
1525.999000	53.12626949
1526.999000	17.50996805
1527.999000	-36.77623987
1528.999000	-12.06989848
1529.999000	58.73988717
1530.999000	15.94043148
1531.999000	-4.53982848
1532.999000	53.27672865
1533.999000	160.42718955
1534.999000	19.43126332
1535.999000	71.45159480
1536.999000	-64.51369377
1537.999000	-10.12495344
1538.999000	32.03735158
1539.999000	-44.91077696
1540.999000	49.73447727
1541.999000	-38.02921897
1542.999000	-72.44931500
1543.999000	-18.99245463
1544.999000	68.41792338
1545.999000	-48.23011985
1546.999000	96.92246896
1547.999000	50.83105999
1548.999000	43.72510987
1549.999000	5.42908620
1550.999000	25.31855953
1551.999000	38.17877853
1552.999000	34.24907800
1553.999000	10.19897508
1554.999000	-30.81112155
1555.999000	-1.73819137
1556.999000	-29.15176892
1557.999000	4.78182709
1558.999000	125.02936507
1559.999000	-1.68443722
1560.999000	42.46485264
1561.999000	-63.19521166
1562.999000	-180.12941821
1563.999000	25.72567694
1564.999000	-53.06855380
1565.999000	-27.62040236
1566.999000	24.71269620
1567.999000	-96.42108496
1568.999000	63.46115499
1569.999000	26.38377014
1570.999000	-7.93023035
1571.999000	-36.40693518
1572.999000	-28.41499729
1573.999000	22.94116120
1574.999000	37.49753182
1575.999000	-105.14952743
1576.999000	1.89836233
1577.999000	40.30225010
1578.999000	-41.72304603
1579.999000	19.29182001
1580.999000	17.57272659
1581.999000	15.88490495
1582.999000	-12.81703389
1583.999000	77.72329369
1584.999000	20.52160618
1585.999000	-67.23586652
1586.999000	-25.34136877
1587.999000	103.79594060
1588.999000	-44.66164532
1589.999000	-83.09739073
1590.999000	1.71918141
1591.999000	-32.88528637
1592.999000	-49.62767632
1593.999000	-15.07729703
1594.999000	-21.68694904
1595.999000	45.41566154
1596.999000	0.84876251
1597.999000	-84.43240524
1598.999000	16.31368606
1599.999000	-44.35110958
1600.999000	-133.89729850
1601.999000	-137.58994928
1602.999000	-128.74888757
1603.999000	76.72145699
1604.999000	-18.92618598
1605.999000	-1.37455289
1606.999000	-17.11674638
1607.999000	65.22323012
1608.999000	72.70608585
1609.999000	49.09691346
1610.999000	36.58606715
1611.999000	-56.28132545
1612.999000	-78.76262199
1613.999000	-4.81023769
1614.999000	-31.08059307
1615.999000	-6.18631451
1616.999000	-93.35534987
1617.999000	-64.36646436
1618.999000	51.34141176
1619.999000	-80.03486984
1620.999000	-14.07581948
1621.999000	0.96491404
1622.999000	26.11135075
1623.999000	-6.51942411
1624.999000	58.98760636
1625.999000	59.56402454
1626.999000	-27.62348666
1627.999000	78.16477012
1628.999000	4.06058766
1629.999000	-94.20189810
1630.999000	-32.43932481
1631.999000	-28.24308359
1632.999000	0.51774491
1633.999000	-51.82622046
1634.999000	-124.89917931
1635.999000	0.14223624
1636.999000	-82.27842393
1637.999000	2.32909157
1638.999000	38.61129623
1639.999000	6.95758920
1640.999000	43.94042880
1641.999000	-31.58437187
1642.999000	-65.38938112
1643.999000	-107.22503819
1644.999000	-79.73467692
1645.999000	-50.42188038
1646.999000	-76.31193794
1647.999000	29.48085063
1648.999000	-16.69492943
1649.999000	41.62076249
1650.999000	68.30997489
1651.999000	-39.20559782
1652.999000	-18.69185947
1653.999000	-41.58122518
1654.999000	6.87600791
1655.999000	-3.60295482
1656.999000	-46.44121313
1657.999000	-0.76310708
1658.999000	67.35020174
1659.999000	8.26000577
1660.999000	-27.02689873
1661.999000	-23.73556977
1662.999000	68.60843651
1663.999000	19.62026366
1664.999000	-29.30802045
1665.999000	69.36809182
1666.999000	74.93932754
1667.999000	-32.52752559
1668.999000	-28.90297701
1669.999000	46.77589332
1670.999000	5.78083419
1671.999000	-29.46724134
1672.999000	41.14952257
1673.999000	129.85790782
1674.999000	52.79549406
1675.999000	136.25378586
1676.999000	-102.02352003
1677.999000	125.99219301
1678.999000	-10.41745388
1679.999000	6.20512284
1680.999000	-24.49726345
1681.999000	-154.15810333
1682.999000	-104.93425047
1683.999000	36.93196918
1684.999000	-98.58143311
1685.999000	50.71846374
1686.999000	8.79155477
1687.999000	-18.28750781
1688.999000	3.59480680
1689.999000	-0.59545440
1690.999000	7.83261575
1691.999000	-26.51704259
1692.999000	-5.14738349
1693.999000	63.25140141
1694.999000	-33.22424337
1695.999000	6.24900579
1696.999000	25.05904821
1697.999000	20.14918196
