# F(k,t) correlation function
# Reference time: 2008.001 ps
# lag_time_ps	F(k,t)
0.000000	634.07465480
1.000000	-6.72513550
2.000000	-10.98841833
3.000000	37.27667598
4.000000	17.94970564
5.000000	-45.02080611
6.000000	-78.43592197
7.000000	-29.54022532
8.000000	-49.93508082
9.000000	17.39187877
10.000000	38.84473555
11.000000	-16.64303198
12.000000	-61.64979015
13.000000	-9.70601601
14.000000	-22.19942068
15.000000	-46.71529940
16.000000	42.89563257
17.000000	-72.29880214
18.000000	80.45902594
19.000000	-41.61831964
20.000000	-31.65613439
21.000000	26.43326487
22.000000	-44.02107653
23.000000	-65.15247825
24.000000	-43.82029738
25.000000	-3.55684295
26.000000	114.76594594
27.000000	-45.22985978
28.000000	22.30309842
29.000000	54.97285403
30.000000	12.11998142
31.000000	-25.70367664
32.000000	-58.14479615
33.000000	-78.10849554
34.000000	26.01305684
35.000000	-17.82178991
36.000000	-28.56532451
37.000000	39.97470415
38.000000	61.22864174
39.999000	-98.93312292
40.999000	2.82327431
41.999000	-33.12457910
42.999000	-3.37799500
43.999000	19.01721032
44.999000	-66.19949159
45.999000	40.28180532
46.999000	1.24723751
47.999000	8.50761517
48.999000	31.23771030
49.999000	8.15881922
50.999000	79.98767458
51.999000	7.35018736
52.999000	-2.53000156
53.999000	110.95866514
54.999000	34.18849381
55.999000	58.25837157
56.999000	82.80292919
57.999000	-67.94422748
58.999000	-5.96225737
59.999000	104.67578853
60.999000	44.18677666
61.999000	16.50038576
62.999000	78.08481462
63.999000	18.60599238
64.999000	46.56761710
65.999000	10.37434308
66.999000	56.33717386
67.999000	0.79184940
68.999000	-20.05397143
69.999000	45.89359481
70.999000	-19.23458285
71.999000	23.31729223
72.999000	16.03739027
73.999000	-61.49451437
74.999000	20.20829996
75.999000	-83.79801047
76.999000	40.61319569
77.999000	-7.45440427
78.999000	6.51927026
79.999000	80.57068183
80.999000	-52.30996079
81.999000	-38.38564043
82.999000	-35.89517494
83.999000	30.45922541
84.999000	-23.46870213
85.999000	-1.40428393
86.999000	-0.53173057
87.999000	-81.71224051
88.999000	46.55094495
89.999000	-2.54435369
90.999000	9.35190592
91.999000	21.70971890
92.999000	-89.18008822
93.999000	-45.46418196
94.999000	12.48952900
95.999000	-11.98877534
96.999000	88.03726679
97.999000	25.61293683
98.999000	-61.30761223
99.999000	-11.03839781
100.999000	-79.95252234
101.999000	32.05125961
102.999000	-21.64548353
103.999000	13.77777150
104.999000	63.31202099
105.999000	-43.31334598
106.999000	-26.73596156
107.999000	-11.68165706
108.999000	-53.98469891
109.999000	41.23498276
110.999000	9.75925173
111.999000	-50.65138627
112.999000	-70.74183101
113.999000	-40.62356229
114.999000	-125.93295138
115.999000	-1.82757199
116.999000	120.53006765
117.999000	-12.07437893
118.999000	-8.49707604
119.999000	-16.84160977
120.999000	28.33158337
121.999000	-3.49854758
122.999000	79.80477504
123.999000	-82.72168941
124.999000	-55.22287190
125.999000	13.49188555
126.999000	-2.08184982
127.999000	93.92530747
128.999000	93.84043155
129.999000	-66.19756258
130.999000	74.77341696
131.999000	6.23083475
132.999000	55.60807418
133.999000	-12.40818359
134.999000	94.59547123
135.999000	-48.02630921
136.999000	13.00716532
137.999000	4.66783422
138.999000	-21.18370075
139.999000	-61.41847470
140.999000	147.59790564
141.999000	-24.74931134
142.999000	119.52085316
143.999000	-20.80611500
144.999000	38.37600761
145.999000	-31.52496449
146.999000	-30.71351482
147.999000	-72.19179296
148.999000	-3.05947183
149.999000	21.67559513
150.999000	-9.83325546
151.999000	-36.49134969
152.999000	80.22994078
153.999000	20.36206263
154.999000	-41.61073588
155.999000	149.20238217
156.999000	-20.20978094
157.999000	-105.97643916
158.999000	-25.23785812
159.999000	-83.69185757
160.999000	92.79249634
161.999000	6.88635433
162.999000	-24.19443017
163.999000	9.24526825
164.999000	-96.20746059
165.999000	-21.28835550
166.999000	-6.72030071
167.999000	-0.05381935
168.999000	35.98959330
169.999000	48.29543780
170.999000	-45.39994163
171.999000	-75.49100379
172.999000	-48.04403339
173.999000	-64.78416230
174.999000	2.75725563
175.999000	16.26774247
176.999000	-64.23801868
177.999000	-30.83331369
178.999000	-44.12550842
179.999000	10.42247040
180.999000	-12.43578302
181.999000	-145.45976783
182.999000	33.27958189
183.999000	-61.65398667
184.999000	-37.49373949
185.999000	72.60773857
186.999000	-71.64578744
187.999000	20.90788030
188.999000	-2.67716649
189.999000	-12.02757518
190.999000	90.62681200
191.999000	38.77968191
192.999000	46.82816406
193.999000	-41.41689202
194.999000	1.79655106
195.999000	-11.97192088
196.999000	102.44314598
197.999000	67.31416373
198.999000	42.21185476
199.999000	-101.62931743
200.999000	38.80099107
201.999000	70.80369376
202.999000	-46.07596503
203.999000	29.68753762
204.999000	70.22261194
205.999000	22.46417137
206.999000	-43.33041563
207.999000	-113.96113494
208.999000	67.80105985
209.999000	58.07013667
210.999000	86.30202253
211.999000	-4.84823089
212.999000	119.86125210
213.999000	40.44961212
214.999000	-29.16673620
215.999000	-8.19626995
216.999000	-79.36892554
217.999000	41.06147421
218.999000	-81.24804180
219.999000	98.76126708
220.999000	-29.90843578
221.999000	7.36464568
222.999000	93.62023075
223.999000	-101.82529424
224.999000	-0.27708406
225.999000	33.11704874
226.999000	-80.30290903
227.999000	-31.88353473
228.999000	82.17564966
229.999000	-2.77862203
230.999000	44.64930447
231.999000	-31.78741055
232.999000	23.80035243
233.999000	21.32816697
234.999000	-35.22060755
235.999000	-25.36937221
236.999000	-8.95825345
237.999000	35.89229354
238.999000	-10.85075046
239.999000	-17.06417246
240.999000	-47.18445075
241.999000	-28.02252522
242.999000	-130.03395578
243.999000	-66.86583537
244.999000	-5.73749905
245.999000	103.54064904
246.999000	-10.23079142
247.999000	3.00878643
248.999000	-37.70935839
249.999000	124.87263685
250.999000	15.32458809
251.999000	-25.28978631
252.999000	-38.38720776
253.999000	47.30113787
254.999000	-20.61986603
255.999000	13.16216338
256.999000	92.01281970
257.999000	46.08948139
258.999000	-24.25691895
259.999000	-55.42725940
260.999000	23.48456690
261.999000	-20.25634581
262.999000	4.89306816
263.999000	101.54809907
264.999000	-0.66768814
265.999000	1.84970985
266.999000	-77.16646400
267.999000	-33.50782303
268.999000	10.27504493
269.999000	-123.07102689
270.999000	-77.30900190
271.999000	-10.18694203
272.999000	45.85100756
273.999000	27.32175558
274.999000	117.71520519
275.999000	143.77616019
276.999000	106.31176533
277.999000	5.22842384
278.999000	3.29882622
279.999000	24.11584205
280.999000	24.62779877
281.999000	-144.93804788
282.999000	-73.55668644
283.999000	113.88541374
284.999000	31.66132302
285.999000	32.76146345
286.999000	129.39649908
287.999000	-83.06207979
288.999000	-29.15139385
289.999000	20.53686614
290.999000	-51.18370323
291.999000	45.65504826
