# F(k,t) correlation function
# Reference time: 1808.001 ps
# lag_time_ps	F(k,t)
0.000000	527.70983947
1.000000	92.96558370
3.000000	-3.21084084
5.000000	11.45264375
7.000000	67.43280809
9.000000	3.26278006
11.000000	105.27984474
13.000000	-135.43116180
15.000000	10.93188988
17.000000	-9.74835804
19.000000	79.82272642
21.000000	-77.96724513
23.000000	6.56041464
25.000000	-64.00010994
27.000000	-58.95632218
29.000000	11.14580832
31.000000	26.02908492
33.000000	-13.23187928
35.000000	-58.21896535
37.000000	0.12142200
39.000000	104.41168961
41.000000	36.67061860
42.000000	-22.38765155
43.000000	23.75158085
44.000000	2.06604860
45.000000	23.14216519
46.000000	33.54793965
47.000000	-39.64156151
48.000000	11.34092685
49.000000	6.93611057
50.000000	-28.84343389
51.000000	-3.27824628
52.000000	-40.00705088
53.000000	-46.18663544
54.000000	9.89717533
55.000000	34.74842081
56.000000	-104.31613701
57.000000	-14.21413681
58.000000	0.97363670
59.000000	79.70602570
60.000000	0.00493567
61.000000	42.16232392
62.000000	13.81414112
63.000000	-28.84142440
64.000000	-130.71886147
65.000000	-33.72061047
66.000000	-0.49473699
67.000000	-21.60879061
68.000000	14.62192468
69.000000	-45.75417737
70.000000	18.29931523
71.000000	-48.88027997
72.000000	-52.80590004
73.000000	19.17246021
74.000000	34.79126260
75.000000	-52.43242643
76.000000	-7.83962844
77.000000	-19.76884066
78.000000	41.85403214
79.000000	-23.28639030
80.000000	-3.50512739
81.000000	-38.57302017
82.000000	59.71185730
83.000000	27.94392275
84.000000	100.89852628
85.000000	-33.74749741
86.000000	-8.61550448
87.000000	66.70261295
88.000000	-17.82397784
89.000000	-19.81546401
90.000000	-113.84862237
91.000000	40.39814778
92.000000	73.11954342
93.000000	44.71839395
94.000000	16.24567329
95.000000	-45.57933594
96.000000	-94.00903348
97.000000	-48.02452046
98.000000	-6.18458473
99.000000	59.61753295
100.000000	-106.97494034
101.000000	10.81644236
102.000000	-41.30612731
103.000000	88.24224464
104.000000	-6.23047695
105.000000	-31.22947057
106.000000	22.27921128
107.000000	17.53039001
108.000000	-35.31333884
109.000000	-45.28376611
110.000000	14.37171742
111.000000	56.78606047
112.000000	36.11403037
113.000000	6.26166366
114.000000	37.42290830
115.000000	-55.31173088
116.000000	-98.34440853
117.000000	-61.43238829
118.000000	54.43732051
119.000000	-24.40671858
120.000000	47.20965459
121.000000	-43.87178129
122.000000	73.63674209
123.000000	-25.79411999
124.000000	58.45916737
125.000000	-97.22350375
126.000000	8.27322040
127.000000	103.36293590
128.000000	0.84758574
129.000000	17.23839345
130.000000	-36.48628990
131.000000	42.53417211
132.000000	-65.15027983
133.000000	30.45473410
134.000000	-18.37605280
135.000000	-19.47537542
136.000000	-55.50549989
137.000000	16.88134277
138.000000	-45.95782603
139.000000	-26.01102093
140.000000	31.89636133
141.000000	81.45755285
142.000000	22.46319383
143.000000	-35.84283614
144.000000	-69.16704777
145.000000	-35.04099040
146.000000	92.94947508
147.000000	112.28905624
148.000000	50.24632545
149.000000	-40.90961363
150.000000	-25.59812005
151.000000	14.61731855
152.000000	5.97423598
153.000000	-10.10721119
154.000000	-43.16338442
155.000000	-123.41584517
156.000000	-62.31368886
157.000000	-10.91877629
158.000000	31.74983402
159.000000	44.64046659
160.000000	16.30190752
161.000000	-0.65857951
162.000000	17.58441532
163.000000	26.47723249
164.000000	-72.31489760
165.000000	19.39216813
166.000000	83.07754652
167.000000	-82.73381717
168.000000	2.67661517
169.000000	-22.85413325
170.000000	108.59942464
171.000000	-3.87593852
172.000000	-18.33532088
173.000000	44.31417930
174.000000	69.26784407
175.000000	-15.90806860
176.000000	-24.58923151
177.000000	56.91363798
178.000000	119.80568918
179.000000	-33.54340851
180.000000	5.95123971
181.000000	100.44995969
182.000000	-0.75811492
183.000000	65.72750479
184.000000	-13.12357455
185.000000	42.62437869
186.000000	0.83302239
187.000000	-68.41552908
188.000000	-37.82599386
189.000000	-83.68072702
190.000000	39.94668932
191.000000	-139.90896496
192.000000	-137.05824994
193.000000	64.85855293
194.000000	22.88793806
195.000000	-136.28088219
196.000000	-61.60578019
197.000000	14.24513811
198.000000	122.78937769
199.000000	64.63056741
200.000000	-26.34976320
201.000000	-5.87648157
202.000000	-35.35552850
203.000000	-33.42586393
204.000000	47.09708992
205.000000	44.59771394
206.000000	-2.29732901
207.000000	-3.46675642
208.000000	-17.06106190
209.000000	-73.90141312
210.000000	-133.50121713
211.000000	-96.76947719
212.000000	-89.26443675
213.000000	3.05479902
214.000000	2.52691496
215.000000	-11.12262529
216.000000	-99.90513894
217.000000	-34.60369265
218.000000	38.89218429
219.000000	79.25782229
220.000000	32.13266890
221.000000	59.69987072
222.000000	-19.88996830
223.000000	-33.16972828
224.000000	-46.92308039
225.000000	25.46241326
226.000000	47.70627529
227.000000	25.04606653
228.000000	73.91793718
229.000000	81.92229268
230.000000	0.63527904
231.000000	105.70308267
232.000000	25.49406012
233.000000	-35.98013725
234.000000	75.02397017
235.000000	-45.61884924
236.000000	6.47464614
237.000000	-36.08377994
238.000000	78.78556063
239.999000	-6.03714180
240.999000	72.18184924
241.999000	30.22344835
242.999000	23.21306556
243.999000	-1.18251780
244.999000	-35.15653029
245.999000	-16.29617784
246.999000	-45.08741090
247.999000	-2.24547732
248.999000	8.87154035
249.999000	42.84240435
250.999000	-14.91271464
251.999000	0.65720210
252.999000	-48.71778313
253.999000	28.72404324
254.999000	-78.40641416
255.999000	83.21527493
256.999000	23.38310317
257.999000	-29.06909291
258.999000	-6.71081478
259.999000	74.63081432
260.999000	-14.00815797
261.999000	106.93368321
262.999000	18.97695320
263.999000	-27.04922552
264.999000	-43.78906146
265.999000	-35.47504316
266.999000	-77.23772840
267.999000	-22.07847693
268.999000	-38.62429142
269.999000	108.18634114
270.999000	-70.86322533
271.999000	-112.67626570
272.999000	63.07636360
273.999000	3.64354418
274.999000	63.20686962
275.999000	-63.13723528
276.999000	-71.86643962
277.999000	55.32623677
278.999000	-22.50296025
279.999000	-25.18333318
280.999000	-30.91909389
281.999000	-1.33154568
282.999000	-44.99405724
283.999000	-118.16533484
284.999000	-8.05853767
285.999000	-42.78556104
286.999000	-9.67184549
287.999000	84.72647369
288.999000	31.82213866
289.999000	-20.43011715
290.999000	-12.79489529
291.999000	-41.21132052
292.999000	-1.01011381
293.999000	23.20049603
294.999000	67.67388965
295.999000	-2.71283265
296.999000	15.13538267
297.999000	-11.03799540
298.999000	-10.92115100
299.999000	-21.41595168
300.999000	78.93212162
301.999000	52.14232878
302.999000	121.45137294
303.999000	-2.94140770
304.999000	-15.41128296
305.999000	58.91767277
306.999000	0.07890836
307.999000	33.63276149
308.999000	-32.24818824
309.999000	-33.86400341
310.999000	25.04379958
311.999000	90.79491887
312.999000	11.60745351
313.999000	-90.40109575
314.999000	57.02775644
315.999000	-37.42513927
316.999000	64.48833253
317.999000	-23.87151422
318.999000	47.82376185
319.999000	-18.10980577
320.999000	150.68224087
321.999000	-118.92628373
322.999000	117.28597352
323.999000	17.76011863
324.999000	73.45545804
325.999000	-75.42590790
326.999000	97.34078872
327.999000	-49.51532237
328.999000	-10.77806002
329.999000	75.92134923
330.999000	68.93565630
331.999000	-26.57101282
332.999000	57.22213911
333.999000	14.12814270
334.999000	25.19785833
335.999000	78.53211471
336.999000	-22.85220971
337.999000	-59.18338666
338.999000	8.34452627
339.999000	-100.57142009
340.999000	7.52903417
341.999000	-97.45372061
342.999000	143.96012737
343.999000	9.91481987
344.999000	28.73318994
345.999000	29.58060201
346.999000	99.54595355
347.999000	-45.77118639
348.999000	30.92846574
349.999000	20.53710084
350.999000	-20.71899468
351.999000	-59.43599495
352.999000	-71.63628137
353.999000	-31.17603665
354.999000	-19.51348116
355.999000	-9.32255866
356.999000	-75.60834563
357.999000	-37.67087091
358.999000	10.68505235
359.999000	-89.89658279
360.999000	-47.18970578
361.999000	-97.36199061
362.999000	65.60911927
363.999000	-13.58954772
364.999000	45.09011631
365.999000	139.73920053
366.999000	96.63515640
367.999000	29.97616619
368.999000	-6.97748100
369.999000	-47.51618807
370.999000	67.11371713
371.999000	21.03551219
372.999000	-95.40432323
373.999000	68.89712021
374.999000	-74.30327028
375.999000	-15.24393610
376.999000	-68.57280904
377.999000	16.30645806
378.999000	-23.80816503
379.999000	-17.03909537
380.999000	18.14838206
381.999000	-11.95125700
382.999000	-7.87659986
383.999000	8.38524798
384.999000	-13.50558007
385.999000	27.29081393
386.999000	119.46424546
387.999000	-76.20745914
388.999000	-58.94631759
389.999000	-51.58068547
390.999000	102.83236710
391.999000	41.15190858
392.999000	17.38255578
393.999000	37.78525341
394.999000	-37.16756932
395.999000	-8.68787281
396.999000	2.16107943
397.999000	-140.89887803
398.999000	-71.57641398
399.999000	16.88873932
400.999000	-8.44332930
401.999000	-114.38320407
402.999000	-60.18036915
403.999000	-38.38596515
404.999000	15.76064841
405.999000	31.53784181
406.999000	121.66261704
407.999000	1.47859832
408.999000	-56.78454436
409.999000	-71.55202198
410.999000	-58.28439568
411.999000	-4.22875193
412.999000	38.36580316
413.999000	22.36713504
414.999000	-50.09201303
415.999000	-74.70064113
416.999000	-30.77895161
417.999000	34.13463654
418.999000	-69.64149452
419.999000	-37.38727866
420.999000	-54.32492073
421.999000	-55.03735126
422.999000	41.89988015
423.999000	43.62083659
424.999000	12.25427619
425.999000	21.51555637
426.999000	36.11539513
427.999000	15.71673432
428.999000	5.48179920
429.999000	66.69482304
430.999000	-131.87417702
431.999000	-20.32942611
432.999000	75.43162223
433.999000	9.00528557
434.999000	63.34827261
435.999000	8.86291809
436.999000	-52.75244964
437.999000	-100.73843696
438.999000	-32.89337441
439.999000	-23.13598530
440.999000	-47.61998271
441.999000	-1.94898869
442.999000	-2.71468594
443.999000	-35.38042531
444.999000	-40.03094437
445.999000	77.78362517
446.999000	6.94684568
447.999000	-20.25553063
448.999000	60.43578047
449.999000	-23.49863418
450.999000	50.91443401
451.999000	-5.20530292
452.999000	-5.04925788
453.999000	35.14453732
454.999000	57.47889053
455.999000	-61.65503497
456.999000	-55.77534397
457.999000	33.67275860
458.999000	10.67783193
459.999000	-8.69326222
460.999000	-1.94230940
461.999000	16.02218316
462.999000	33.20842152
463.999000	47.10815126
464.999000	83.92605028
465.999000	-47.56453882
466.999000	41.95310509
467.999000	-27.45504834
468.999000	-81.99497554
469.999000	72.87128463
470.999000	-61.50251582
471.999000	-88.03236991
472.999000	10.98793508
473.999000	-14.36763783
474.999000	-0.34155661
475.999000	-39.12355701
476.999000	64.42475357
477.999000	7.95060634
478.999000	-66.58061684
479.999000	-8.66297418
480.999000	22.56294172
481.999000	9.31165809
482.999000	23.66851473
483.999000	-101.08583675
484.999000	0.26362873
485.999000	-20.93660165
486.999000	-52.47491951
487.999000	-41.73004420
488.999000	11.17484631
489.999000	27.60642257
490.999000	72.65849636
491.999000	-103.73167996
