# F(k,t) correlation function
# Reference time: 401.001 ps
# lag_time_ps	F(k,t)
0.000000	543.74635854
2.000000	39.19197299
4.000000	49.05225143
6.000000	-18.01117855
8.000000	-55.44772319
10.000000	-53.37970315
12.000000	-15.15454831
14.000000	-46.81322590
16.000000	5.15410600
18.000000	-29.80071160
20.000000	-116.91361565
22.000000	-60.86671632
24.000000	-16.71549215
26.000000	13.50792880
28.000000	27.28328967
30.000000	2.32757804
32.000000	-61.42818427
34.000000	-162.40175795
36.000000	7.86387021
38.000000	-81.19887101
40.000000	59.01152190
42.000000	22.97168566
44.000000	13.91715261
46.000000	72.45082549
48.000000	-17.10411880
50.000000	13.64819959
52.000000	32.11242822
54.000000	39.17858362
56.000000	-101.02176262
58.000000	-6.93639525
60.000000	-74.35800115
62.000000	90.86821736
64.000000	75.24842077
66.000000	-46.78769904
68.000000	-167.76477539
70.000000	-27.22211396
72.000000	-90.26856914
74.000000	75.82783789
76.000000	-12.50588714
78.000000	66.59386616
80.000000	65.35560129
82.000000	-65.00425311
84.000000	17.56947247
86.000000	-58.92039254
88.000000	-4.60040180
90.000000	-18.25194315
92.000000	-63.71964673
94.000000	-33.23119874
96.000000	35.40035113
98.000000	-10.10217994
100.000000	73.04259325
102.000000	62.99668105
104.000000	-117.60416313
106.000000	48.63692360
108.000000	20.86462878
110.000000	35.50613653
112.000000	60.00569887
114.000000	-30.78123317
116.000000	-54.11152566
118.000000	57.62363468
120.000000	28.92428908
122.000000	-15.18366975
124.000000	31.33678197
126.000000	-4.91472006
128.000000	8.67509246
130.000000	28.56328440
132.000000	-15.39193514
134.000000	-70.97684007
136.000000	-79.84363587
138.000000	15.44252602
140.000000	15.27557357
142.000000	-3.30367860
144.000000	13.89659807
146.000000	-69.71381262
148.000000	-58.12932271
150.000000	25.03196451
152.000000	52.01093789
154.000000	-85.11476527
156.000000	12.06784252
158.000000	15.19102546
160.000000	44.18682531
162.000000	-50.48817587
164.000000	-0.96792173
166.000000	-40.16649519
168.000000	-33.50803421
170.000000	-52.21126926
172.000000	-67.30901037
174.000000	29.22125565
176.000000	-71.33933625
178.000000	-22.34908877
180.000000	50.97342061
182.000000	-23.80214161
184.000000	14.74117200
186.000000	-32.23572695
188.000000	-83.13522102
190.000000	43.78972824
192.000000	136.60251046
194.000000	-16.13586155
196.000000	55.37515900
198.000000	26.51221956
200.000000	4.51118656
202.000000	43.93519291
204.000000	-18.75798986
206.000000	0.64572848
208.000000	28.50184541
210.000000	36.31828070
212.000000	-71.92753769
214.000000	108.89484578
216.000000	40.48592164
218.000000	16.23983112
220.000000	-20.17599334
222.000000	2.17517390
224.000000	-84.54211316
226.000000	-34.77777375
228.000000	-26.13990245
230.000000	37.77875382
232.000000	-29.41844211
234.000000	-82.92112579
236.000000	47.84274009
238.000000	-10.65805671
240.000000	72.61964608
242.000000	1.98461871
244.000000	34.13860789
246.000000	16.82681323
248.000000	-126.34268275
250.000000	-56.93998345
252.000000	-8.41444360
254.000000	74.41543544
256.000000	-45.16150960
258.000000	-25.16714486
260.000000	85.59390147
262.000000	26.56297485
264.000000	31.02528295
266.000000	53.72579522
268.000000	75.13816090
270.000000	54.04991531
272.000000	-25.16335242
274.000000	-78.92356310
276.000000	46.14310775
278.000000	65.40539436
280.000000	-25.75010913
282.000000	-25.71089692
284.000000	-39.41121490
286.000000	-130.32808554
288.000000	28.97880758
290.000000	-25.04049905
292.000000	-5.81850289
294.000000	-25.49471060
296.000000	-77.21195741
298.000000	57.62155238
300.000000	21.68561487
302.000000	18.28572776
304.000000	-12.83717645
306.000000	8.08140744
308.000000	1.86857017
310.000000	73.26396544
312.000000	-32.44667188
314.000000	24.43145823
316.000000	23.06716220
318.000000	-56.45927371
320.000000	-39.86007746
322.000000	38.20822281
324.000000	-7.62008647
326.000000	78.05436716
328.000000	34.41158510
330.000000	-15.65342996
332.000000	-31.97233775
334.000000	-19.64095655
336.000000	81.91644465
338.000000	9.69960318
340.000000	-44.30470610
342.000000	-11.45569360
344.000000	17.32382776
346.000000	26.89155431
348.000000	-46.01594303
350.000000	35.49177286
352.000000	72.17460557
354.000000	-19.47201748
356.000000	-78.76245276
358.000000	32.26759554
360.000000	3.34165426
362.000000	-74.94591229
364.000000	-53.71022831
366.000000	-26.79861839
368.000000	-23.45322350
370.000000	-30.95431282
372.000000	-12.74017547
374.000000	-123.56194644
376.000000	-36.43346263
378.000000	61.11560771
380.000000	-49.45512296
382.000000	-5.23347669
384.000000	-6.20198545
386.000000	-26.38629120
388.000000	29.29057976
390.000000	24.84690364
392.000000	-21.09782062
394.000000	53.21575089
396.000000	-18.46666447
398.000000	-7.91347232
400.000000	-22.48883449
402.000000	-74.83363909
404.000000	63.86508893
406.000000	69.93532183
408.000000	1.75367615
410.000000	-8.37163402
412.000000	73.37936500
414.000000	26.12288150
416.000000	-85.47590805
418.000000	-34.58390701
420.000000	-124.16321599
422.000000	-21.17334531
424.000000	-27.61768837
426.000000	0.29677082
428.000000	100.09148719
430.000000	-33.78421680
432.000000	23.54857001
434.000000	51.97424019
436.000000	-56.68763105
438.000000	-60.51654460
440.000000	-38.50079302
442.000000	37.24051576
444.000000	-43.14189500
446.000000	77.52520639
448.000000	-23.72481172
450.000000	15.90499838
452.000000	-23.27932518
454.000000	-42.23111397
456.000000	7.22435638
458.000000	-17.48373800
460.000000	-35.04616038
462.000000	-66.60785341
464.000000	-69.10396788
466.000000	54.75943483
468.000000	-113.61329215
470.000000	37.64878396
472.000000	-30.49853576
474.000000	-26.82382456
476.000000	-72.63061966
478.000000	-18.42000716
480.000000	27.11857835
482.000000	-95.61174474
484.000000	-29.99141027
486.000000	77.26558272
488.000000	-79.33897184
490.000000	-54.54605945
492.000000	36.63186107
494.000000	-64.69038337
496.000000	-28.83734991
498.000000	-2.09067158
500.000000	36.36935716
502.000000	19.72431930
504.000000	35.98545517
506.000000	53.56739551
508.000000	51.39226422
510.000000	70.38157757
512.000000	113.94723224
514.000000	15.55927291
516.000000	-66.13363927
518.000000	-0.80324158
520.000000	-49.99030872
522.000000	76.41943138
524.000000	40.69714220
526.000000	-114.90089273
528.000000	52.47755083
530.000000	-2.52521628
532.000000	27.53292370
534.000000	-26.11662203
536.000000	-14.48468738
538.000000	-48.39453378
540.000000	59.58821767
542.000000	57.88862420
544.000000	0.45152856
546.000000	-37.58968201
548.000000	47.13006947
550.000000	13.72608374
552.000000	95.75855761
554.000000	48.66215045
556.000000	-19.76256388
558.000000	59.72848629
560.000000	88.09478393
562.000000	-18.14012214
564.000000	-4.12841457
566.000000	-54.69536685
568.000000	-22.29552302
570.000000	6.96662266
572.000000	-0.68156949
574.000000	41.13457586
576.000000	36.91639940
578.000000	11.40288506
580.000000	-38.97120468
582.000000	42.89106043
584.000000	-92.98473276
586.000000	-31.77109765
588.000000	13.47705198
590.000000	-30.35201499
592.000000	-81.30199580
594.000000	12.73732457
596.000000	82.47642182
598.000000	-36.48350095
600.000000	21.09072128
602.000000	-44.49934266
604.000000	-13.38395451
606.000000	27.67931908
608.000000	-77.07241400
610.000000	18.19363033
612.000000	-20.04001775
614.000000	50.68236690
616.000000	116.35439901
618.000000	39.91761384
620.000000	102.77055860
622.000000	-21.98079099
624.000000	93.37661414
626.000000	-30.81036151
628.000000	-35.59215118
630.000000	-4.55284186
632.000000	103.40434428
634.000000	-57.87505245
636.000000	-2.60694113
638.000000	-9.18124511
640.000000	14.31966796
642.000000	111.04785183
644.000000	-45.81725146
646.000000	4.41446347
648.000000	26.76055852
650.000000	5.17911764
652.000000	-25.66804788
654.000000	-38.14161525
656.000000	10.47380269
658.000000	-43.22399220
660.000000	65.46985241
662.000000	-38.72357813
664.000000	-21.23731660
666.000000	-40.71335229
668.000000	128.88954473
670.000000	-52.92817088
672.000000	-106.54724907
674.000000	-67.03828837
676.000000	47.21519268
678.000000	35.48130997
680.000000	3.29328898
682.000000	-71.70333774
684.000000	32.57420516
686.000000	-13.40106455
688.000000	-97.07201988
690.000000	25.54792005
692.000000	13.90758291
694.000000	34.88848743
696.000000	52.66502899
698.000000	62.40124946
700.000000	-78.59858180
702.000000	-71.78140572
704.000000	32.62957282
706.000000	0.32757810
708.000000	-1.40472357
710.000000	50.54393780
712.000000	39.16928099
714.000000	-7.47331887
716.000000	-1.94754725
718.000000	-13.95456222
720.000000	-3.88598482
722.000000	-36.62434646
724.000000	-78.10686419
726.000000	9.72201449
728.000000	100.88060577
730.000000	89.47486472
732.000000	-13.06250671
734.000000	-32.82277549
736.000000	57.43027520
738.000000	-87.29907835
740.000000	-109.30634364
742.000000	59.17393014
744.000000	8.91518658
746.000000	-46.75686474
748.000000	22.05949511
750.000000	-26.68553742
752.000000	33.82597874
754.000000	-44.59051188
756.000000	-41.83041769
758.000000	-84.47832412
760.000000	-22.95023386
762.000000	66.78353811
764.000000	-62.04795724
766.000000	50.36687503
768.000000	58.26549117
770.000000	-72.71678295
772.000000	37.04161227
774.000000	-22.64140670
776.000000	49.37621026
778.000000	17.97307773
780.000000	48.18685737
782.000000	-85.82142101
784.000000	4.08438246
786.000000	58.48167119
788.000000	-9.16083841
790.000000	-0.86190453
792.000000	52.16549366
794.000000	2.16776547
796.000000	62.78185058
798.000000	56.91741065
800.000000	52.02429583
802.000000	-75.75347953
804.000000	-10.72915010
806.000000	65.18092284
808.000000	-55.06835142
810.000000	-84.13491616
812.000000	19.05431208
814.000000	-141.34570917
816.000000	-68.05110104
818.000000	81.04616181
820.000000	-58.15828716
822.000000	79.99857036
824.000000	63.96019815
826.000000	14.00209532
828.000000	-138.18351545
830.000000	58.16552460
832.000000	25.02999850
834.000000	93.11166875
836.000000	-22.95412873
838.000000	-18.80764616
840.000000	24.77196780
842.000000	-34.47232363
844.000000	-31.06460597
846.000000	-26.90450664
848.000000	-64.82874168
850.000000	6.43609820
852.000000	7.55641953
854.000000	18.81827983
856.000000	70.87963035
858.000000	-121.00121741
860.000000	14.13922276
862.000000	86.06585135
864.000000	-63.09479253
866.000000	48.73769407
868.000000	19.67849968
870.000000	95.44079721
872.000000	46.65455587
874.000000	54.32466660
876.000000	-6.03370048
878.000000	-72.10049828
880.000000	-17.02902543
882.000000	107.85798801
884.000000	72.39906276
886.000000	147.93395066
888.000000	53.56896943
890.000000	47.17232369
892.000000	-27.23939358
894.000000	25.19788667
896.000000	-11.55544438
898.000000	-2.21427622
900.000000	-20.10105119
902.000000	-11.06985206
904.000000	-50.45576830
906.000000	-21.98972692
908.000000	-15.42485137
910.000000	-1.28107858
912.000000	58.80378437
914.000000	61.43201790
916.000000	3.48254124
918.000000	90.11363771
920.000000	107.84624140
922.000000	112.84352417
924.000000	-54.58640111
926.000000	-30.66007315
928.000000	57.54320418
930.000000	44.29608993
932.000000	-2.48684481
934.000000	23.38603300
936.000000	-31.41790011
938.000000	-11.64169418
940.000000	9.15802541
942.000000	-65.95291374
944.000000	-15.83726608
946.000000	-35.48605245
948.000000	65.96234353
950.000000	-46.98524988
952.000000	-89.57787469
954.000000	6.71222943
956.000000	33.06609110
958.000000	-21.16234731
960.000000	-34.25862766
962.000000	22.69171464
964.000000	56.56858907
966.000000	35.45726008
968.000000	-44.80816273
970.000000	-36.31592095
972.000000	6.28720230
974.000000	38.36966403
976.000000	-44.57443914
978.000000	22.04826723
980.000000	4.39407423
982.000000	-32.28550537
984.000000	68.04899676
986.000000	69.01384505
988.000000	-64.08695385
990.000000	60.63819693
992.000000	9.66331519
994.000000	-11.18812974
996.000000	-14.36873296
998.000000	8.08296388
1000.000000	-55.10295453
1002.000000	90.91630835
1004.000000	-30.79754771
1006.000000	-29.50196634
1008.000000	51.47440258
1010.000000	105.01441230
1012.000000	-3.34816423
1014.000000	-10.39235061
1016.000000	57.95989814
1018.000000	59.01136215
1020.000000	54.43000487
1022.000000	95.91323857
1024.000000	27.71926798
1026.000000	-26.52455567
1028.000000	-54.21538630
1030.000000	-37.68726724
1032.000000	67.11324241
1034.000000	-101.78849525
1036.000000	-125.82176246
1038.000000	-39.59469800
1040.000000	-18.41891157
1042.000000	8.15588853
1044.000000	-32.01076260
1046.000000	41.22215446
1048.000000	98.92936298
1050.000000	-45.66594928
1052.000000	-65.84157844
1054.000000	5.79529382
1056.000000	-70.01496450
1058.000000	91.53419310
1060.000000	-24.17033472
1062.000000	-76.42080786
1064.000000	1.81722646
1066.000000	45.98247791
1068.000000	44.99214131
1070.000000	19.56330286
1072.000000	-4.99997791
1074.000000	29.99969666
1076.000000	-15.23377555
1078.000000	57.94285906
1080.000000	-38.33373341
1082.000000	-42.50358222
1084.000000	45.52874522
1086.000000	41.32494879
1088.000000	-88.21533357
1090.000000	18.06484166
1092.000000	-62.49746612
1094.000000	-91.18432219
1096.000000	-46.13000211
1098.000000	-84.51938432
1100.000000	82.53854862
1102.000000	-132.91793145
1104.000000	14.04290026
1106.000000	7.13735391
1108.000000	42.78571948
1110.000000	60.30935782
1112.000000	116.77068437
1114.000000	20.30385649
1116.000000	-147.20198459
1118.000000	4.44829527
1120.000000	-43.42016345
1122.000000	16.00647567
1124.000000	-18.81079802
1126.000000	94.86085745
1128.000000	-32.69567523
1130.000000	3.83414754
1132.000000	68.49016955
1134.000000	80.26630518
1136.000000	-37.75930839
1138.000000	8.00555011
1140.000000	18.64767684
1142.000000	43.16406132
1144.000000	-32.49025196
1146.000000	173.28728391
1148.000000	111.26042261
1150.000000	-47.45677555
1152.000000	66.19958876
1154.000000	-46.14121427
1156.000000	14.43466919
1158.000000	-12.74514109
1160.000000	65.78856842
1162.000000	30.02820040
1164.000000	55.24844556
1166.000000	27.52513403
1168.000000	13.49272674
1170.000000	50.51251866
1172.000000	54.76194024
1174.000000	-40.54597638
1176.000000	9.12759003
1178.000000	100.87672816
1180.000000	15.44130448
1182.000000	8.68608186
1184.000000	-6.60837602
1186.000000	35.80464706
1188.000000	41.59413187
1190.000000	-5.53472808
1192.000000	-30.48118011
1194.000000	-67.67597239
1196.000000	45.71699748
1198.000000	46.14388891
1200.000000	-27.11959289
1202.000000	-58.75306246
1204.000000	-85.08410750
1206.000000	74.03369974
1208.000000	-0.48356848
1210.000000	111.41668736
1212.000000	32.60956925
1214.000000	-88.75253196
1216.000000	52.93773724
1218.000000	-22.24350995
1220.000000	-1.82451812
1222.000000	45.41756021
1224.000000	25.88260627
1226.000000	16.07834999
1228.000000	18.26482023
1230.000000	88.98106443
1232.000000	80.04152554
1234.000000	15.10259012
1236.000000	197.22349050
1238.000000	2.12332414
1240.000000	-27.92288863
1242.000000	141.92165670
1244.000000	42.11794835
1246.000000	-13.96020947
1248.000000	-6.01308736
1250.000000	-165.55672581
1252.000000	38.87267690
1254.000000	21.31757682
1256.000000	-43.03972489
1258.000000	-52.97763432
1260.000000	132.66805643
1262.000000	42.28328751
1264.000000	-17.60016415
1266.000000	-73.33228935
1268.000000	69.90259552
1270.000000	91.78581443
1272.000000	5.16321202
1274.000000	-48.87243491
1276.000000	14.96347378
1278.000000	43.53806577
1280.000000	9.10402863
1282.000000	25.44716911
1284.000000	52.77431228
1286.000000	112.78894359
1288.000000	21.25889969
1290.000000	-45.79182289
1292.000000	62.91056032
1294.000000	-75.26702616
1296.000000	31.62156308
1298.000000	21.36606296
1300.000000	16.25458317
1302.000000	19.96120226
1304.000000	102.55152963
1306.000000	-37.17859901
1308.000000	53.72898308
1310.000000	89.60138780
1312.000000	-62.42633880
1314.000000	50.48703307
1316.000000	-77.37973668
1318.000000	-6.28153085
1320.000000	90.99356311
1322.000000	23.29695616
1324.000000	-46.39430770
1326.000000	-58.52265724
1328.000000	-21.47326457
1330.000000	-13.85751158
1332.000000	-62.60874211
1334.000000	-53.22173738
1336.000000	-47.30996154
1338.000000	87.83526479
1340.000000	-56.35796928
1342.000000	-76.15280401
1344.000000	-67.14777484
1346.000000	-5.80353486
1348.000000	-8.11226182
1350.000000	7.29809339
1352.000000	22.03266087
1354.000000	21.64834583
1356.000000	66.95443734
1358.000000	-15.79061785
1360.000000	-77.96709358
1362.000000	-36.30177977
1364.000000	-43.85916932
1366.000000	-18.68909438
1368.000000	-26.96097551
1370.000000	40.24921947
1372.000000	-20.55541323
1374.000000	16.94653503
1376.000000	-84.36118685
1378.000000	100.20160050
1380.000000	-93.00284503
1382.000000	-44.55439341
1384.000000	4.80786257
1386.000000	133.84008655
1388.000000	2.68622951
1390.000000	53.63591486
1392.000000	-54.01456544
1394.000000	19.95085975
1396.000000	69.75068233
1398.000000	4.49699633
1400.000000	2.26635185
1402.000000	54.03440173
1404.000000	27.00875695
1406.000000	25.65579164
1408.000000	30.17519533
1410.000000	34.32775699
1412.000000	60.23224460
1414.000000	47.62942472
1416.000000	20.21138018
1418.000000	-16.51907818
1420.000000	104.26791060
1422.000000	-62.69585355
1424.000000	64.58911546
1426.000000	65.08913156
1428.000000	44.54269981
1430.000000	2.85618496
1432.000000	69.95942413
1434.000000	-16.12208270
1436.000000	30.85499863
1438.000000	23.90202203
1440.000000	-60.57276612
1442.000000	5.59771912
1444.000000	113.73241506
1446.000000	144.79522667
1448.000000	-13.46681840
1449.000000	-35.56276152
1450.000000	-33.98104695
1451.000000	59.16304554
1452.000000	51.43371328
1453.000000	3.40922755
1454.000000	77.61657769
1455.000000	6.41829340
1456.000000	-14.12438772
1457.000000	-10.48398915
1458.000000	-6.40030452
1459.000000	47.31019802
1460.000000	118.12025053
1461.000000	-3.22569598
1462.000000	106.86219165
1463.000000	0.97547180
1464.000000	19.95445886
1465.000000	-132.49123510
1466.000000	-36.43145164
1467.000000	-50.80821119
1468.000000	29.01075383
1469.000000	48.52313345
1470.000000	43.63907696
1471.000000	66.15161914
1472.000000	-16.18710308
1473.000000	-42.31388276
1474.000000	7.11581490
1475.000000	48.11164150
1476.000000	-22.83383874
1477.000000	43.20708736
1478.000000	64.99128978
1479.000000	-94.42837082
1480.000000	61.18065081
1481.000000	-73.17830543
1482.000000	-99.46674943
1483.000000	59.24475466
1484.000000	69.95160407
1485.000000	34.71479418
1486.000000	-7.09286904
1487.000000	12.46916463
1488.000000	19.47377633
1489.000000	46.06459920
1490.000000	-71.96106468
1491.000000	1.11353106
1492.000000	-39.24661822
1493.000000	-19.06417439
1494.000000	61.60480513
1495.000000	15.42076625
1496.000000	47.52329826
1497.000000	52.47071316
1498.000000	92.26129021
1499.000000	-7.33537848
1500.000000	-29.26470877
1501.000000	-7.68982848
1502.000000	-73.74186025
1503.000000	-56.30613285
1504.000000	-47.99615401
1505.000000	-21.42737929
1506.000000	16.92269314
1507.000000	-75.73911118
1508.000000	9.77320224
1509.000000	12.54454966
1510.000000	67.04210254
1511.000000	-46.77279110
1512.000000	-19.85661064
1513.000000	-44.38429379
1514.000000	18.68420048
1515.000000	-33.24194155
1516.000000	-1.86976997
1517.000000	99.51106599
1518.000000	-15.01283466
1519.000000	23.97851188
1520.000000	-30.00391291
1521.000000	44.43075719
1522.000000	-37.88351235
1523.000000	-13.86608973
1524.000000	-57.35424858
1525.000000	10.02179721
1526.000000	-36.75890021
1527.000000	-90.52547758
1528.000000	72.82577107
1529.000000	-83.95503830
1530.000000	75.96891055
1531.000000	62.58218573
1532.000000	7.07492058
1533.000000	58.76699882
1534.000000	11.01251249
1535.000000	38.62496517
1536.000000	-97.46998012
1537.000000	-2.06489886
1538.000000	-30.70603325
1539.000000	35.93961133
1540.000000	33.65190547
1541.000000	-46.31742036
1542.000000	-65.53846681
1543.000000	25.45144045
1544.000000	-41.31108884
1545.000000	99.11105873
1546.000000	12.09717400
1547.000000	8.21718842
1548.000000	-16.37965082
1549.000000	35.21405328
1550.000000	76.57514721
1551.000000	-16.38952556
1552.000000	18.13465289
1553.000000	71.38210247
1554.000000	-53.79779458
1555.000000	68.02941998
1556.000000	-42.96911398
1557.000000	-38.30594922
1558.000000	31.43490927
1559.000000	-98.99133935
1560.000000	1.14627112
1561.000000	-22.93718933
1562.000000	-4.44217349
1563.000000	51.53673623
1564.000000	-39.97137535
1565.000000	-99.04844687
1566.000000	-35.50119959
1567.000000	-15.36540346
1568.000000	-92.10778365
1569.000000	11.91192177
1570.000000	-26.81961790
1571.000000	7.83836730
1572.000000	-34.48633543
1573.000000	0.22175331
1574.000000	-45.03769015
1575.000000	-59.03974992
1576.000000	2.86948727
1577.000000	-51.79502924
1578.000000	4.72828581
1579.000000	89.62167275
1580.000000	19.87374885
1581.000000	41.24694307
1582.000000	-87.85614453
1583.000000	3.04204416
1584.000000	-61.10601413
1585.000000	21.02153255
1586.000000	-21.27143937
1587.000000	32.37190851
1588.000000	-45.27081471
1589.000000	-66.67417409
1590.000000	-41.88963442
1591.000000	-37.22775220
1592.000000	36.04216198
1593.000000	73.19910345
1594.000000	92.46205825
1595.000000	37.69539684
1596.000000	21.20264373
1597.000000	-33.53029218
1598.000000	11.58893243
1599.000000	-43.44336974
1600.000000	96.91205457
1601.000000	15.55741404
1602.000000	34.66095232
1603.000000	29.19097773
1604.000000	-37.02747672
1605.000000	-46.03755452
1606.000000	1.79920448
1607.000000	-31.67803365
1608.000000	55.63393014
1609.000000	44.21585118
1610.000000	47.05941451
1611.000000	-78.76659971
1612.000000	5.18011759
1613.000000	-22.84386361
1614.000000	34.55288243
1615.000000	45.56203374
1616.000000	14.85699652
1617.000000	-19.73973810
1618.000000	-6.18785153
1619.000000	-39.54562854
1620.000000	-56.37132877
1621.000000	104.19486094
1622.000000	47.70962674
1623.000000	-162.68380791
1624.000000	-84.17050308
1625.000000	44.12082260
1626.000000	-82.44859415
1627.000000	-75.14269138
1628.000000	33.15885641
1629.000000	17.96113963
1630.000000	-40.22708906
1631.000000	20.14241052
1632.000000	-24.18313779
1633.000000	-30.57317715
1634.000000	-126.50745301
1635.000000	-64.49326131
1636.000000	29.84544375
1637.000000	45.04147523
1638.000000	64.61958955
1639.000000	-7.22727308
1640.000000	42.14250785
1641.000000	-1.28616384
1642.000000	111.76159191
1643.000000	33.44364973
1644.000000	139.23407463
1645.000000	-107.55533996
1646.999000	-52.05335068
1647.999000	43.02906808
1648.999000	-27.42061340
1649.999000	18.95990979
1650.999000	33.89776512
1651.999000	-14.41016528
1652.999000	3.16279390
1653.999000	69.71379525
1654.999000	-24.24551507
1655.999000	-36.68089804
1656.999000	-50.26024321
1657.999000	-84.50888795
1658.999000	-8.75657845
1659.999000	-15.94484118
1660.999000	38.24623681
1661.999000	99.80383314
1662.999000	-39.73256671
1663.999000	31.33742783
1664.999000	-86.51822258
1665.999000	26.61227470
1666.999000	25.95526102
1667.999000	-72.52044667
1668.999000	58.05479464
1669.999000	-20.89757964
1670.999000	24.00635203
1671.999000	-10.02836966
1672.999000	60.14214856
1673.999000	-74.16076665
1674.999000	10.77133254
1675.999000	49.59862443
1676.999000	-114.07825766
1677.999000	13.38575859
1678.999000	20.14410759
1679.999000	45.02207215
1680.999000	23.63665600
1681.999000	19.53124249
1682.999000	55.13478001
1683.999000	-4.49289203
1684.999000	-11.70439322
1685.999000	-70.92775478
1686.999000	-36.60906374
1687.999000	62.20722534
1688.999000	71.80040289
1689.999000	-48.24722186
1690.999000	18.09554348
1691.999000	-32.30273419
1692.999000	-0.39682115
1693.999000	37.85861587
1694.999000	61.76526672
1695.999000	-151.96183973
1696.999000	-18.90220284
1697.999000	-63.90605935
1698.999000	-57.60610786
1699.999000	-2.48681564
1700.999000	-92.10505836
1701.999000	-24.57082280
1702.999000	-80.70933592
1703.999000	-39.83315727
1704.999000	7.36683089
1705.999000	67.43025150
1706.999000	50.91384305
1707.999000	43.40600420
1708.999000	-77.06097306
1709.999000	-28.34612665
1710.999000	24.25988974
1711.999000	-37.17495139
1712.999000	-47.34403343
1713.999000	-21.59023073
1714.999000	-18.13133417
1715.999000	-14.80801167
1716.999000	53.32509542
1717.999000	19.76396994
1718.999000	-1.05118523
1719.999000	5.52298255
1720.999000	-41.08599224
1721.999000	-70.14695997
1722.999000	-90.95668271
1723.999000	35.41252810
1724.999000	30.74727584
1725.999000	-27.08234422
1726.999000	-73.75503360
1727.999000	60.31409202
1728.999000	-36.80243654
1729.999000	-4.28170946
1730.999000	-8.14272112
1731.999000	15.04186879
1732.999000	28.46838999
1733.999000	53.04656504
1734.999000	-8.72627941
1735.999000	104.62210156
1736.999000	-108.31313059
1737.999000	-171.33285161
1738.999000	-44.71804108
1739.999000	88.31459587
1740.999000	-10.83675024
1741.999000	-7.60989244
1742.999000	0.17408039
1743.999000	-65.24555253
1744.999000	6.59468195
1745.999000	66.18532394
1746.999000	-62.87337852
1747.999000	57.99321242
1748.999000	-21.24468698
1749.999000	-17.26256636
1750.999000	4.50262033
1751.999000	23.77008338
1752.999000	77.47378412
1753.999000	16.70612408
1754.999000	-37.02443638
1755.999000	-12.13129501
1756.999000	19.22909241
1757.999000	10.16798931
1758.999000	17.33803114
1759.999000	117.36727435
1760.999000	-10.75455197
1761.999000	27.28123499
1762.999000	19.31996890
1763.999000	16.04734435
1764.999000	20.19869003
1765.999000	114.61341643
1766.999000	-43.65335172
1767.999000	79.58195473
1768.999000	-62.97132278
1769.999000	-4.37782389
1770.999000	36.11573106
1771.999000	68.40024557
1772.999000	33.81997719
1773.999000	-6.08658418
1774.999000	38.16617771
1775.999000	50.94133310
1776.999000	-89.83503054
1777.999000	1.50071010
1778.999000	67.42234116
1779.999000	-10.08790041
1780.999000	-68.00516288
1781.999000	14.15911847
1782.999000	39.28243558
1783.999000	-12.06714686
1784.999000	-6.08392261
1785.999000	69.76269756
1786.999000	-66.10652398
1787.999000	48.99660888
1788.999000	-105.62584867
1789.999000	-41.49343297
1790.999000	-53.20989523
1791.999000	54.87794217
1792.999000	-2.09830397
1793.999000	-66.71420941
1794.999000	-39.37598027
1795.999000	-67.03219361
1796.999000	-55.40426215
1797.999000	78.42356123
1798.999000	-9.16182532
1799.999000	44.88658958
1800.999000	-38.98789272
1801.999000	-31.36256460
1802.999000	4.69294828
1803.999000	5.72411479
1804.999000	23.13763542
1805.999000	-64.44610172
1806.999000	-28.16868687
1807.999000	78.23630885
1808.999000	-24.50460363
1809.999000	-11.14831443
1810.999000	12.00552036
1811.999000	8.23006509
1812.999000	11.96302671
1813.999000	4.15593515
1814.999000	71.06716861
1815.999000	74.26946051
1816.999000	16.31693251
1817.999000	-34.65347376
1818.999000	94.49066491
1819.999000	54.95490013
1820.999000	42.79428925
1821.999000	5.77290882
1822.999000	-23.01509677
1823.999000	44.24611829
1824.999000	23.17078733
1825.999000	-34.56156220
1826.999000	25.41254065
1827.999000	42.01914437
1828.999000	6.42846380
1829.999000	-21.15595783
1830.999000	11.78456850
1831.999000	63.56015469
1832.999000	35.91789642
1833.999000	-4.45413879
1834.999000	73.19630057
1835.999000	31.77180411
1836.999000	93.08363975
1837.999000	65.76800813
1838.999000	85.29974034
1839.999000	-18.57670240
1840.999000	15.56309680
1841.999000	47.79769399
1842.999000	6.85170591
1843.999000	20.17213375
1844.999000	59.10668138
1845.999000	-95.41562431
1846.999000	79.27822595
1847.999000	-13.40317692
1848.999000	-23.45367165
1849.999000	15.70829739
1850.999000	-11.27995340
1851.999000	-38.83171996
1852.999000	-100.23870767
1853.999000	-87.45752650
1854.999000	-38.81320908
1855.999000	-29.05557491
1856.999000	-35.53355326
1857.999000	28.99329085
1858.999000	74.90790173
1859.999000	-90.39195525
1860.999000	44.56209168
1861.999000	-15.32353278
1862.999000	30.63402044
1863.999000	50.86924139
1864.999000	-111.83550578
1865.999000	42.06014692
1866.999000	-40.11915715
1867.999000	20.81128482
1868.999000	-144.34858439
1869.999000	11.58256137
1870.999000	-74.51371832
1871.999000	-12.26333991
1872.999000	83.48015553
1873.999000	30.07866914
1874.999000	-16.46350601
1875.999000	-19.29672719
1876.999000	-33.72204403
1877.999000	46.50233705
1878.999000	49.65348401
1879.999000	108.06448398
1880.999000	-22.49760334
1881.999000	34.44298424
1882.999000	23.35868331
1883.999000	39.51047838
1884.999000	-19.79126680
1885.999000	-14.04445381
1886.999000	-22.40919660
1887.999000	60.86877868
1888.999000	-21.86202122
1889.999000	-22.74892200
1890.999000	73.99400130
1891.999000	20.19270511
1892.999000	35.18806576
1893.999000	78.56644612
1894.999000	-57.72184829
1895.999000	43.82420109
1896.999000	2.53243507
1897.999000	48.04144128
1898.999000	17.09773326
