# F(k,t) correlation function
# Reference time: 200.001 ps
# lag_time_ps	F(k,t)
0.000000	371.21034676
1.000000	3.37267849
3.000000	-3.97260601
5.000000	-23.09257140
7.000000	-4.82824121
9.000000	5.75430514
11.000000	58.11561471
13.000000	-34.65009905
15.000000	-44.35467524
17.000000	-92.42642271
19.000000	-36.20981377
21.000000	-51.13884812
23.000000	7.87123554
25.000000	-25.38143167
27.000000	-53.49904331
29.000000	41.63807150
31.000000	13.41750165
33.000000	38.56428468
35.000000	-29.04178944
37.000000	10.25451702
39.000000	-29.64895630
41.000000	51.17879292
43.000000	-32.27621108
45.000000	-23.56671284
47.000000	-29.44122447
49.000000	12.89185468
51.000000	-45.29547882
53.000000	6.10967271
55.000000	-30.56106781
57.000000	-13.07382090
59.000000	8.54496474
61.000000	-13.00937279
63.000000	90.78418333
65.000000	-52.24551554
67.000000	-30.83088726
69.000000	-50.48566940
71.000000	9.18752656
73.000000	30.69756365
75.000000	34.73962983
77.000000	-71.65090599
79.000000	43.36549691
81.000000	-53.97857897
83.000000	27.53129559
85.000000	41.85553099
87.000000	-72.44051704
89.000000	17.52073830
91.000000	9.10295526
93.000000	22.01341365
95.000000	4.55981829
97.000000	41.86392635
99.000000	5.33764910
101.000000	-55.07376481
103.000000	-15.55727378
105.000000	57.51726360
107.000000	35.51832373
109.000000	9.51918242
111.000000	35.20960935
113.000000	16.91892028
115.000000	11.62491729
117.000000	116.41548917
119.000000	1.27241910
121.000000	71.06041047
123.000000	-56.25707375
125.000000	-18.54511053
127.000000	-13.85304240
129.000000	-21.94199480
131.000000	-95.01019118
133.000000	4.21948287
135.000000	-42.33702937
137.000000	-89.43517882
139.000000	5.22787022
141.000000	40.81205957
143.000000	-14.04902313
145.000000	-3.18394630
147.000000	-25.52084980
149.000000	6.88565254
151.000000	-12.50781798
153.000000	26.43715844
155.000000	11.63919234
157.000000	-65.13227404
159.000000	16.12623792
161.000000	9.39803963
163.000000	65.23329234
165.000000	13.87697629
167.000000	-35.16033889
169.000000	-83.02716024
171.000000	17.53442645
173.000000	13.94798109
175.000000	-24.28817541
177.000000	-84.42777971
179.000000	11.64643633
181.000000	49.60915343
183.000000	-114.19652846
185.000000	-11.12470009
187.000000	53.54915435
189.000000	-45.08266276
191.000000	1.42720455
193.000000	72.11734896
195.000000	-85.31024129
197.000000	3.01883536
199.000000	-64.61322982
201.000000	4.64770051
203.000000	-105.54275328
205.000000	25.38047807
207.000000	-10.60963832
209.000000	93.31116838
211.000000	44.17193606
213.000000	45.90972125
215.000000	-57.51487306
217.000000	-28.55504556
219.000000	-19.62329961
221.000000	-7.23774810
223.000000	32.77954752
225.000000	10.15775951
227.000000	-17.54703685
229.000000	-37.68562083
231.000000	5.62811657
233.000000	-22.03441996
235.000000	-63.58510553
237.000000	62.29245625
239.000000	-17.86156893
241.000000	41.04887210
243.000000	2.69386376
245.000000	-13.88754460
247.000000	-6.92296059
249.000000	-59.95066866
251.000000	77.89620635
253.000000	-64.32361433
255.000000	-56.57319880
257.000000	31.20790473
259.000000	5.74559387
261.000000	-17.12455197
263.000000	-3.11959254
265.000000	17.35297554
267.000000	37.72377801
269.000000	32.10546345
271.000000	57.89486989
273.000000	-8.47581793
275.000000	29.76437147
277.000000	3.41787326
279.000000	53.21335821
281.000000	56.45181405
283.000000	-6.23963295
285.000000	54.07914828
287.000000	23.86820711
289.000000	3.80805200
291.000000	23.03945276
293.000000	70.09846798
295.000000	19.33328275
297.000000	38.85425238
299.000000	9.87884369
301.000000	21.83114541
303.000000	45.55089188
305.000000	71.37457619
307.000000	-18.66618609
309.000000	17.01185682
311.000000	-4.05064154
313.000000	26.07280293
315.000000	-0.44452157
317.000000	-23.98176865
319.000000	-37.03909977
321.000000	-0.71534515
323.000000	17.88463733
325.000000	66.16228384
327.000000	4.04676710
329.000000	-13.69938922
331.000000	-44.99489622
333.000000	62.16689664
335.000000	-72.26361776
337.000000	18.77428837
339.000000	29.86487310
341.000000	-11.40330313
343.000000	-39.17572298
345.000000	-26.76354571
347.000000	59.63688110
349.000000	-29.79421142
351.000000	-28.55930000
353.000000	-19.60325635
355.000000	1.94865030
357.000000	25.96557053
359.000000	-83.36861275
361.000000	35.62066815
363.000000	-48.87344539
365.000000	-14.00435474
367.000000	7.28225355
369.000000	-26.03912975
371.000000	58.86520091
373.000000	-48.87562949
375.000000	-18.61690565
377.000000	-10.12485358
379.000000	50.45733997
381.000000	27.23815178
383.000000	22.66090471
385.000000	-15.41100694
387.000000	20.32866887
389.000000	-23.64112620
391.000000	-43.44275354
393.000000	-73.10402828
395.000000	26.24980591
397.000000	24.65636312
399.000000	-17.24069857
401.000000	5.67112874
403.000000	-48.55958145
405.000000	-42.88926303
407.000000	7.34746021
409.000000	32.56290382
411.000000	24.94270636
413.000000	31.54221247
415.000000	-84.52793416
417.000000	55.86160422
419.000000	43.24098696
421.000000	69.08389471
423.000000	1.54803382
425.000000	14.24675850
427.000000	-31.78399287
429.000000	-17.65701359
431.000000	-36.54409052
433.000000	-39.83438953
435.000000	-74.59257609
437.000000	60.74354695
439.000000	-45.49472812
441.000000	73.63705134
443.000000	64.97619698
445.000000	8.58533961
447.000000	76.68233656
449.000000	22.29593674
451.000000	53.93518601
453.000000	-8.98790664
455.000000	7.14491516
457.000000	-38.53691523
459.000000	-73.60340324
461.000000	39.49259350
463.000000	-83.98286756
465.000000	49.74363632
467.000000	43.35746602
469.000000	-68.67349953
471.000000	0.25929755
473.000000	13.34654058
475.000000	86.58937415
477.000000	-2.86782355
479.000000	-3.87543551
481.000000	-105.98168735
483.000000	19.15488713
485.000000	-0.08614244
487.000000	51.46477103
489.000000	75.75072499
491.000000	23.45072326
493.000000	-9.02591466
495.000000	-8.73055082
497.000000	61.18653762
499.000000	3.76383479
501.000000	29.16858947
503.000000	-53.99139099
505.000000	37.75919764
507.000000	21.77444749
509.000000	-26.03106527
511.000000	73.36671915
513.000000	29.00506829
515.000000	3.43524702
517.000000	35.00212476
519.000000	61.32923201
521.000000	-29.71554474
523.000000	36.83625012
525.000000	-7.34863483
527.000000	-2.96940507
529.000000	28.29020979
531.000000	-12.38872473
533.000000	92.83534371
535.000000	40.68463770
537.000000	96.79644673
539.000000	-28.66320329
541.000000	7.53333684
543.000000	31.34403114
545.000000	30.66393161
547.000000	86.02603935
549.000000	12.18309166
551.000000	59.33106271
553.000000	32.26141094
555.000000	-54.37081551
557.000000	9.52842824
559.000000	-45.11532518
561.000000	-4.11142334
563.000000	-20.16136130
565.000000	156.54979565
567.000000	48.77840629
569.000000	-10.36413978
571.000000	-50.32993050
573.000000	38.85817515
575.000000	17.08575348
577.000000	-47.36420261
579.000000	70.18227105
581.000000	-7.83314998
583.000000	-82.44583275
585.000000	-1.99629835
587.000000	-26.29924466
589.000000	-23.06232254
591.000000	-66.36687350
593.000000	19.61293989
595.000000	-27.20789914
597.000000	29.01555848
599.000000	26.50875602
601.000000	27.63464567
603.000000	18.97399047
605.000000	41.54442332
607.000000	-11.67537471
609.000000	43.33452851
611.000000	56.15744910
613.000000	14.62046913
615.000000	0.57834838
617.000000	12.58039326
619.000000	-30.19477238
621.000000	-36.93575999
623.000000	31.86404688
625.000000	53.08180684
627.000000	-77.13451820
629.000000	-3.22800366
631.000000	51.32782903
633.000000	-9.00198451
635.000000	-5.15527022
637.000000	-13.26066878
639.000000	107.99409472
641.000000	-21.90469637
643.000000	-5.22516981
645.000000	-12.68734834
647.000000	-9.68302547
649.000000	-47.92133055
651.000000	-11.40861906
653.000000	13.09945648
655.000000	-85.85444835
657.000000	-57.10033201
659.000000	-20.78253763
661.000000	-5.30390252
663.000000	96.26361213
665.000000	-73.48082198
667.000000	28.76577197
669.000000	-78.33683527
671.000000	17.82842312
673.000000	-34.71436041
675.000000	89.22753767
677.000000	14.99650598
679.000000	12.93806451
681.000000	-18.44467579
683.000000	-55.54846627
685.000000	0.88651403
687.000000	0.80740266
689.000000	28.59138778
691.000000	-10.16097043
693.000000	38.11539509
695.000000	8.61010678
697.000000	-73.43075079
699.000000	-19.92877352
701.000000	-18.17632280
703.000000	39.56931214
705.000000	22.61536378
707.000000	-52.04538403
709.000000	25.36024899
711.000000	-17.51586768
713.000000	36.57430618
715.000000	18.27496378
717.000000	-75.51286869
719.000000	3.24346575
721.000000	3.89383211
723.000000	26.65962111
725.000000	0.95550908
727.000000	-4.18712079
729.000000	-83.01965475
731.000000	50.79431442
733.000000	-39.26421283
735.000000	24.41390388
737.000000	-6.13281743
739.000000	4.94106096
741.000000	16.98128727
743.000000	45.39058890
745.000000	-47.26835644
747.000000	-20.29577367
749.000000	12.19332452
751.000000	1.42070978
753.000000	34.95220685
755.000000	28.05234053
757.000000	-47.81207534
759.000000	-42.43247031
761.000000	66.89174868
763.000000	-51.79349010
765.000000	-43.77152474
767.000000	-46.06165194
769.000000	-52.52427106
771.000000	22.86354323
773.000000	-46.96262118
775.000000	-34.38247949
777.000000	-21.86420437
779.000000	-23.07051851
781.000000	-63.38715698
783.000000	-47.17458924
785.000000	8.62880651
787.000000	-21.32612029
789.000000	-13.11733320
791.000000	-12.95777908
793.000000	24.17611022
795.000000	-40.08496132
797.000000	19.74010372
799.000000	-4.46190699
801.000000	-53.06981072
803.000000	7.92889597
805.000000	-2.21301553
807.000000	-60.68476607
809.000000	-9.19575777
811.000000	15.34088481
813.000000	4.54586828
815.000000	6.99217539
817.000000	40.09965377
819.000000	14.40696117
821.000000	29.36724533
823.000000	-10.64631262
825.000000	29.24371803
827.000000	-41.56178515
829.000000	72.62280947
831.000000	-12.57352271
833.000000	-53.55104891
835.000000	-40.64108641
837.000000	-12.86925125
839.000000	-10.20706776
841.000000	-5.63556883
843.000000	5.00374875
845.000000	18.39723554
847.000000	-60.80218784
849.000000	-37.95856773
851.000000	-47.26568331
853.000000	-25.45600762
855.000000	11.59461641
857.000000	57.96916728
859.000000	29.96291467
861.000000	-2.58376506
863.000000	4.14532561
865.000000	-53.07248710
867.000000	-44.90030061
869.000000	31.71162469
871.000000	-31.58764183
873.000000	37.16793985
875.000000	-52.05820541
877.000000	-25.52856504
879.000000	3.85528522
881.000000	4.69676922
883.000000	72.69871681
885.000000	43.33503621
887.000000	51.76794474
889.000000	-16.06733189
891.000000	-18.62325843
893.000000	39.06148424
895.000000	-37.94917368
897.000000	55.43669138
899.000000	-41.28530105
901.000000	74.83528107
903.000000	25.83144429
905.000000	-29.34804356
907.000000	-1.59369114
909.000000	-13.25575486
911.000000	-23.07752884
913.000000	-43.29427584
915.000000	79.93957954
917.000000	-72.94045396
919.000000	6.15649349
921.000000	15.95852423
923.000000	49.85130680
925.000000	-40.06594060
927.000000	-28.91231653
929.000000	-72.21213719
931.000000	17.05334848
933.000000	5.28677798
935.000000	-7.26019489
937.000000	-0.06300703
939.000000	-32.06576805
941.000000	-79.58484769
943.000000	17.99553164
945.000000	70.84184234
947.000000	22.56242583
949.000000	-0.55037289
951.000000	-10.46073324
953.000000	41.52083472
955.000000	16.32805207
957.000000	-58.70554471
959.000000	34.67562059
961.000000	23.18292199
963.000000	-16.74517784
965.000000	-99.02657029
967.000000	-45.67812985
969.000000	-10.37536896
971.000000	-88.57793252
973.000000	1.56438103
975.000000	22.52852952
977.000000	19.81583749
979.000000	42.27598653
981.000000	95.97111895
983.000000	3.67557633
985.000000	-32.12147010
987.000000	-29.02661430
989.000000	-18.16230198
991.000000	-41.23713297
993.000000	-2.74654263
995.000000	36.38167533
997.000000	-7.51403357
999.000000	-54.64938728
1001.000000	18.53732275
1003.000000	-12.38137954
1005.000000	27.79440520
1007.000000	-0.74860130
1009.000000	25.12160366
1011.000000	44.42463458
1013.000000	101.44464731
1015.000000	-23.16144927
1017.000000	-2.04466626
1019.000000	-8.92612809
1021.000000	3.58953426
1023.000000	-71.91218664
1025.000000	74.47232469
1027.000000	-53.01707481
1029.000000	4.97713518
1031.000000	19.62555048
1033.000000	-10.47914683
1035.000000	46.30386898
1037.000000	-1.93619790
1039.000000	3.26012322
1041.000000	87.97714496
1043.000000	-73.33204046
1045.000000	28.39742465
1047.000000	18.91031597
1049.000000	58.90481335
1051.000000	46.23045352
1053.000000	76.98542896
1055.000000	16.36353970
1057.000000	-20.89733718
1059.000000	14.57709065
1061.000000	22.51781267
1063.000000	-14.51740297
1065.000000	4.87748235
1067.000000	18.01500755
1069.000000	10.51182816
1071.000000	-83.40191068
1073.000000	-7.08910586
1075.000000	-32.76160705
1077.000000	-22.58396098
1079.000000	82.67290699
1081.000000	-14.04454815
1083.000000	-30.06466949
1085.000000	-49.61965540
1087.000000	72.03380501
1089.000000	-21.31107393
1091.000000	-23.01045237
1093.000000	57.51065985
1095.000000	-0.87401002
1097.000000	16.86697967
1099.000000	19.15458043
1101.000000	60.44277970
1103.000000	1.51148594
1105.000000	-47.73183414
1107.000000	-54.03395590
1109.000000	3.19689793
1111.000000	37.54214484
1113.000000	-4.81350071
1115.000000	-92.87002255
1117.000000	43.40850143
1119.000000	11.39398158
1121.000000	2.47930583
1123.000000	19.60431986
1125.000000	33.23452546
1127.000000	-5.79491146
1129.000000	12.58043373
1131.000000	-32.01571589
1133.000000	-12.93048316
1135.000000	58.99939517
1137.000000	-57.40327668
1139.000000	-7.83831500
1141.000000	-37.75883506
1143.000000	84.30286922
1145.000000	63.35842545
1147.000000	-63.21244181
1149.000000	5.77228468
1151.000000	11.86959642
1153.000000	10.90552883
1155.000000	32.75051963
1157.000000	73.39957598
1159.000000	-40.26913249
1161.000000	-11.05915491
1163.000000	-20.54039445
1165.000000	81.79380716
1167.000000	-34.21586983
1169.000000	-9.43104044
1171.000000	-43.94913191
1173.000000	-43.78863999
1175.000000	-52.17629170
1177.000000	55.11029160
1179.000000	10.62920275
1181.000000	7.02246550
1183.000000	102.41955391
1185.000000	6.58068709
1187.000000	-7.49776551
1189.000000	-4.26577133
1191.000000	-55.10198484
1193.000000	-3.61576607
1195.000000	-4.11353935
1197.000000	1.47917990
1199.000000	-13.58169364
1201.000000	-5.72060847
1203.000000	20.31830114
1205.000000	-80.84084998
1207.000000	-32.34967319
1209.000000	-0.38804567
1211.000000	-35.13693816
1213.000000	74.53673958
1215.000000	-78.44586080
1217.000000	-4.50598411
1219.000000	34.43887487
1221.000000	42.72087696
1223.000000	-32.43579125
1225.000000	10.55873747
1227.000000	-3.07551894
1229.000000	-59.60698452
1231.000000	1.54752429
1233.000000	-32.99685925
1235.000000	72.73430740
1237.000000	-15.44861709
1239.000000	31.45189224
1241.000000	-2.39715164
1243.000000	0.34795563
1245.000000	3.51645934
1247.000000	-63.65160053
1249.000000	10.97442624
1251.000000	-8.14734532
1253.000000	-37.01797724
1255.000000	-35.05822292
1257.000000	24.62172388
1259.000000	-46.61019459
1261.000000	108.66943968
1263.000000	40.65352912
1265.000000	34.71984576
1267.000000	5.29291330
1269.000000	-26.93946673
1271.000000	7.00815609
1273.000000	-53.08734329
1275.000000	10.23112419
1277.000000	60.33899922
1279.000000	-7.44837273
1281.000000	29.60894266
1283.000000	0.40390262
1285.000000	-27.24927525
1287.000000	24.16110376
1289.000000	-5.03407746
1291.000000	-55.51038060
1293.000000	-13.90083765
1295.000000	-19.31212697
1297.000000	39.56997370
1299.000000	-39.15188085
1301.000000	6.67961254
1303.000000	16.35353280
1305.000000	59.82805513
1307.000000	1.49840857
1309.000000	26.44285998
1311.000000	8.78093097
1313.000000	85.85705834
1315.000000	37.73677070
1317.000000	38.16600863
1319.000000	103.90745357
1321.000000	-17.42948742
1323.000000	21.17780686
1325.000000	-70.83831139
1327.000000	-46.51950492
1329.000000	-22.56586033
1331.000000	-11.62589830
1333.000000	120.71126245
1335.000000	-29.08330055
1337.000000	-61.78068028
1339.000000	-36.67192352
1341.000000	56.24224366
1343.000000	21.64204522
1345.000000	-95.24389232
1347.000000	71.65220828
1349.000000	16.81335438
1351.000000	23.05260286
1353.000000	39.92536795
1355.000000	35.06244287
1357.000000	47.53151840
1359.000000	51.86849104
1361.000000	37.33383671
1363.000000	23.94421234
1365.000000	37.42389090
1367.000000	-2.62663901
1369.000000	62.21067268
1371.000000	-39.09417113
1373.000000	-3.72122284
1375.000000	-43.76011363
1377.000000	-57.58689632
1379.000000	-17.37118321
1381.000000	43.09497171
1383.000000	-68.70355317
1385.000000	-22.52291194
1387.000000	26.12599284
1389.000000	-57.02961813
1391.000000	108.29721053
1393.000000	-59.37621676
1395.000000	22.34288379
1397.000000	6.19000763
1399.000000	-12.65975553
1401.000000	56.17761858
1403.000000	-87.28527036
1405.000000	-50.02980055
1407.000000	-6.25541240
1409.000000	83.68531838
1411.000000	-44.68090788
1413.000000	-34.54646640
1415.000000	-8.33252884
1417.000000	33.36442161
1419.000000	85.55118738
1421.000000	-41.01502221
1423.000000	20.53914630
1425.000000	0.24658923
1427.000000	30.20275666
1429.000000	28.46450447
1431.000000	37.84167511
1433.000000	-42.42532646
1435.000000	62.73280087
1437.000000	71.86543899
1439.000000	10.28420150
1441.000000	-26.50971917
1443.000000	30.87356939
1445.000000	-26.16411010
1447.000000	-39.73623910
1449.000000	44.82463515
1451.000000	-66.69618542
1453.000000	8.19218597
1455.000000	-111.74252279
1457.000000	-33.46909916
1459.000000	-4.93236518
1461.000000	114.64417722
1463.000000	8.31689766
1465.000000	-101.05226811
1467.000000	103.90676183
1469.000000	44.80501612
1471.000000	-68.25517539
1473.000000	57.32856974
1475.000000	88.09527124
1477.000000	0.33177793
1479.000000	17.80785229
1481.000000	45.99194608
1483.000000	0.07802172
1485.000000	2.95788722
1487.000000	-63.60228484
1489.000000	-12.34571576
1491.000000	-8.65986412
1493.000000	28.87572301
1495.000000	-72.26578536
1497.000000	4.58555046
1499.000000	9.47806655
1501.000000	-32.56477098
1503.000000	-14.30924950
1505.000000	-90.45464152
1507.000000	12.50509715
1509.000000	-32.73209769
1511.000000	-7.34067647
1513.000000	-12.90609334
1515.000000	-27.30062566
1517.000000	-51.38319158
1519.000000	58.73736151
1521.000000	-9.83960445
1523.000000	28.93251981
1525.000000	-27.35516117
1527.000000	-73.15829335
1529.000000	24.73093801
1531.000000	79.19160414
1533.000000	-64.15551634
1535.000000	8.93089896
1537.000000	35.79519413
1539.000000	-4.91472953
1541.000000	62.56395154
1543.000000	111.68889290
1545.000000	-20.71782998
1547.000000	14.59127262
1549.000000	-1.52833429
1551.000000	30.70265818
1553.000000	-31.58788210
1555.000000	25.40579836
1557.000000	21.57324715
1559.000000	-21.04752780
1561.000000	34.32816093
1563.000000	41.97200926
1565.000000	23.57838754
1567.000000	3.47551421
1569.000000	-27.32601950
1571.000000	30.91023865
1573.000000	-2.24374843
1575.000000	58.66847907
1577.000000	-8.20727813
1579.000000	-19.76216089
1581.000000	-27.65423988
1583.000000	-66.67802897
1585.000000	-5.66743605
1587.000000	6.91790629
1589.000000	7.94621334
1591.000000	-52.27367034
1593.000000	-5.38150309
1595.000000	0.52898616
1597.000000	21.16030945
1599.000000	-20.05656688
1601.000000	-8.12986034
1603.000000	21.27697206
1605.000000	26.93978361
1607.000000	94.91808767
1609.000000	17.25761361
1611.000000	-66.85317870
1613.000000	-51.61708203
1615.000000	71.84096561
1617.000000	68.95006515
1619.000000	10.40105226
1621.000000	20.01195475
1623.000000	-38.59118629
1625.000000	-1.17430330
1627.000000	30.44948646
1629.000000	-30.83902724
1631.000000	-27.76704690
1633.000000	-26.47205523
1635.000000	-33.29850698
1637.000000	68.43575170
1639.000000	-65.58358342
1641.000000	14.75006424
1643.000000	82.98809171
1645.000000	-35.04986374
1647.000000	-0.36000266
1649.000000	35.83638252
1650.000000	14.90702831
1651.000000	-39.34214321
1652.000000	43.47413940
1653.000000	34.24205232
1654.000000	18.07980517
1655.000000	25.58215045
1656.000000	-33.49124875
1657.000000	53.84062182
1658.000000	64.52081755
1659.000000	-36.02777606
1660.000000	-57.51898188
1661.000000	-11.55594877
1662.000000	-31.03123407
1663.000000	-3.11799157
1664.000000	-20.13085146
1665.000000	-25.59095567
1666.000000	10.81685283
1667.000000	-57.91728904
1668.000000	-26.55633996
1669.000000	-0.51511525
1670.000000	1.36140787
1671.000000	-53.33691189
1672.000000	30.48714258
1673.000000	24.78130493
1674.000000	-36.26068008
1675.000000	-87.44112335
1676.000000	-31.15164152
1677.000000	-2.72610274
1678.000000	68.55161789
1679.000000	-33.05366521
1680.000000	-31.51469136
1681.000000	59.51433180
1682.000000	41.63217351
1683.000000	-14.28636213
1684.000000	83.15452421
1685.000000	-33.49206225
1686.000000	16.32756834
1687.000000	52.70144108
1688.000000	15.95816398
1689.000000	-14.62306954
1690.000000	-13.70321494
1691.000000	10.18003811
1692.000000	49.53254186
1693.000000	-36.13684227
1694.000000	-5.62141590
1695.000000	-89.33097446
1696.000000	-6.83484781
1697.000000	60.53025313
1698.000000	3.63130596
1699.000000	-34.01272816
1700.000000	7.32314906
1701.000000	-101.59316415
1702.000000	-115.54263200
1703.000000	22.46383396
1704.000000	-5.55125077
1705.000000	-11.17419049
1706.000000	-36.43687668
1707.000000	-26.31645057
1708.000000	37.77876485
1709.000000	2.69039992
1710.000000	-11.39166557
1711.000000	-91.40441706
1712.000000	29.04079541
1713.000000	63.59972155
1714.000000	-50.59675853
1715.000000	-30.61938838
1716.000000	10.61336163
1717.000000	16.38839871
1718.000000	-10.35839480
1719.000000	61.88300628
1720.000000	60.82423662
1721.000000	-4.07897843
1722.000000	13.97072221
1723.000000	56.94768047
1724.000000	-13.05016527
1725.000000	33.58373035
1726.000000	-87.32276873
1727.000000	27.27586706
1728.000000	8.63144480
1729.000000	54.20436730
1730.000000	-39.81560166
1731.000000	-13.00190465
1732.000000	1.94038368
1733.000000	-58.11179478
1734.000000	32.00680372
1735.000000	-72.44213055
1736.000000	22.47026971
1737.000000	-59.03342179
1738.000000	-57.91620691
1739.000000	-42.17730417
1740.000000	-54.96974819
1741.000000	-24.26432497
1742.000000	49.18245789
1743.000000	8.82691691
1744.000000	26.32826653
1745.000000	-54.09567697
1746.000000	32.20910064
1747.000000	29.54071863
1748.000000	-30.10470605
1749.000000	68.10663914
1750.000000	-39.12265651
1751.000000	-23.02318642
1752.000000	48.86046865
1753.000000	-5.02730996
1754.000000	21.76819513
1755.000000	-96.07473973
1756.000000	39.64728470
1757.000000	-42.20961691
1758.000000	62.41994826
1759.000000	70.36392968
1760.000000	92.40973962
1761.000000	22.72558057
1762.000000	8.52370112
1763.000000	34.71885555
1764.000000	-17.15521055
1765.000000	56.46200581
1766.000000	47.62342767
1767.000000	-83.40296916
1768.000000	1.48967436
1769.000000	88.96289076
1770.000000	-46.79926149
1771.000000	17.90032432
1772.000000	-12.50755456
1773.000000	16.80930102
1774.000000	-16.28600651
1775.000000	44.52731117
1776.000000	-20.88254336
1777.000000	69.11851780
1778.000000	11.95774576
1779.000000	27.03204693
1780.000000	3.10246402
1781.000000	-2.62458734
1782.000000	38.54368294
1783.000000	-36.19876268
1784.000000	-42.35605885
1785.000000	15.16679117
1786.000000	-93.38078306
1787.000000	-12.41339978
1788.000000	40.85825572
1789.000000	4.26047765
1790.000000	5.45640620
1791.000000	30.23985814
1792.000000	4.53628157
1793.000000	-42.06909616
1794.000000	25.79944943
1795.000000	-8.63501101
1796.000000	-16.45584222
1797.000000	2.36047916
1798.000000	38.22173683
1799.000000	41.10219394
1800.000000	22.79651667
1801.000000	-11.40517050
1802.000000	-77.58673896
1803.000000	-34.15285439
1804.000000	23.21196994
1805.000000	8.97930580
1806.000000	12.27916211
1807.000000	1.39107163
1808.000000	39.23361537
1809.000000	-82.61769808
1810.000000	61.89490686
1811.000000	-66.20109269
1812.000000	55.61572854
1813.000000	36.95655088
1814.000000	-23.94736607
1815.000000	-28.19290046
1816.000000	3.18628816
1817.000000	21.72871271
1818.000000	0.35436716
1819.000000	5.09286666
1820.000000	33.03734522
1821.000000	31.16501663
1822.000000	7.03467476
1823.000000	-10.43670595
1824.000000	26.55312797
1825.000000	40.83593299
1826.000000	-29.58694623
1827.000000	-12.20893140
1828.000000	-18.52318880
1829.000000	-35.14663526
1830.000000	-13.22673752
1831.000000	9.90768771
1832.000000	11.35976225
1833.000000	13.20789396
1834.000000	56.77824433
1835.000000	46.82292808
1836.000000	-9.93154132
1837.000000	-12.83182454
1838.000000	-33.36023102
1839.000000	-84.55188171
1840.000000	-8.69958262
1841.000000	22.31190798
1842.000000	-50.28027810
1843.000000	13.65329428
1844.000000	29.04223622
1845.000000	-47.68944779
1846.000000	15.89280519
1847.999000	-29.21374540
1848.999000	32.18743971
1849.999000	30.56987406
1850.999000	-75.32222810
1851.999000	116.16338973
1852.999000	31.84295323
1853.999000	-9.90863839
1854.999000	26.65384777
1855.999000	17.64771332
1856.999000	-31.11963507
1857.999000	-28.98481019
1858.999000	16.17286102
1859.999000	-42.13670489
1860.999000	-10.77193707
1861.999000	-66.60817282
1862.999000	-28.92887147
1863.999000	2.29917438
1864.999000	-1.09328975
1865.999000	64.96494423
1866.999000	-46.31351503
1867.999000	-81.00286799
1868.999000	-93.02398158
1869.999000	22.12449696
1870.999000	-21.32539044
1871.999000	-13.94004464
1872.999000	-55.60285602
1873.999000	-13.34881376
1874.999000	-60.76602329
1875.999000	96.22377412
1876.999000	-23.60099532
1877.999000	-31.06689363
1878.999000	-11.62849869
1879.999000	-35.56106124
1880.999000	16.51234849
1881.999000	-60.28896423
1882.999000	-15.06301263
1883.999000	-32.90242693
1884.999000	7.55917365
1885.999000	-34.25084350
1886.999000	17.84702817
1887.999000	-5.15625375
1888.999000	-11.84564437
1889.999000	-23.79524620
1890.999000	-64.73850161
1891.999000	11.02835823
1892.999000	17.96207536
1893.999000	-7.02950083
1894.999000	-12.03329631
1895.999000	44.25257433
1896.999000	-21.74877335
1897.999000	-36.74084847
1898.999000	50.23155605
1899.999000	6.55231283
1900.999000	-92.19630341
1901.999000	-39.57391443
1902.999000	53.94583115
1903.999000	-85.70543278
1904.999000	-69.18201478
1905.999000	17.26429518
1906.999000	-25.26871709
1907.999000	52.34351668
1908.999000	28.73639688
1909.999000	4.96109189
1910.999000	-65.78465085
1911.999000	-17.97238042
1912.999000	-41.45232343
1913.999000	-8.04609411
1914.999000	-119.75056330
1915.999000	-19.22942433
1916.999000	74.60894151
1917.999000	-60.75939423
1918.999000	-77.71835997
1919.999000	-8.64998182
1920.999000	-12.84663098
1921.999000	-16.98418140
1922.999000	-7.22082724
1923.999000	17.48380205
1924.999000	12.25144223
1925.999000	-30.17292919
1926.999000	0.61187530
1927.999000	44.55618851
1928.999000	45.88585299
1929.999000	9.21380922
1930.999000	22.05365228
1931.999000	39.28298623
1932.999000	-9.85530327
1933.999000	108.71074001
1934.999000	36.05268694
1935.999000	-50.63127888
1936.999000	-67.14008033
1937.999000	-63.85241173
1938.999000	1.13033787
1939.999000	61.23505777
1940.999000	-75.54311954
1941.999000	-96.13583357
1942.999000	26.03092242
1943.999000	-15.17755345
1944.999000	-3.64121965
1945.999000	-7.29260221
1946.999000	37.10679569
1947.999000	-62.22280455
1948.999000	47.66048758
1949.999000	-19.28312654
1950.999000	-100.17385105
1951.999000	17.29259036
1952.999000	-8.33666319
1953.999000	8.39236655
1954.999000	-8.01492145
1955.999000	3.65572857
1956.999000	-37.64066100
1957.999000	35.12401534
1958.999000	-25.16729619
1959.999000	18.45153732
1960.999000	-3.32645550
1961.999000	-76.87464180
1962.999000	12.82973660
1963.999000	22.62526015
1964.999000	-23.44044237
1965.999000	3.18495941
1966.999000	43.74664805
1967.999000	-56.55367837
1968.999000	90.70415174
1969.999000	-6.29261193
1970.999000	-10.83601296
1971.999000	-7.09332331
1972.999000	-67.55780697
1973.999000	53.30724894
1974.999000	-54.02694590
1975.999000	12.51520261
1976.999000	-14.48483810
1977.999000	64.23727133
1978.999000	67.66721685
1979.999000	7.78473029
1980.999000	-13.80577613
1981.999000	4.09751562
1982.999000	-26.26509976
1983.999000	-38.93967945
1984.999000	-20.46875251
1985.999000	-7.51959689
1986.999000	-33.50761013
1987.999000	7.45914311
1988.999000	0.32813097
1989.999000	-0.44987188
1990.999000	-8.93505783
1991.999000	25.91806220
1992.999000	-65.84455704
1993.999000	-57.48670480
1994.999000	42.82160473
1995.999000	-11.28373294
1996.999000	65.92254669
1997.999000	-31.71373857
1998.999000	-43.02538625
1999.999000	-38.22321179
2000.999000	7.03033169
2001.999000	84.62036093
2002.999000	71.87305537
2003.999000	89.80306655
2004.999000	-39.57032006
2005.999000	-32.25403728
2006.999000	28.95579936
2007.999000	-38.16152550
2008.999000	17.50163971
2009.999000	-15.95520477
2010.999000	1.10059551
2011.999000	6.42348932
2012.999000	58.74959422
2013.999000	5.65406222
2014.999000	-54.30368399
2015.999000	10.16479797
2016.999000	-27.65686663
2017.999000	-13.17275974
2018.999000	-12.54934017
2019.999000	-40.93426797
2020.999000	-8.93908010
2021.999000	35.45881944
2022.999000	-54.00319762
2023.999000	12.73501726
2024.999000	52.14068385
2025.999000	33.64033150
2026.999000	-33.50563077
2027.999000	8.74261855
2028.999000	-69.32706480
2029.999000	-24.19420552
2030.999000	17.64631234
2031.999000	-0.52000083
2032.999000	-45.71501392
2033.999000	10.96959393
2034.999000	-30.04890427
2035.999000	-34.48042900
2036.999000	-6.28508287
2037.999000	-63.23312516
2038.999000	8.34839043
2039.999000	7.29301910
2040.999000	65.56919997
2041.999000	-3.34341519
2042.999000	28.81562675
2043.999000	-3.64837052
2044.999000	27.06497009
2045.999000	-45.42951346
2046.999000	-16.16451884
2047.999000	1.89147277
2048.999000	28.24037157
2049.999000	-15.47284297
2050.999000	12.05026074
2051.999000	30.64201101
2052.999000	88.63674422
2053.999000	25.66117561
2054.999000	44.55789297
2055.999000	-24.15244955
2056.999000	-16.11704479
2057.999000	20.76180774
2058.999000	-72.03819721
2059.999000	-83.73747720
2060.999000	1.63394020
2061.999000	26.23913666
2062.999000	-75.75118013
2063.999000	12.66341522
2064.999000	-20.92790350
2065.999000	12.23114271
2066.999000	-47.36248207
2067.999000	-50.86973401
2068.999000	-60.21529800
2069.999000	-30.77765023
2070.999000	-17.20463451
2071.999000	-16.29454956
2072.999000	4.29764222
2073.999000	-18.25201956
2074.999000	5.02852140
2075.999000	17.47355389
2076.999000	63.35153420
2077.999000	43.00631339
2078.999000	-87.02020742
2079.999000	-91.72910039
2080.999000	-59.91921704
2081.999000	11.40011928
2082.999000	88.11086097
2083.999000	-30.17810576
2084.999000	-2.43551883
2085.999000	70.09329507
2086.999000	-30.87515787
2087.999000	-12.81249211
2088.999000	-51.20533191
2089.999000	6.90407298
2090.999000	18.74200670
2091.999000	-21.76150551
2092.999000	45.35109495
2093.999000	10.38379888
2094.999000	-25.77439694
2095.999000	-32.56664934
2096.999000	16.05272525
2097.999000	5.28642208
2098.999000	25.63150559
2099.999000	10.78015899
