# F(k,t) correlation function
# Reference time: 602.001 ps
# lag_time_ps	F(k,t)
0.000000	308.54982974
1.000000	41.54410152
3.000000	-19.56045909
5.000000	12.36057042
7.000000	-33.80275866
9.000000	3.40021353
11.000000	30.71912869
13.000000	2.18737838
15.000000	-87.80107552
17.000000	54.43225122
19.000000	-91.87494517
21.000000	-52.28303422
23.000000	-4.38996881
25.000000	-15.16674414
27.000000	53.04340752
29.000000	13.10433852
31.000000	-25.38443269
33.000000	-11.56200124
35.000000	-82.61558516
37.000000	-19.96023862
39.000000	85.74173765
41.000000	-18.07609434
43.000000	13.74917497
45.000000	-32.07469593
47.000000	-3.97175674
49.000000	-17.36646137
51.000000	34.86075847
53.000000	-7.75302382
55.000000	-63.39270631
57.000000	15.27377839
59.000000	-10.10148370
61.000000	-58.96022997
63.000000	-12.26099914
65.000000	14.33155730
67.000000	32.55942453
69.000000	68.62200673
71.000000	4.44980495
73.000000	31.40501177
75.000000	10.72479885
77.000000	-25.13395643
79.000000	6.22708130
81.000000	11.10562032
83.000000	-13.19783144
85.000000	29.77534751
87.000000	15.38820893
89.000000	-7.45592017
91.000000	48.01651889
93.000000	78.90914812
95.000000	11.24934859
97.000000	5.91164643
99.000000	-21.33563232
101.000000	-81.25750527
103.000000	1.64661826
105.000000	21.46058320
107.000000	3.45000834
109.000000	-20.48035169
111.000000	-26.71870600
113.000000	-57.63610631
115.000000	7.57212607
117.000000	68.21662865
119.000000	99.37280655
121.000000	22.73639242
123.000000	23.75422547
125.000000	7.01874043
127.000000	34.83363608
129.000000	-41.15722175
131.000000	-105.48685801
133.000000	11.05888513
135.000000	-0.13461416
137.000000	82.62394280
139.000000	-58.97555069
141.000000	25.44044235
143.000000	-30.99351682
145.000000	48.89596799
147.000000	-52.22044051
149.000000	-43.37144002
151.000000	-26.88446525
153.000000	-18.16225217
155.000000	19.59791344
157.000000	80.48929231
159.000000	1.73128615
161.000000	43.24770152
163.000000	60.32212720
165.000000	44.12690590
167.000000	-22.35134275
169.000000	-1.88910236
171.000000	109.83430312
173.000000	-43.83151197
175.000000	16.99677857
177.000000	30.31637165
179.000000	-44.08545574
181.000000	-54.69042319
183.000000	26.34777036
185.000000	-34.76123301
187.000000	33.62964928
189.000000	64.00342793
191.000000	-24.31678505
193.000000	65.44783240
195.000000	-42.07366282
197.000000	25.92265769
199.000000	38.48512681
201.000000	-14.32420710
203.000000	15.65156854
205.000000	12.22295217
207.000000	14.48826674
209.000000	-45.07295370
211.000000	35.29291942
213.000000	23.28049198
215.000000	-46.18326385
217.000000	-54.43586609
219.000000	-23.75477099
221.000000	-9.18177056
223.000000	5.90926479
225.000000	16.10878384
227.000000	26.74644528
229.000000	12.59595447
231.000000	62.39002434
233.000000	-40.97916366
235.000000	11.45017156
237.000000	-50.46987431
239.000000	44.82889012
241.000000	29.66671357
243.000000	16.08310478
245.000000	11.52977550
247.000000	38.41713817
249.000000	-36.53224122
251.000000	9.87000149
253.000000	-41.51419367
255.000000	1.21300899
257.000000	38.36703037
259.000000	26.79515275
261.000000	2.32934067
263.000000	68.44560723
265.000000	-37.48097052
267.000000	-55.14549023
269.000000	28.39220428
271.000000	39.23674896
273.000000	39.73790665
275.000000	61.63968027
277.000000	29.19545148
279.000000	-18.05067741
281.000000	11.63564396
283.000000	-18.20269615
285.000000	48.72551426
287.000000	-18.98417366
289.000000	16.67197633
291.000000	-56.34056135
293.000000	-44.77959790
295.000000	21.83887263
297.000000	12.30336490
299.000000	18.86289162
301.000000	33.98915982
303.000000	-19.96762953
305.000000	-6.95486806
307.000000	-26.35167021
309.000000	33.95540385
311.000000	21.00432743
313.000000	-15.31351152
315.000000	17.10104378
317.000000	60.60025046
319.000000	-9.11313341
321.000000	7.42977184
323.000000	33.73217907
325.000000	-52.73128390
327.000000	7.72054955
329.000000	113.97348323
331.000000	-8.35851373
333.000000	33.60285443
335.000000	-8.88538388
337.000000	-45.75632782
339.000000	-10.30879840
341.000000	30.02628922
343.000000	76.48963697
345.000000	-61.33325493
347.000000	16.49135233
349.000000	-39.52131755
351.000000	84.12877589
353.000000	11.01071619
355.000000	12.71056087
357.000000	-14.52505085
359.000000	-7.96503928
361.000000	-41.21658598
363.000000	18.32183927
365.000000	22.94274614
367.000000	11.11578321
369.000000	39.21485292
371.000000	-3.75664431
373.000000	38.54907142
375.000000	-18.02762663
377.000000	-35.44556267
379.000000	126.76004673
381.000000	-20.16922037
383.000000	-1.34478868
385.000000	42.42741673
387.000000	51.36077020
389.000000	-0.54843302
391.000000	-34.55575344
393.000000	53.22763081
395.000000	1.09534390
397.000000	61.35092033
399.000000	-23.88865860
401.000000	-33.52751038
403.000000	23.48294975
405.000000	-21.66660308
407.000000	-30.19099465
409.000000	-38.74687994
411.000000	2.25095531
413.000000	-20.75836262
415.000000	-30.40656762
417.000000	38.43007532
419.000000	-30.43743197
421.000000	9.07789436
423.000000	-41.27037421
425.000000	-22.56506716
427.000000	19.42180585
429.000000	-19.60194237
431.000000	20.16026598
433.000000	22.85950918
435.000000	-53.76052376
437.000000	-4.93863147
439.000000	-7.73194542
441.000000	-78.75571342
443.000000	-80.77178418
445.000000	-19.14269436
447.000000	14.86809011
449.000000	-8.51903938
451.000000	27.48501703
453.000000	-55.98120374
455.000000	43.15432773
457.000000	-39.70954987
459.000000	-53.11703293
461.000000	21.38805010
463.000000	44.49603471
465.000000	22.17974171
467.000000	33.28327829
469.000000	16.45918375
471.000000	31.43742857
473.000000	-16.39380507
475.000000	-45.96907300
477.000000	-56.46247893
479.000000	4.83310523
481.000000	24.55266520
483.000000	8.70099467
485.000000	3.48408868
487.000000	-16.79427959
489.000000	-13.69836882
491.000000	1.49283162
493.000000	-58.76294031
495.000000	-81.06466322
497.000000	90.08975915
499.000000	-51.80422000
501.000000	-81.87726861
503.000000	-2.52828544
505.000000	-6.12823032
507.000000	-40.49291889
509.000000	7.27764010
511.000000	36.13659784
513.000000	-47.76279657
515.000000	45.24356880
517.000000	79.68553073
519.000000	-45.67722691
521.000000	8.18129411
523.000000	-24.05258024
525.000000	23.51604307
527.000000	-40.46515979
529.000000	-25.48271209
531.000000	18.04363362
533.000000	2.62218046
535.000000	-19.83654713
537.000000	-9.17193428
539.000000	1.88831402
541.000000	-72.22220280
543.000000	-30.12258644
545.000000	7.57992591
547.000000	-14.74343017
549.000000	66.40129613
551.000000	0.87859071
553.000000	34.20591898
555.000000	-7.67941970
557.000000	1.79605719
559.000000	38.93213252
561.000000	-55.32237988
563.000000	-7.14646448
565.000000	46.00856567
567.000000	22.21543473
569.000000	17.76600118
571.000000	-3.81904285
573.000000	7.73084229
575.000000	39.19805818
577.000000	55.22794837
579.000000	-78.60460791
581.000000	76.72464296
583.000000	0.83571385
585.000000	17.37685664
587.000000	-34.80179949
589.000000	50.65959039
591.000000	43.30660432
593.000000	-42.24688926
595.000000	-59.68239424
597.000000	-68.58750055
599.000000	-7.49815590
601.000000	0.92490158
603.000000	39.57265650
605.000000	28.86372387
607.000000	4.27164965
609.000000	-69.57688059
611.000000	-13.72901656
613.000000	37.46015661
615.000000	79.78844053
617.000000	4.20641170
619.000000	-7.39974347
621.000000	-80.17196304
623.000000	76.73512938
625.000000	-86.10221517
627.000000	-32.59192800
629.000000	-7.47187876
631.000000	-52.81578108
633.000000	62.31569058
635.000000	3.50776966
637.000000	-33.43105470
639.000000	7.55093835
641.000000	7.46936856
643.000000	12.10877094
645.000000	57.62712817
647.000000	-67.96766298
649.000000	-6.82740805
651.000000	-4.59698946
653.000000	3.25928373
655.000000	65.67446805
657.000000	-101.06031988
659.000000	-4.79269509
661.000000	-15.38168741
663.000000	4.85869452
665.000000	-23.10863097
667.000000	-42.40446757
669.000000	55.39776374
671.000000	-35.35169173
673.000000	-60.66218539
675.000000	-65.21383755
677.000000	18.02192619
679.000000	-36.54567903
681.000000	-104.80690554
683.000000	-45.84252746
685.000000	-10.65462552
687.000000	79.26898612
689.000000	57.93378340
691.000000	16.65820688
693.000000	-24.54746857
695.000000	2.38108830
697.000000	-63.04274631
699.000000	-8.50988889
701.000000	47.37503736
703.000000	-28.50681218
705.000000	29.11719119
707.000000	35.92421144
709.000000	-28.32812222
711.000000	-22.09427108
713.000000	37.47436477
715.000000	-28.40194852
717.000000	-38.61606090
719.000000	1.37068727
721.000000	32.82875437
723.000000	-40.22070975
725.000000	-17.20008716
727.000000	24.02578033
729.000000	25.80966301
731.000000	-15.13108163
733.000000	-52.36231799
735.000000	-15.81352615
737.000000	-68.20052958
739.000000	21.08225238
741.000000	29.33500682
743.000000	39.53011984
745.000000	21.94304220
747.000000	25.64654966
749.000000	-26.95071753
751.000000	-20.52281412
753.000000	51.71092626
755.000000	71.80502516
757.000000	29.94866590
759.000000	-18.65289545
761.000000	-19.74333116
763.000000	39.13611084
765.000000	-28.62769744
767.000000	-37.41937100
769.000000	-23.96665772
771.000000	-6.85815638
773.000000	36.65127953
775.000000	-69.23286368
777.000000	10.09676396
779.000000	17.50529962
781.000000	-31.36897165
783.000000	5.48496027
785.000000	-7.21645049
787.000000	10.64424928
789.000000	-18.98886625
791.000000	18.68377221
793.000000	-4.10968409
795.000000	19.82373832
797.000000	20.17356378
799.000000	-29.89239743
801.000000	51.63993393
803.000000	25.49980867
805.000000	-29.86842319
807.000000	-21.71010477
809.000000	-48.03624450
811.000000	-0.38403879
813.000000	-3.30264677
815.000000	-19.11020526
817.000000	-11.28044519
819.000000	-4.56736766
821.000000	18.44559140
823.000000	21.58470922
825.000000	-24.96018916
827.000000	-4.11012493
829.000000	102.79977850
831.000000	34.75780767
833.000000	-77.35870168
835.000000	-3.94276346
837.000000	-50.23309170
839.000000	-21.85138339
841.000000	0.19438888
843.000000	-70.97713099
845.000000	30.15689768
847.000000	83.28468102
849.000000	7.09131375
851.000000	-90.04786600
853.000000	-22.73175486
855.000000	-22.24997689
857.000000	17.47154761
859.000000	-22.74526562
861.000000	6.92788076
863.000000	29.94352774
865.000000	23.07975582
867.000000	40.71848935
869.000000	50.58490805
871.000000	31.54021878
873.000000	20.29756024
875.000000	45.45156164
877.000000	96.93271849
879.000000	-77.91239774
881.000000	-39.63426821
883.000000	-39.27561605
885.000000	-71.41256576
887.000000	-4.55846088
889.000000	-66.88103572
891.000000	63.04570975
893.000000	8.32181323
895.000000	45.91320054
897.000000	-34.33374447
899.000000	-4.05412949
901.000000	-10.44440548
903.000000	-12.81763155
905.000000	42.05720008
907.000000	-50.89960490
909.000000	-45.25592058
911.000000	-43.47860641
913.000000	-44.95506709
915.000000	64.23983353
917.000000	32.80262472
919.000000	-32.85374695
921.000000	21.13164783
923.000000	-16.32008500
925.000000	-13.19261952
927.000000	21.80529996
929.000000	-14.95438744
931.000000	40.59933375
933.000000	-61.70371214
935.000000	-2.73538763
937.000000	32.69642927
939.000000	0.83811992
941.000000	-53.43888298
943.000000	19.22058988
945.000000	20.42064419
947.000000	-32.39578541
949.000000	-64.22922780
951.000000	-59.29453218
953.000000	-5.29789079
955.000000	-10.25557016
957.000000	-32.78762027
959.000000	-23.62630052
961.000000	-50.66961564
963.000000	-28.80800894
965.000000	-21.49305239
967.000000	2.66839577
969.000000	-47.89976145
971.000000	-3.08850367
973.000000	-9.93963835
975.000000	-6.16110940
977.000000	-37.06642799
979.000000	38.34413641
981.000000	88.78751729
983.000000	30.39912049
985.000000	8.05132335
987.000000	64.87369810
989.000000	-18.19834182
991.000000	-0.00991388
993.000000	21.72028166
995.000000	20.26150804
997.000000	16.83952699
999.000000	83.57376944
1001.000000	66.49692061
1003.000000	2.53198595
1005.000000	-13.65129769
1007.000000	41.18220763
1009.000000	11.45149600
1011.000000	37.66453850
1013.000000	15.91688121
1015.000000	-0.28443393
1017.000000	7.12228854
1019.000000	-30.21743266
1021.000000	-73.68039796
1023.000000	-28.74526827
1025.000000	-1.53653824
1027.000000	-52.10316055
1029.000000	-66.16795805
1031.000000	19.06873970
1033.000000	5.67913479
1035.000000	37.96985890
1037.000000	41.75023747
1039.000000	1.73218169
1041.000000	31.15118396
1043.000000	-22.91136066
1045.000000	-3.31530427
1047.000000	-50.17074379
1049.000000	50.14637174
1051.000000	8.96376916
1053.000000	2.16509098
1055.000000	-90.12348674
1057.000000	-37.70607873
1059.000000	65.25309155
1061.000000	-28.52144653
1063.000000	-12.37234360
1065.000000	-63.45350653
1067.000000	-15.36178116
1069.000000	5.78549511
1071.000000	-97.87155723
1073.000000	-5.24741258
1075.000000	-45.04820762
1077.000000	-7.06251233
1079.000000	15.87217658
1081.000000	-7.34751102
1083.000000	-120.46418884
1085.000000	-10.33094016
1087.000000	-0.81524492
1089.000000	-0.97159634
1091.000000	16.81946290
1093.000000	36.12432141
1095.000000	30.83997975
1097.000000	31.25171158
1099.000000	-23.16476065
1101.000000	47.10586852
1103.000000	-80.45238233
1105.000000	-15.36576184
1107.000000	38.86850606
1109.000000	-1.44325234
1111.000000	-14.17932295
1113.000000	-12.03586443
1115.000000	-19.51399271
1117.000000	-72.70318185
1119.000000	-4.76906256
1121.000000	-44.28305229
1123.000000	20.24291553
1125.000000	-31.95311400
1127.000000	14.38708202
1129.000000	85.34190431
1131.000000	-59.80888145
1133.000000	4.47593577
1135.000000	-74.53198666
1137.000000	-7.06008953
1139.000000	-32.20452993
1141.000000	94.16419571
1143.000000	-8.23926886
1145.000000	10.87372566
1147.000000	54.15372782
1149.000000	19.83630177
1151.000000	-105.94318110
1153.000000	-34.41133178
1155.000000	-23.56993505
1157.000000	63.34169535
1159.000000	-10.85257420
1161.000000	-21.33991284
1163.000000	62.42414454
1165.000000	14.12671817
1167.000000	33.33635435
1169.000000	-25.29971747
1171.000000	-1.83097273
1173.000000	-56.17199871
1175.000000	-2.83317402
1177.000000	32.85723211
1179.000000	75.34032566
1181.000000	10.32631193
1183.000000	-42.89235429
1185.000000	-72.07128019
1187.000000	68.89604683
1189.000000	-4.65465150
1191.000000	34.21407445
1193.000000	-12.94868052
1195.000000	20.83086839
1197.000000	149.02707985
1199.000000	-25.56654580
1201.000000	-16.67787412
1203.000000	4.31079988
1205.000000	19.07238257
1207.000000	13.36323440
1209.000000	22.39153058
1211.000000	2.54929068
1213.000000	6.43823326
1215.000000	-1.61778797
1217.000000	8.13572609
1219.000000	52.38995259
1221.000000	-6.44420588
1223.000000	11.42309909
1225.000000	-9.69684236
1227.000000	-3.02283692
1229.000000	18.23026346
1231.000000	69.55451181
1233.000000	-62.95311492
1235.000000	-13.48291872
1237.000000	-24.76588918
1239.000000	-4.54935229
1241.000000	-26.10906755
1243.000000	-14.52078742
1245.000000	46.24262880
1247.000000	-11.31741890
1248.000000	-33.98450083
1249.000000	-19.24662812
1250.000000	-19.73943179
1251.000000	-20.83381177
1252.000000	-61.12327269
1253.000000	-64.77370030
1254.000000	13.35455001
1255.000000	24.79719495
1256.000000	26.91959967
1257.000000	8.42267211
1258.000000	-21.38839827
1259.000000	-28.44916388
1260.000000	36.41801774
1261.000000	41.47470546
1262.000000	-38.17143537
1263.000000	58.48315194
1264.000000	-34.46672053
1265.000000	-6.46366238
1266.000000	26.00549609
1267.000000	38.17493542
1268.000000	-55.27968226
1269.000000	-2.16456812
1270.000000	-7.76181020
1271.000000	41.42250198
1272.000000	100.69852898
1273.000000	-6.10186375
1274.000000	44.59547911
1275.000000	58.44810489
1276.000000	-1.09426134
1277.000000	-48.30967757
1278.000000	-51.93709192
1279.000000	-35.07209961
1280.000000	-57.16553707
1281.000000	35.39762754
1282.000000	9.67606735
1283.000000	32.04561286
1284.000000	-45.78491350
1285.000000	10.51785631
1286.000000	9.25908777
1287.000000	5.84171139
1288.000000	-13.93915420
1289.000000	-8.23641899
1290.000000	-74.46324639
1291.000000	22.17992130
1292.000000	-29.40331808
1293.000000	-31.98898346
1294.000000	-11.50738023
1295.000000	27.03813079
1296.000000	65.62191219
1297.000000	19.81862722
1298.000000	-15.68821046
1299.000000	-12.23074579
1300.000000	-2.46727051
1301.000000	35.30096852
1302.000000	66.30761089
1303.000000	-89.44264551
1304.000000	30.58749383
1305.000000	-4.29029585
1306.000000	-16.33009280
1307.000000	51.02745195
1308.000000	-27.03888018
1309.000000	25.90286878
1310.000000	9.60793853
1311.000000	55.53682549
1312.000000	61.88803251
1313.000000	15.10391192
1314.000000	14.45968475
1315.000000	-13.87033105
1316.000000	-13.14900085
1317.000000	-17.91950248
1318.000000	-53.04131477
1319.000000	28.92305305
1320.000000	-17.33078961
1321.000000	-0.18558581
1322.000000	-22.69305017
1323.000000	7.66944129
1324.000000	14.27394016
1325.000000	-40.57263451
1326.000000	-60.76270720
1327.000000	-65.88729591
1328.000000	-91.96617848
1329.000000	-15.16619239
1330.000000	14.61924478
1331.000000	-58.27867678
1332.000000	69.21935570
1333.000000	-3.69401546
1334.000000	-7.40969043
1335.000000	30.62012159
1336.000000	-3.71053079
1337.000000	1.24993754
1338.000000	-26.46191384
1339.000000	29.74523060
1340.000000	-49.52198764
1341.000000	5.69818455
1342.000000	-33.15041997
1343.000000	34.46710738
1344.000000	-31.01225454
1345.000000	-39.56775348
1346.000000	-29.00011229
1347.000000	-58.85559603
1348.000000	33.33742471
1349.000000	-15.35435629
1350.000000	31.85513733
1351.000000	-38.26411122
1352.000000	14.15428015
1353.000000	20.60112309
1354.000000	32.37539210
1355.000000	-80.12222088
1356.000000	70.75167945
1357.000000	-88.72779604
1358.000000	-37.15297660
1359.000000	-56.00586896
1360.000000	34.68090953
1361.000000	-53.88081260
1362.000000	37.29801565
1363.000000	-40.20271945
1364.000000	59.27809702
1365.000000	11.54913671
1366.000000	7.37681935
1367.000000	-26.30777633
1368.000000	8.70710922
1369.000000	-76.38733342
1370.000000	-42.33234102
1371.000000	-62.68840451
1372.000000	-6.42504777
1373.000000	-73.09339535
1374.000000	59.94976741
1375.000000	-49.54601873
1376.000000	-1.27110044
1377.000000	-59.65339860
1378.000000	26.84721369
1379.000000	70.25883797
1380.000000	32.85650683
1381.000000	115.86842751
1382.000000	58.57446040
1383.000000	-72.73653208
1384.000000	-15.02314658
1385.000000	44.62098727
1386.000000	-48.29930946
1387.000000	-8.11588407
1388.000000	22.18000245
1389.000000	25.54774392
1390.000000	-10.32427121
1391.000000	-12.50151012
1392.000000	1.93809054
1393.000000	-4.71414505
1394.000000	47.70340555
1395.000000	-75.50131393
1396.000000	36.59211754
1397.000000	-62.24318833
1398.000000	52.64364707
1399.000000	-20.61472108
1400.000000	-78.24150999
1401.000000	92.14453415
1402.000000	-73.30614977
1403.000000	-19.73438410
1404.000000	26.26584759
1405.000000	49.40350159
1406.000000	47.11232377
1407.000000	97.09430550
1408.000000	14.17107382
1409.000000	58.89368176
1410.000000	-3.57293751
1411.000000	-9.22805246
1412.000000	8.16355282
1413.000000	-10.33994476
1414.000000	-33.95918540
1415.000000	5.31769658
1416.000000	8.11302349
1417.000000	6.18159891
1418.000000	45.94864895
1419.000000	-19.89731428
1420.000000	14.24330438
1421.000000	-45.89013924
1422.000000	-11.12316792
1423.000000	-74.64985649
1424.000000	44.89031620
1425.000000	5.82817593
1426.000000	-89.09602068
1427.000000	-7.66320385
1428.000000	7.01984440
1429.000000	-15.34892899
1430.000000	-1.47740278
1431.000000	26.94326195
1432.000000	-9.20220360
1433.000000	-41.97359536
1434.000000	-24.91271697
1435.000000	-7.68006151
1436.000000	1.81635570
1437.000000	19.44784158
1438.000000	40.07223465
1439.000000	48.02515659
1440.000000	2.51905564
1441.000000	13.05735283
1442.000000	77.62367767
1443.000000	7.13428174
1444.000000	23.85698533
1445.999000	21.40305398
1446.999000	-48.29634531
1447.999000	14.63001397
1448.999000	30.66869722
1449.999000	-12.20978638
1450.999000	26.58069336
1451.999000	-0.28422709
1452.999000	-49.84562708
1453.999000	-88.16103590
1454.999000	-54.70367756
1455.999000	11.92837699
1456.999000	19.23786341
1457.999000	34.18876811
1458.999000	-23.16949442
1459.999000	-15.97840012
1460.999000	-49.00133852
1461.999000	54.42090269
1462.999000	-39.26040804
1463.999000	29.61774575
1464.999000	-11.16909181
1465.999000	-11.89700920
1466.999000	55.69771747
1467.999000	-60.95828820
1468.999000	-17.32882793
1469.999000	26.65990171
1470.999000	7.58442915
1471.999000	0.10350889
1472.999000	-54.04179208
1473.999000	-32.44261618
1474.999000	19.10493037
1475.999000	-73.15075414
1476.999000	-5.36296704
1477.999000	-1.77462393
1478.999000	-80.04534988
1479.999000	-3.62037021
1480.999000	-20.37085670
1481.999000	36.98743452
1482.999000	-50.42332737
1483.999000	-53.44880369
1484.999000	54.74125667
1485.999000	37.67870006
1486.999000	-35.57849559
1487.999000	-63.98736360
1488.999000	75.28450129
1489.999000	-77.42773165
1490.999000	-24.23287125
1491.999000	-36.01711560
1492.999000	82.09008697
1493.999000	55.53439952
1494.999000	40.34676967
1495.999000	31.71175504
1496.999000	50.78936562
1497.999000	28.79216108
1498.999000	-5.96527281
1499.999000	-41.00852213
1500.999000	6.40482625
1501.999000	37.43038255
1502.999000	26.28295993
1503.999000	-2.03652133
1504.999000	-33.94368133
1505.999000	19.68846127
1506.999000	3.41148181
1507.999000	28.52469070
1508.999000	-43.19560653
1509.999000	5.90329964
1510.999000	-14.99268687
1511.999000	-71.50008128
1512.999000	-1.71364194
1513.999000	7.51513739
1514.999000	-66.06192228
1515.999000	-8.76876941
1516.999000	34.02480390
1517.999000	-68.53796765
1518.999000	-16.42090634
1519.999000	28.71730960
1520.999000	-22.23295412
1521.999000	-75.99118957
1522.999000	24.49786514
1523.999000	-43.42222301
1524.999000	-23.92150553
1525.999000	-27.22211705
1526.999000	-0.10076625
1527.999000	56.82948592
1528.999000	-81.46078668
1529.999000	18.16349983
1530.999000	-15.89697192
1531.999000	53.54319825
1532.999000	19.14123622
1533.999000	20.67890131
1534.999000	22.72599113
1535.999000	63.75998339
1536.999000	-3.02222333
1537.999000	40.77209051
1538.999000	22.73596536
1539.999000	24.69056200
1540.999000	21.80712539
1541.999000	18.48590101
1542.999000	24.07662185
1543.999000	-16.10279097
1544.999000	23.26818998
1545.999000	30.02971418
1546.999000	-86.42559860
1547.999000	38.61429900
1548.999000	-26.87397767
1549.999000	-48.67620377
1550.999000	-62.49844317
1551.999000	1.77682769
1552.999000	-24.46887402
1553.999000	-111.33244502
1554.999000	28.95628741
1555.999000	36.41801705
1556.999000	-13.59610681
1557.999000	52.25726143
1558.999000	-52.44614258
1559.999000	7.13760051
1560.999000	18.12832368
1561.999000	-14.69098870
1562.999000	-23.71916997
1563.999000	-62.01401973
1564.999000	-18.35881520
1565.999000	-28.13550892
1566.999000	18.59056324
1567.999000	19.75950137
1568.999000	52.22159239
1569.999000	-33.73544778
1570.999000	2.33155344
1571.999000	-50.44909924
1572.999000	6.09981481
1573.999000	19.84889625
1574.999000	-34.58433537
1575.999000	-58.35219305
1576.999000	22.33055317
1577.999000	-61.57860419
1578.999000	-27.15686519
1579.999000	33.50627688
1580.999000	72.22821548
1581.999000	31.08626257
1582.999000	-47.71597198
1583.999000	62.06837582
1584.999000	32.31349398
1585.999000	7.26941021
1586.999000	-37.34928279
1587.999000	3.20979313
1588.999000	23.49807989
1589.999000	21.25532586
1590.999000	43.02044482
1591.999000	-64.92738143
1592.999000	50.47140952
1593.999000	5.41017465
1594.999000	29.34434968
1595.999000	-36.89562227
1596.999000	-17.72835416
1597.999000	-12.34425222
1598.999000	-49.79300671
1599.999000	-53.12479820
1600.999000	35.48639069
1601.999000	-63.69712901
1602.999000	4.44396066
1603.999000	43.37687620
1604.999000	-42.47044843
1605.999000	7.66214164
1606.999000	-14.11658441
1607.999000	14.48989411
1608.999000	85.56246234
1609.999000	38.04379445
1610.999000	-60.22859908
1611.999000	-18.18305188
1612.999000	66.00606095
1613.999000	20.44456818
1614.999000	-14.85025907
1615.999000	4.90510668
1616.999000	28.62060747
1617.999000	-28.43301350
1618.999000	-57.80553577
1619.999000	3.55656151
1620.999000	-30.57851192
1621.999000	14.28012051
1622.999000	-35.85852831
1623.999000	-55.92463942
1624.999000	-17.41656390
1625.999000	-43.83944062
1626.999000	57.10558523
1627.999000	35.15367090
1628.999000	94.41371691
1629.999000	13.47618481
1630.999000	-34.46160115
1631.999000	47.84573469
1632.999000	5.07352414
1633.999000	0.91661044
1634.999000	50.32555226
1635.999000	-82.60518387
1636.999000	28.39297888
1637.999000	-28.55585769
1638.999000	40.48069651
1639.999000	-85.96767378
1640.999000	34.59071571
1641.999000	28.13570294
1642.999000	-26.55282992
1643.999000	5.73812856
1644.999000	37.39048589
1645.999000	-1.34099711
1646.999000	11.07449212
1647.999000	-41.65237639
1648.999000	20.68832281
1649.999000	-0.58252759
1650.999000	-19.36243360
1651.999000	-43.70400022
1652.999000	86.82008647
1653.999000	-7.34383086
1654.999000	8.42403611
1655.999000	-24.49682290
1656.999000	2.12113393
1657.999000	14.11490801
1658.999000	3.96971659
1659.999000	-40.14689591
1660.999000	13.99285410
1661.999000	16.76202544
1662.999000	-25.69842020
1663.999000	22.50551365
1664.999000	-12.96544461
1665.999000	63.76751727
1666.999000	-70.16224116
1667.999000	13.54688390
1668.999000	48.98573960
1669.999000	-39.04843666
1670.999000	-29.62283947
1671.999000	-33.96983857
1672.999000	-11.84076733
1673.999000	-12.24691890
1674.999000	-36.25221867
1675.999000	-37.61411273
1676.999000	-70.92546996
1677.999000	-76.12870445
1678.999000	106.88679284
1679.999000	3.24101464
1680.999000	0.71990512
1681.999000	26.18874986
1682.999000	23.38450089
1683.999000	-18.88672668
1684.999000	-13.02908100
1685.999000	-35.71503795
1686.999000	121.67591750
1687.999000	127.46476898
1688.999000	22.66065558
1689.999000	38.40730648
1690.999000	14.72720831
1691.999000	-94.24601693
1692.999000	53.98473426
1693.999000	-1.61536287
1694.999000	29.25136180
1695.999000	-35.79568387
1696.999000	-21.36790943
1697.999000	-41.57199173
