# F(k,t) correlation function
# Reference time: 1808.001 ps
# lag_time_ps	F(k,t)
0.000000	521.61887949
1.000000	-35.46745367
3.000000	-73.00540383
5.000000	48.46024623
7.000000	-28.43071963
9.000000	5.00642396
11.000000	-12.72409568
13.000000	-49.99588794
15.000000	45.65583836
17.000000	-6.20940818
19.000000	-33.81249514
21.000000	33.64424897
23.000000	77.04639360
25.000000	-1.42047851
27.000000	-5.29559285
29.000000	-8.49891296
31.000000	58.44271709
33.000000	73.39137263
35.000000	53.01899159
37.000000	50.89832551
39.000000	89.39625072
41.000000	-0.54664402
42.000000	-25.86912340
43.000000	-32.35016929
44.000000	-6.75392783
45.000000	48.51343478
46.000000	158.40652041
47.000000	3.24232442
48.000000	-40.22247710
49.000000	55.07276188
50.000000	75.36137754
51.000000	-57.29062521
52.000000	-45.15410371
53.000000	6.75556321
54.000000	-44.67970105
55.000000	-18.43008364
56.000000	-17.35103977
57.000000	-20.36961742
58.000000	46.34707594
59.000000	-56.57742594
60.000000	10.50310444
61.000000	46.39688678
62.000000	221.34970305
63.000000	119.74496225
64.000000	-26.14668706
65.000000	27.19325880
66.000000	21.90012289
67.000000	6.52920921
68.000000	-44.10844661
69.000000	90.53167787
70.000000	-4.59196094
71.000000	82.19435216
72.000000	52.34332091
73.000000	-74.15967924
74.000000	39.38719880
75.000000	0.90176222
76.000000	-41.20438686
77.000000	-6.55017709
78.000000	-19.97528553
79.000000	-17.28994538
80.000000	-57.23008081
81.000000	-22.83377164
82.000000	25.08353302
83.000000	6.69740259
84.000000	8.04487019
85.000000	-31.02234615
86.000000	9.72414115
87.000000	-2.36526478
88.000000	-51.70495220
89.000000	33.46241594
90.000000	-56.11355890
91.000000	-22.73771761
92.000000	-67.96201168
93.000000	-13.21386099
94.000000	-45.50692715
95.000000	17.69761746
96.000000	-104.86807485
97.000000	180.26920748
98.000000	5.90704396
99.000000	10.74407030
100.000000	31.90579825
101.000000	87.13844322
102.000000	46.18302180
103.000000	14.47723360
104.000000	-31.59684481
105.000000	-58.79633128
106.000000	38.00650732
107.000000	55.12436965
108.000000	73.14445414
109.000000	-35.30831717
110.000000	43.02617491
111.000000	-54.52277978
112.000000	-31.69688915
113.000000	-40.97914384
114.000000	-9.13711773
115.000000	10.29577765
116.000000	-28.49997278
117.000000	2.74379433
118.000000	25.67428271
119.000000	36.32625023
120.000000	44.90982551
121.000000	-57.38041538
122.000000	54.31708211
123.000000	-5.56192342
124.000000	-81.13170711
125.000000	-61.96470812
126.000000	28.02301106
127.000000	51.46002500
128.000000	-31.59922823
129.000000	48.85869965
130.000000	43.77878270
131.000000	-75.54626681
132.000000	28.25235045
133.000000	-70.52578859
134.000000	-64.68323662
135.000000	59.09121622
136.000000	11.06092447
137.000000	-15.78574422
138.000000	-21.25404395
139.000000	102.48969192
140.000000	-43.16572419
141.000000	39.15213163
142.000000	58.38682180
143.000000	119.86963814
144.000000	22.21969565
145.000000	-86.74914451
146.000000	1.03227438
147.000000	-77.79239788
148.000000	56.85556274
149.000000	-23.15893387
150.000000	-18.92529345
151.000000	3.99081611
152.000000	96.07977296
153.000000	26.94235309
154.000000	93.76934074
155.000000	98.26501389
156.000000	21.26181333
157.000000	33.49363584
158.000000	16.54366196
159.000000	-34.63306798
160.000000	62.19088049
161.000000	-56.92994954
162.000000	-70.41912724
163.000000	38.49969703
164.000000	2.60751927
165.000000	153.33461077
166.000000	-68.13526867
167.000000	-18.44712581
168.000000	-44.41491750
169.000000	-10.85502435
170.000000	52.89528186
171.000000	44.45002210
172.000000	82.42053251
173.000000	29.84170315
174.000000	-34.68218875
175.000000	40.54271283
176.000000	10.16002690
177.000000	2.76398516
178.000000	-68.92071100
179.000000	-73.82846416
180.000000	12.58051466
181.000000	105.31227289
182.000000	-50.43997262
183.000000	-15.96013972
184.000000	-22.04472920
185.000000	5.09608816
186.000000	-109.85207789
187.000000	-4.43952433
188.000000	-49.23414266
189.000000	-113.49653614
190.000000	6.20795239
191.000000	13.05469016
192.000000	67.07900642
193.000000	32.00941792
194.000000	0.14326227
195.000000	-9.25753958
196.000000	-57.87353512
197.000000	57.97156294
198.000000	-22.86642889
199.000000	14.89270373
200.000000	49.82726274
201.000000	-16.24492178
202.000000	-141.41568333
203.000000	44.34114391
204.000000	-25.03364841
205.000000	-47.93743303
206.000000	-45.54289436
207.000000	-128.53868286
208.000000	-27.85642529
209.000000	36.38335017
210.000000	53.02039682
211.000000	-11.71383223
212.000000	-17.49738301
213.000000	-56.37280397
214.000000	51.42196745
215.000000	-19.49441817
216.000000	70.49439553
217.000000	-76.30449513
218.000000	118.12561736
219.000000	-15.99944073
220.000000	33.66570898
221.000000	49.24141021
222.000000	-7.01736445
223.000000	-5.44819840
224.000000	23.41871128
225.000000	-15.44380342
226.000000	-72.84375427
227.000000	2.66381812
228.000000	-45.27330545
229.000000	64.25159944
230.000000	3.34623541
231.000000	-33.60314812
232.000000	-116.93141625
233.000000	-138.29830017
234.000000	-44.99260023
235.000000	-36.36144627
236.000000	-11.12550804
237.000000	-8.40274129
238.000000	-48.91263733
239.999000	-1.77775295
240.999000	6.43566060
241.999000	-41.86339963
242.999000	-42.40093817
243.999000	-92.83346289
244.999000	-85.44117465
245.999000	-58.96091911
246.999000	15.55316479
247.999000	-33.58283003
248.999000	54.21173375
249.999000	29.54790381
250.999000	-31.87811854
251.999000	27.03121512
252.999000	-71.03525902
253.999000	-33.58863992
254.999000	51.31178055
255.999000	21.26788158
256.999000	-31.75333482
257.999000	5.09293760
258.999000	32.15138922
259.999000	40.46646561
260.999000	-13.74408495
261.999000	88.53064767
262.999000	99.25335313
263.999000	-10.77351634
264.999000	108.51035056
265.999000	10.53653010
266.999000	45.51272125
267.999000	-10.51137343
268.999000	27.97126288
269.999000	-55.12051573
270.999000	-52.18930494
271.999000	-31.54596909
272.999000	-27.11765474
273.999000	65.53090239
274.999000	1.67745185
275.999000	23.78397477
276.999000	117.88060276
277.999000	-41.42815403
278.999000	-57.64915388
279.999000	-107.43381632
280.999000	-70.66745228
281.999000	-47.98643391
282.999000	-13.27832600
283.999000	95.27238126
284.999000	28.63889246
285.999000	40.49574325
286.999000	34.58093967
287.999000	86.23396400
288.999000	-28.12156308
289.999000	54.03189343
290.999000	-60.91368764
291.999000	-29.75600846
292.999000	-25.68406587
293.999000	51.73330035
294.999000	5.99990380
295.999000	60.55946850
296.999000	-24.21148339
297.999000	-59.66695661
298.999000	-13.29753267
299.999000	94.09290091
300.999000	39.33376536
301.999000	-38.69156497
302.999000	-18.00892657
303.999000	78.31525253
304.999000	61.08014229
305.999000	8.02679647
306.999000	-48.63212770
307.999000	9.54726387
308.999000	94.05071947
309.999000	23.56980607
310.999000	-6.30093171
311.999000	84.58300169
312.999000	62.51110299
313.999000	67.85967860
314.999000	128.18629952
315.999000	62.75025555
316.999000	25.13194976
317.999000	35.98287521
318.999000	-56.67666097
319.999000	-47.51238128
320.999000	68.72707117
321.999000	8.08156012
322.999000	-104.19048879
323.999000	-34.46385361
324.999000	45.48629750
325.999000	26.12812684
326.999000	-76.85513858
327.999000	-11.78307616
328.999000	-17.10708467
329.999000	35.42197723
330.999000	31.10916330
331.999000	-63.14946206
332.999000	43.94241142
333.999000	35.21811401
334.999000	16.75338530
335.999000	41.95118852
336.999000	-67.41693748
337.999000	-71.46253701
338.999000	116.42444294
339.999000	-89.21186350
340.999000	167.49040503
341.999000	51.25271781
342.999000	25.24633739
343.999000	-97.75152424
344.999000	-50.96612387
345.999000	-2.92297562
346.999000	-57.06281676
347.999000	-29.23617003
348.999000	-52.90516786
349.999000	-16.33205767
350.999000	55.35582568
351.999000	-1.73111307
352.999000	28.17431345
353.999000	-11.32286266
354.999000	-6.31826009
355.999000	33.72249633
356.999000	4.37278686
357.999000	38.10166151
358.999000	49.10094886
359.999000	-26.61562085
360.999000	-26.69812934
361.999000	55.40312204
362.999000	-16.35153025
363.999000	93.66947400
364.999000	73.52082649
365.999000	41.22184046
366.999000	-40.21496466
367.999000	21.89253534
368.999000	-51.19643716
369.999000	44.41204111
370.999000	29.22368265
371.999000	-18.84933929
372.999000	8.07545111
373.999000	-49.47650030
374.999000	-56.72635465
375.999000	-127.85088266
376.999000	56.51815657
377.999000	-30.89268398
378.999000	125.76679973
379.999000	61.61179716
380.999000	66.89213971
381.999000	16.07666487
382.999000	-50.45646736
383.999000	10.35668160
384.999000	35.12678370
385.999000	120.32762692
386.999000	78.63354175
387.999000	-91.40962209
388.999000	12.14242195
389.999000	107.27694908
390.999000	77.18209685
391.999000	78.16433100
392.999000	-43.74316730
393.999000	-11.50348153
394.999000	-18.99525238
395.999000	56.20041922
396.999000	-37.99483823
397.999000	56.81208968
398.999000	-58.74286556
399.999000	-63.27554799
400.999000	43.49307485
401.999000	-45.56519513
402.999000	19.88752627
403.999000	-38.96206177
404.999000	36.27770970
405.999000	101.72027029
406.999000	-56.13955233
407.999000	110.11424824
408.999000	-65.19026383
409.999000	-0.32321449
410.999000	49.68771140
411.999000	-2.20372381
412.999000	62.48722832
413.999000	40.02987190
414.999000	131.73794060
415.999000	-56.15524312
416.999000	-34.28301757
417.999000	-46.17988359
418.999000	-49.46662011
419.999000	-53.11181484
420.999000	-15.10073623
421.999000	151.74814451
422.999000	154.02461892
423.999000	54.10792687
424.999000	-44.19518909
425.999000	-6.29847475
426.999000	37.34516626
427.999000	-62.29956003
428.999000	66.61247658
429.999000	-48.09883254
430.999000	19.82570622
431.999000	-106.30319130
432.999000	-12.54636798
433.999000	-68.63198702
434.999000	-27.39837298
435.999000	-22.73622846
436.999000	152.32322152
437.999000	60.16287591
438.999000	47.61274011
439.999000	67.03765753
440.999000	63.15637439
441.999000	-8.97956545
442.999000	-11.09633037
443.999000	20.11765557
444.999000	48.75874098
445.999000	-52.01628590
446.999000	29.08876861
447.999000	-13.25096719
448.999000	37.42556195
449.999000	41.01118485
450.999000	-69.26739985
451.999000	-1.31791126
452.999000	44.28151839
453.999000	-105.02275871
454.999000	91.56395516
455.999000	55.75799588
456.999000	102.88452263
457.999000	-16.26553157
458.999000	4.10544547
459.999000	89.87961962
460.999000	-131.18081915
461.999000	-39.68739758
462.999000	14.02269185
463.999000	-71.24918972
464.999000	54.78745702
465.999000	36.44637899
466.999000	-71.00082697
467.999000	127.74930876
468.999000	6.29162072
469.999000	-17.57548174
470.999000	-84.57476294
471.999000	-26.07554670
472.999000	-42.93892683
473.999000	37.65528094
474.999000	27.20405218
475.999000	26.01334306
476.999000	-40.94257637
477.999000	108.12797063
478.999000	-58.49256188
479.999000	-60.38675191
480.999000	-81.14459304
481.999000	42.43586767
482.999000	-58.59193318
483.999000	-27.81837135
484.999000	-8.31214780
485.999000	57.21158853
486.999000	-17.18026189
487.999000	8.59305921
488.999000	13.90302733
489.999000	18.02310842
490.999000	-1.56980805
491.999000	-22.71550706
