# F(k,t) correlation function
# Reference time: 0.000 ps
# lag_time_ps	F(k,t)
0.000000	516.30951955
1.000000	-67.65990976
2.000000	-32.47710500
3.000000	-50.35325150
4.000000	7.03074281
5.000000	119.18957320
6.000000	-66.86408060
7.000000	0.56501999
8.000000	-8.90422604
9.000000	-6.26695108
10.000000	14.25489497
11.000000	36.77904465
12.000000	90.49768475
13.000000	-74.10140509
14.000000	68.11170438
15.000000	113.36772464
16.000000	18.58111937
17.000000	37.82200180
18.000000	-62.18824498
19.000000	-40.66024133
20.000000	-18.88570695
21.000000	-2.79848677
22.000000	100.57375088
23.000000	18.77448630
24.000000	-59.88932503
25.000000	-74.09390443
26.000000	63.48140999
27.000000	19.67685747
28.000000	47.25835709
29.000000	53.53544166
30.000000	-19.34173727
31.000000	-62.18106661
32.000000	-12.46171126
33.000000	15.55949156
34.000000	35.51452204
35.000000	-67.83272981
36.000000	-121.77746296
37.000000	-26.07611321
38.000000	-27.50972899
39.000000	69.26333326
40.000000	6.95180182
41.000000	-9.62679520
42.000000	77.50749168
43.000000	86.99974059
44.000000	-78.79949923
45.000000	-34.87969666
46.000000	-17.34932039
47.000000	45.18348968
48.000000	-41.70179618
49.000000	-6.15526639
50.000000	-27.01369644
51.000000	-2.56989756
52.000000	-19.22040381
53.000000	-70.01664171
54.000000	-43.30373413
55.000000	18.40485859
56.000000	-30.08868911
58.000000	75.20087128
60.000000	25.13733460
62.000000	-35.60710332
64.000000	-65.45074414
66.000000	23.93738740
68.000000	12.19550813
70.000000	-43.42319930
72.000000	-24.94107015
74.000000	13.68056718
76.000000	-65.40548373
78.000000	23.22201008
80.000000	20.68116686
82.000000	-42.17388318
84.000000	21.41880833
86.000000	-42.91755689
88.000000	-10.93789398
90.000000	16.40724072
92.000000	-16.35380378
94.000000	43.92040724
96.000000	28.50022820
98.000000	-35.50048477
100.000000	-69.55891246
102.000000	49.73619272
104.000000	-5.87884484
106.000000	-117.02760280
108.000000	31.46147912
110.000000	-45.48544990
112.000000	16.54257020
114.000000	-81.98435106
116.000000	-42.11487961
118.000000	49.35788906
120.000000	-48.78292998
122.000000	-85.79849946
124.000000	-83.69831040
126.000000	69.15062944
128.000000	-60.31845819
130.000000	-48.40984305
132.000000	-50.48009453
134.000000	-5.86857641
135.001000	9.02082818
137.001000	20.25947078
139.001000	-41.98594826
141.001000	-27.33754484
143.001000	57.75318151
145.001000	7.77587547
147.001000	-140.34943877
149.001000	42.94963700
151.001000	-72.45818242
153.001000	42.87757591
155.001000	-48.80675230
157.001000	94.92161312
159.001000	-10.62716658
161.001000	-66.68539993
163.001000	68.36642541
165.001000	-2.04022058
167.001000	-14.30367663
169.001000	-5.37758020
171.001000	-91.28516875
173.001000	-50.31554595
175.001000	-49.47999060
177.001000	-14.33618414
179.001000	-60.13618121
181.001000	-49.02623195
183.001000	28.52788770
185.001000	116.08065640
187.001000	-15.51164138
189.001000	38.84264060
191.001000	-83.05846994
193.001000	-6.72981058
195.001000	-18.15323491
197.001000	91.61869362
199.001000	66.67380043
201.001000	-28.93362255
203.001000	-22.74720363
205.001000	-56.36713161
207.001000	-75.16331009
209.001000	25.02041268
211.001000	-31.63536603
213.001000	-69.72581146
215.001000	-17.08870374
217.001000	40.80387204
219.001000	29.83093270
221.001000	18.23999477
223.001000	-25.84067304
225.001000	10.26246871
227.001000	-31.46014399
229.001000	113.21579268
231.001000	10.06792907
233.001000	33.47649637
235.001000	-17.55768750
237.001000	27.44956435
239.001000	-35.03258954
241.001000	21.67392753
243.001000	-11.73453544
245.001000	47.22446878
247.001000	95.94051323
249.001000	37.55214262
251.001000	3.20820391
253.001000	-39.92759749
255.001000	4.38804543
257.001000	47.66668369
259.001000	41.11951401
261.001000	-12.86136053
263.001000	-65.58229366
265.001000	69.88563504
267.001000	77.50560524
269.001000	-1.68211005
271.001000	-2.73719134
273.001000	-39.09624544
275.001000	-48.96834780
277.001000	25.20549248
279.001000	-10.79591596
281.001000	-51.26570993
283.001000	-87.22285185
285.001000	41.52604031
287.001000	-75.95614858
289.001000	22.58681569
291.001000	71.51524846
293.001000	-44.88094858
295.001000	45.72146322
297.001000	-25.66078048
299.001000	21.42841481
301.001000	1.03319489
303.001000	-51.79448344
305.001000	-19.25222054
307.001000	-29.99544047
309.001000	-36.80356517
311.001000	14.27647730
313.001000	28.50710188
315.001000	14.16247845
317.001000	16.71460739
319.001000	-156.11021428
321.001000	-32.98764193
323.001000	51.10306296
325.001000	-27.55516753
327.001000	-56.62557389
329.001000	-6.46273932
331.001000	93.41672484
333.001000	27.46801275
335.001000	-34.59353008
337.001000	-59.26441522
339.001000	14.37803897
341.001000	27.96985012
343.001000	10.06368345
345.001000	-26.60300365
347.001000	23.69479063
349.001000	16.92977700
351.001000	-26.21445422
353.001000	2.11496798
355.001000	31.56625352
357.001000	-128.24912019
359.001000	31.32394525
361.001000	20.25902681
363.001000	-22.92636793
365.001000	73.02952526
367.001000	-30.10011692
369.001000	23.22741235
371.001000	7.56232916
373.001000	104.97975409
375.001000	4.69415510
377.001000	18.05842947
379.001000	-110.77620643
381.001000	79.79377418
383.001000	-45.57915218
385.001000	-52.80474349
387.001000	124.19025867
389.001000	-58.01599558
391.001000	-15.03919768
393.001000	-1.80602440
395.001000	74.86833054
397.001000	16.98141973
399.001000	13.96348005
401.001000	36.92839908
403.001000	40.90619582
405.001000	-5.08562588
407.001000	46.75960031
409.001000	-28.24012848
411.001000	-42.05763137
413.001000	-17.26384555
415.001000	27.29761983
417.001000	8.07751183
419.001000	-40.39661919
421.001000	51.38857970
423.001000	20.32282161
425.001000	51.20200023
427.001000	62.42458669
429.001000	9.21904368
431.001000	78.76255322
433.001000	-29.26268585
435.001000	29.31939546
437.001000	-59.66468386
439.001000	-39.55033868
441.001000	-55.89652432
443.001000	7.53644069
445.001000	23.08227612
447.001000	110.88540956
449.001000	-84.85024602
451.001000	-86.82244811
453.001000	-21.85862764
455.001000	-35.64856939
457.001000	-42.49192473
459.001000	27.17078299
461.001000	-21.94811017
463.001000	3.47080447
465.001000	-21.54047801
467.001000	54.09543560
469.001000	-48.33202748
471.001000	-19.20605234
473.001000	32.48549344
475.001000	47.22231826
477.001000	44.95987945
479.001000	-57.40417771
481.001000	-70.55283458
483.001000	-51.27258164
485.001000	-36.81234061
487.001000	-42.75905249
489.001000	24.10532277
491.001000	4.71662606
493.001000	-26.92150523
495.001000	21.32042929
497.001000	77.63429604
499.001000	-73.22553450
501.001000	-74.27457719
503.001000	45.25297475
505.001000	15.32672353
507.001000	68.74238159
509.001000	-44.22479486
511.001000	20.71174104
513.001000	76.55431962
515.001000	-16.58531481
517.001000	54.27764757
519.001000	-37.31656512
521.001000	46.57552635
523.001000	-4.78595836
525.001000	88.35220354
527.001000	52.66763363
529.001000	58.12510416
531.001000	58.63293260
533.001000	-9.18399507
535.001000	2.21324972
537.001000	-1.18745341
539.001000	-28.88504145
541.001000	48.68315324
543.001000	4.30383082
545.001000	58.88643592
547.001000	-64.20979749
549.001000	4.03471864
551.001000	11.74400620
553.001000	64.05616091
555.001000	77.00410537
557.001000	-63.77002451
559.001000	32.29674182
561.001000	-64.15223050
563.001000	-53.09026085
565.001000	26.18567744
567.001000	6.91092171
569.001000	-68.46552396
571.001000	-10.30188066
573.001000	39.95771121
575.001000	-121.40383682
577.001000	-17.34237529
579.001000	-20.59690405
581.001000	48.82420851
583.001000	-81.36206490
585.001000	-3.92372777
587.001000	-126.48824201
589.001000	35.42980329
591.001000	35.83308313
593.001000	-8.00449038
595.001000	-92.59208195
597.001000	30.80148359
599.001000	27.34117482
601.001000	35.89994064
603.001000	18.24744078
605.001000	6.05153689
607.001000	-54.45222104
609.001000	-81.65453977
611.001000	-41.94152756
613.001000	-35.98405309
615.001000	-41.91740595
617.001000	-20.80231170
619.001000	75.83730687
621.001000	23.31562060
623.001000	-16.87449906
625.001000	-54.95935205
627.001000	-79.08716795
629.001000	-18.74246717
631.001000	8.57194805
633.001000	41.07428789
635.001000	47.98851199
637.001000	59.10239631
639.001000	-14.42133724
641.001000	34.52256121
643.001000	-26.73709232
645.001000	49.38543579
647.001000	-5.51978457
649.001000	-2.63893170
651.001000	90.31520520
653.001000	77.16715270
655.001000	17.70496835
657.001000	-14.81061307
659.001000	72.28245990
661.001000	-0.04998761
663.001000	5.07972922
665.001000	14.88910611
667.001000	-19.77986764
669.001000	-12.19794605
671.001000	123.70491083
673.001000	13.83628713
675.001000	-14.66853630
677.001000	-28.09163604
679.001000	125.76958135
681.001000	64.61662123
683.001000	-45.98318219
685.001000	-72.11551022
687.001000	29.08890491
689.001000	53.92090483
691.001000	35.82734435
693.001000	3.39180411
695.001000	-51.24485923
697.001000	-51.10181247
699.001000	4.13307077
701.001000	-2.16883662
703.001000	-46.30525947
705.001000	61.39432258
707.001000	7.93653133
709.001000	4.73496765
711.001000	32.87640013
713.001000	-10.53944192
715.001000	-29.87778376
717.001000	65.62078287
719.001000	77.62906735
721.001000	1.12335849
723.001000	13.45987181
725.001000	13.37684467
727.001000	3.12604966
729.001000	29.04184767
731.001000	-55.56370024
733.001000	69.61808820
735.001000	-65.98876131
737.001000	-64.14873713
739.001000	44.86092210
741.001000	2.78497229
743.001000	-45.92929921
745.001000	36.89985663
747.001000	63.43908038
749.001000	-91.42243806
751.001000	2.53629507
753.001000	-6.97913396
755.001000	75.54578717
757.001000	23.42946608
759.001000	-6.11282755
761.001000	3.78808738
763.001000	-31.34863131
765.001000	-56.14854560
767.001000	19.15403748
769.001000	1.39843619
771.001000	28.57960756
773.001000	87.62170153
775.001000	-103.92067095
777.001000	-6.18575662
779.001000	-72.29830898
781.001000	33.52445114
783.001000	-1.91546006
785.001000	-20.08715322
787.001000	-10.08490639
789.001000	0.64187738
791.001000	-0.87997398
793.001000	-15.43421152
795.001000	6.35292092
797.001000	-29.43979615
799.001000	51.90245248
801.001000	-21.62495243
803.001000	-74.79352694
805.001000	149.08575319
807.001000	-70.90508696
809.001000	-18.92111934
811.001000	3.80347290
813.001000	-3.22669048
815.001000	-57.08153249
817.001000	-19.83726680
819.001000	35.05801636
821.001000	-26.81247085
823.001000	-6.59926493
825.001000	-2.98594051
827.001000	1.77822433
829.001000	-47.92397995
831.001000	68.08771467
833.001000	30.52907956
835.001000	20.88856200
837.001000	63.66137212
839.001000	50.99022202
841.001000	38.35606857
843.001000	-62.68779988
845.001000	33.65753092
847.001000	57.23317512
849.001000	2.08787201
851.001000	-13.51817852
853.001000	-25.37103005
855.001000	42.97189850
857.001000	-38.44961597
859.001000	61.39010691
861.001000	-139.41574822
863.001000	1.21531155
865.001000	38.25846339
867.001000	-39.16645743
869.001000	-6.52193171
871.001000	-83.14979656
873.001000	4.65517987
875.001000	78.07133818
877.001000	19.97872963
879.001000	100.29492347
881.001000	-28.68051102
883.001000	-1.45601809
885.001000	12.12144102
887.001000	-8.93432085
889.001000	-10.36319988
891.001000	104.68778782
893.001000	36.39736521
895.001000	12.79370609
897.001000	75.22056354
899.001000	53.67977245
901.001000	37.54967731
903.001000	-10.07941577
905.001000	121.31081379
907.001000	-57.86002831
909.001000	132.31855304
911.001000	1.88383911
913.001000	89.30878423
915.001000	40.78580628
917.001000	-78.14711042
919.001000	-52.98543599
921.001000	57.98685874
923.001000	58.40282729
925.001000	-40.78304455
927.001000	24.76491087
929.001000	-52.65601933
931.001000	-65.32729005
933.001000	25.63029868
935.001000	-6.99007978
937.001000	54.42776194
939.001000	58.55000849
941.001000	104.79625043
943.001000	-39.42731344
945.001000	-1.16044723
947.001000	-61.81064182
949.001000	-33.36752751
951.001000	143.38952892
953.001000	-88.69889043
955.001000	-67.91840103
957.001000	20.31308015
959.001000	60.96332754
961.001000	1.68581917
963.001000	83.26742906
965.001000	83.90260924
967.001000	50.21310178
969.001000	5.78298232
971.001000	0.83325593
973.001000	36.53651595
975.001000	-71.87137714
977.001000	1.17896633
979.001000	38.58665884
981.001000	75.53437452
983.001000	-19.46791521
985.001000	-64.19086147
987.001000	-2.91880200
989.001000	16.23526699
991.001000	7.43305940
993.001000	39.80164447
995.001000	-23.71764817
997.001000	52.78919772
999.001000	30.99646560
1001.001000	-113.91706941
1003.001000	95.36529680
1005.001000	-26.48491768
1007.001000	-47.29096286
1009.001000	-5.35725875
1011.001000	-124.29922770
1013.001000	-24.47107445
1015.001000	27.86259803
1017.001000	74.26462738
1019.001000	15.94080272
1021.001000	18.57646461
1023.001000	-20.59886933
1025.001000	80.23425030
1027.001000	-44.10884830
1029.001000	-43.40745224
1031.001000	-7.20503105
1033.001000	18.64772457
1035.001000	-63.20770559
1037.001000	25.68590262
1039.001000	-67.25964533
1041.001000	7.21095896
1043.001000	70.03044287
1045.001000	-50.26910303
1047.001000	51.04347457
1049.001000	-15.18497687
1051.001000	-63.32824292
1053.001000	-30.88964044
1055.001000	-5.48160672
1057.001000	30.58884649
1059.001000	-70.06282244
1061.001000	-54.25087088
1063.001000	10.51438292
1065.001000	113.25347072
1067.001000	19.56212652
1069.001000	18.14186171
1071.001000	99.74049038
1073.001000	26.43111943
1075.001000	7.68948543
1077.001000	126.61357208
1079.001000	107.35531891
1081.001000	-0.96914248
1083.001000	-66.37691349
1085.001000	-37.18816761
1087.001000	-84.91101361
1089.001000	73.59273716
1091.001000	44.77937317
1093.001000	-96.87830770
1095.001000	11.79250482
1097.001000	-2.08458053
1099.001000	51.57698821
1101.001000	-1.41490960
1103.001000	-53.81112839
1105.001000	25.46978027
1107.001000	19.92256183
1109.001000	39.91265192
1111.001000	-38.13749714
1113.001000	40.24040183
1115.001000	51.16448536
1117.001000	-48.20276127
1119.001000	35.20952609
1121.001000	-17.71709609
1123.001000	-101.41950678
1125.001000	20.89863259
1127.001000	51.90766068
1129.001000	-45.45525445
1131.001000	-22.25187391
1133.001000	2.03743178
1135.001000	19.58310862
1137.001000	-26.02418122
1139.001000	-67.23795528
1141.001000	-15.89949507
1143.001000	38.44032183
1145.001000	-51.24047487
1147.001000	73.33585565
1149.001000	-41.86002967
1151.001000	-51.67010042
1153.001000	6.43674540
1155.001000	4.51896633
1157.001000	-16.98317175
1159.001000	-64.36562921
1161.001000	-28.11640280
1163.001000	-83.76693785
1165.001000	-40.86644189
1167.001000	-76.53082639
1169.001000	21.42309807
1171.001000	2.15037298
1173.001000	85.41698466
1175.001000	-30.70163083
1177.001000	-14.20129616
1179.001000	-41.90705040
1181.001000	-86.72940236
1183.001000	63.40483347
1185.001000	8.30013898
1187.001000	-31.75678173
1189.001000	-64.43612597
1191.001000	31.81493551
1193.001000	-38.60421379
1195.001000	-28.77936571
1197.001000	41.60173204
1199.001000	44.66826137
1201.001000	-19.10634665
1203.001000	-10.19893971
1205.001000	-13.53456742
1207.001000	56.23812695
1209.001000	30.21147843
1211.001000	-26.17560104
1213.001000	-3.61884107
1215.001000	-16.69360318
1217.001000	45.75741805
1219.001000	30.91379290
1221.001000	31.28544120
1223.001000	67.42890241
1225.001000	47.64656428
1227.001000	9.86496933
1229.001000	60.09654163
1231.001000	-92.39261271
1233.001000	-80.72508324
1235.001000	175.70595997
1237.001000	-32.03008586
1239.001000	43.67170415
1241.001000	38.90071577
1243.001000	5.28946857
1245.001000	-34.71121250
1247.001000	-17.03276404
1249.001000	-81.09776078
1251.001000	12.20119085
1253.001000	42.43843476
1255.001000	-68.14708218
1257.001000	99.98460036
1259.001000	-46.66099327
1261.001000	-4.68883631
1263.001000	19.39114748
1265.001000	33.87251086
1267.001000	64.17223656
1269.001000	-112.22318622
1271.001000	13.33163519
1273.001000	4.51725549
1275.001000	55.87788477
1277.001000	80.99021792
1279.001000	2.47793576
1281.001000	1.45658834
1283.001000	-53.27671064
1285.001000	4.68407735
1287.001000	-68.12055789
1289.001000	120.59522316
1291.001000	-36.76345902
1293.001000	-20.23778042
1295.001000	1.57596299
1297.001000	-14.68411308
1299.001000	-0.42509984
1301.001000	121.27503154
1303.001000	14.21838571
1305.001000	43.49748294
1307.001000	38.48537141
1309.001000	-56.17485579
1311.001000	-53.13523158
1313.001000	-12.51903831
1315.001000	25.51012402
1317.001000	28.80365526
1319.001000	-36.21708833
1321.001000	44.39063972
1323.001000	-34.14055813
1325.001000	-4.13812758
1327.001000	-12.75259517
1329.001000	-48.10231653
1331.001000	-31.71355528
1333.001000	-47.74953164
1335.001000	114.57050599
1337.001000	-59.95628987
1339.001000	48.41264850
1341.001000	23.64366093
1343.001000	-8.76803749
1345.001000	17.86049330
1347.001000	2.44151364
1349.001000	46.21815540
1351.001000	93.60195522
1353.001000	-52.77423035
1355.001000	35.95513683
1357.001000	69.69816588
1359.001000	25.25628939
1361.001000	9.72454277
1363.001000	29.48787838
1365.001000	46.53235886
1367.001000	-98.60988440
1369.001000	40.86046321
1371.001000	94.57193842
1373.001000	114.57435199
1375.001000	19.92266356
1377.001000	-24.64134963
1379.001000	8.68302333
1381.001000	72.43407204
1383.001000	-41.21311366
1385.001000	11.29790168
1387.001000	9.13208309
1389.001000	-92.52475179
1391.001000	-62.65368872
1393.001000	-11.50573263
1395.001000	8.81521577
1397.001000	23.60999400
1399.001000	41.57129493
1401.001000	-68.62855231
1403.001000	40.16908342
1405.001000	19.01660305
1407.001000	31.65645976
1409.001000	34.09535968
1411.001000	59.85978259
1413.001000	-60.54875372
1415.001000	1.93626616
1417.001000	48.71836266
1419.001000	-47.83931451
1421.001000	10.32929991
1423.001000	12.35063425
1425.001000	47.65088904
1427.001000	-68.14267254
1429.001000	-17.41382972
1431.001000	-8.95826540
1433.001000	-26.80629041
1435.001000	-5.71775777
1437.001000	-0.15492787
1439.001000	-40.74866604
1441.001000	-81.91198985
1443.001000	-116.79196877
1445.001000	-58.67762559
1447.001000	24.52304290
1449.001000	145.44498710
1451.001000	39.92866147
1453.001000	-66.20603036
1455.001000	-11.59065026
1457.001000	-99.52964389
1459.001000	33.75776303
1461.001000	-29.21879533
1463.001000	1.02505886
1465.001000	-16.89206045
1467.001000	55.47702852
1469.001000	-33.57447776
1471.001000	-58.44217480
1473.001000	-73.78552207
1475.001000	93.23821661
1477.001000	12.16054019
1479.001000	-18.91678120
1481.001000	-45.79589082
1483.001000	58.61997530
1485.001000	-44.30703365
1487.001000	-77.24679079
1489.001000	-69.07388108
1491.001000	-75.84063216
1493.001000	84.88599392
1495.001000	-55.25402995
1497.001000	39.39167542
1499.001000	73.09676149
1501.001000	43.20713572
1503.001000	-130.16116369
1505.001000	-18.26056909
1507.001000	-47.96956259
1509.001000	113.74856861
1511.001000	13.91661411
1513.001000	47.51249611
1515.001000	47.93390086
1517.001000	-43.39616369
1519.001000	14.04693000
1521.001000	5.63931970
1523.001000	41.20896359
1525.001000	-17.11500776
1527.001000	180.74771470
1529.001000	-24.75054733
1531.001000	40.28731465
1533.001000	-42.42171726
1535.001000	-66.74809993
1537.001000	0.22473116
1539.001000	-87.71328467
1541.001000	-59.90927652
1543.001000	-109.86854692
1545.001000	81.01135180
1547.001000	83.11281638
1549.001000	100.35863856
1551.001000	-90.88887465
1553.001000	-62.76117844
1555.001000	-61.52218449
1557.001000	-22.45396418
1559.001000	25.03785925
1561.001000	24.59834339
1563.001000	-70.89238962
1565.001000	-57.59044553
1567.001000	61.48261722
1569.001000	58.95192841
1571.001000	-17.75762955
1573.001000	35.64386336
1575.001000	12.02273471
1577.001000	13.31933541
1579.001000	61.83224998
1581.001000	-27.09441558
1583.001000	85.27917321
1585.001000	13.13370890
1587.001000	42.69606591
1589.001000	-31.52841395
1591.001000	5.54866002
1593.001000	11.94143610
1595.001000	-44.41803279
1597.001000	-0.83793996
1599.001000	27.33574157
1601.001000	23.88236659
1603.001000	65.26595608
1605.001000	-13.38623478
1607.001000	25.98174811
1609.001000	36.41006102
1611.001000	88.80347583
1613.001000	98.10693330
1615.001000	-110.62319395
1617.001000	-56.74347083
1619.001000	14.83815817
1621.001000	31.18003057
1623.001000	3.43208575
1625.001000	-93.70707407
1627.001000	-3.42314292
1629.001000	38.23330467
1631.001000	61.41684308
1633.001000	85.04878887
1635.001000	40.46382564
1637.001000	-38.26626436
1639.001000	-97.74139579
1641.001000	8.86221171
1643.001000	87.50074217
1645.001000	-2.20943429
1647.001000	4.57461318
1649.001000	-35.39606825
1651.001000	109.23067905
1653.001000	-83.88512909
1655.001000	4.90205871
1657.001000	58.02984392
1659.001000	73.10671405
1661.001000	73.99122988
1663.001000	-37.24702446
1665.001000	17.87735755
1667.001000	-152.67354159
1669.001000	-4.66781180
1671.001000	63.23859685
1673.001000	55.09390345
1675.001000	19.71093509
1677.001000	88.47320044
1679.001000	45.18990981
1681.001000	-83.49677756
1683.001000	1.21379945
1685.001000	-9.20774110
1687.001000	-20.05108912
1689.001000	1.53509677
1691.001000	-29.60796795
1693.001000	-26.23241877
1695.001000	-65.16449508
1697.001000	41.21577547
1699.001000	72.24566757
1701.001000	15.95985851
1703.001000	-70.25648343
1705.001000	-32.34115532
1707.001000	-16.15928888
1709.001000	49.69948511
1711.001000	-17.80139825
1713.001000	57.07122879
1715.001000	32.78838705
1717.001000	-14.99280229
1719.001000	17.12598150
1721.001000	57.02249749
1723.001000	-11.28780404
1725.001000	-105.78089029
1727.001000	-18.80496690
1729.001000	-7.19216372
1731.001000	-2.83513962
1733.001000	42.27768138
1735.001000	3.23371147
1737.001000	13.23374545
1739.001000	-30.01720113
1741.001000	25.33589205
1743.001000	47.18407893
1745.001000	-4.25021653
1747.001000	9.30794994
1749.001000	2.31446471
1751.001000	33.81912372
1753.001000	104.26443036
1755.001000	81.28322079
1757.001000	-44.34756707
1759.001000	53.71204398
1761.001000	-13.21949607
1763.001000	-46.56488032
1765.001000	-30.68523850
1767.001000	67.15541276
1769.001000	2.15029270
1771.001000	-9.50681281
1773.001000	66.72245648
1775.001000	-25.45176669
1777.001000	-11.98292613
1779.001000	102.73629921
1781.001000	-1.62407226
1783.001000	23.01587216
1785.001000	-40.38092833
1787.001000	-124.72888843
1789.001000	-17.37290519
1791.001000	-32.20835102
1793.001000	11.54182259
1795.001000	-60.71825040
1797.001000	68.88283136
1799.001000	4.41805952
1801.001000	44.72430606
1803.001000	-58.40976690
1805.001000	28.59422569
1807.001000	44.89298149
1809.001000	18.90756643
1811.001000	34.27617897
1813.001000	-17.37411672
1815.001000	97.18917282
1817.001000	-22.17707008
1819.001000	3.46860764
1821.001000	16.06289339
1823.001000	20.34239746
1825.001000	-6.44489789
1827.001000	-5.39295037
1829.001000	-37.23896065
1831.001000	-5.57695992
1833.001000	111.45801080
1835.001000	23.03671549
1837.001000	-22.97901509
1839.001000	132.71752723
1841.001000	-53.66869867
1843.001000	-67.78039896
1845.001000	108.03838577
1847.001000	34.66639645
1849.001000	-5.42074290
1850.001000	-150.03007631
1851.001000	-29.53642390
1852.001000	19.28387755
1853.001000	-25.34069613
1854.001000	-97.94447549
1855.001000	73.20065481
1856.001000	26.53317889
1857.001000	-3.88984618
1858.001000	-21.45937865
1859.001000	-106.16098186
1860.001000	-23.26794429
1861.001000	-18.89721586
1862.001000	-29.63189906
1863.001000	-65.76497642
1864.001000	-76.53415178
1865.001000	-19.84838459
1866.001000	-79.39952620
1867.001000	-24.85693797
1868.001000	-106.00198835
1869.001000	54.02165075
1870.001000	31.94437114
1871.001000	79.66293027
1872.001000	109.43819043
1873.001000	45.45841981
1874.001000	40.67718981
1875.001000	-62.13629953
1876.001000	-108.05050875
1877.001000	73.79472525
1878.001000	-33.17564357
1879.001000	-94.57361357
1880.001000	-29.23035450
1881.001000	2.20625150
1882.001000	11.60919490
1883.001000	-27.95828894
1884.001000	-62.44148804
1885.001000	-1.88708545
1886.001000	148.30919858
1887.001000	66.95422058
1888.001000	-1.56849736
1889.001000	-90.56006877
1890.001000	-7.07175377
1891.001000	-35.75771449
1892.001000	-38.58876242
1893.001000	-2.92097755
1894.001000	-5.96718353
1895.001000	-13.29233147
1896.001000	-74.62580514
1897.001000	-5.18895782
1898.001000	43.11701946
1899.001000	19.58811514
1900.001000	-85.43788188
1901.001000	-11.89343221
1902.001000	5.04217146
1903.001000	7.95795190
1904.001000	103.17619551
1905.001000	72.62181773
1906.001000	42.79108953
1907.001000	-9.94692898
1908.001000	12.49522934
1909.001000	28.89177577
1910.001000	-71.49563093
1911.001000	111.86232888
1912.001000	-33.32580656
1913.001000	-37.34807729
1914.001000	38.13189583
1915.001000	-34.60611569
1916.001000	50.71403154
1917.001000	-52.91513001
1918.001000	73.48168206
1919.001000	-110.34637184
1920.001000	-35.12888254
1921.001000	-0.12379027
1922.001000	55.86704022
1923.001000	127.28416876
1924.001000	-39.94089628
1925.001000	0.80902915
1926.001000	-127.11612324
1927.001000	-62.64696060
1928.001000	23.95969118
1929.001000	0.33743086
1930.001000	-97.76435735
1931.001000	-14.28646518
1932.001000	-70.93441320
1933.001000	-28.09968910
1934.001000	88.89092398
1935.001000	0.78207147
1936.001000	57.77813088
1937.001000	15.44146602
1938.001000	-11.49891080
1939.001000	-56.56299541
1940.001000	-12.55026390
1941.001000	60.18786906
1942.001000	-3.06972711
1943.001000	-82.55701702
1944.001000	-11.55410653
1945.001000	-32.96828976
1946.001000	68.35297198
1947.001000	64.62569125
1948.001000	-44.62344927
1949.001000	103.46921312
1950.001000	-73.82232671
1951.001000	-55.58023463
1952.001000	-19.83209943
1953.001000	96.05767210
1954.001000	21.47899082
1955.001000	-58.59556124
1956.001000	77.95189864
1957.001000	66.92124521
1958.001000	17.57849040
1959.001000	-89.96436106
1960.001000	-18.75742509
1961.001000	45.51492212
1962.001000	18.24967771
1963.001000	20.67727539
1964.001000	-39.99242246
1965.001000	-24.99951525
1966.001000	-107.94494013
1967.001000	-147.03526867
1968.001000	-15.51575090
1969.001000	20.43549820
1970.001000	-23.24131881
1971.001000	41.43516188
1972.001000	29.90482479
1973.001000	28.57125834
1974.001000	-35.10317351
1975.001000	18.39143204
1976.001000	-72.43940625
1977.001000	-68.82578730
1978.001000	-70.46990235
1979.001000	-113.11392975
1980.001000	31.59656843
1981.001000	40.30528461
1982.001000	37.09156010
1983.001000	-111.86797161
1984.001000	-21.11894701
1985.001000	10.02499160
1986.001000	6.62542371
1987.001000	20.02637641
1988.001000	-2.00778873
1989.001000	-68.70342634
1990.001000	-92.66348194
1991.001000	-77.77265089
1992.001000	-10.39773855
1993.001000	-19.34278042
1994.001000	41.38273296
1995.001000	-52.51241256
1996.001000	17.91598985
1997.001000	-9.80063578
1998.001000	-17.43073504
1999.001000	-22.17408608
2000.001000	36.50707975
2001.001000	0.29015183
2002.001000	30.50472369
2003.001000	21.21712883
2004.001000	36.01204111
2005.001000	35.57028380
2006.001000	15.12405616
2007.001000	1.09065066
2008.001000	33.49990875
2009.001000	48.10891520
2010.001000	24.82473339
2011.001000	-2.77328449
2012.001000	32.57716018
2013.001000	73.11635532
2014.001000	54.83513003
2015.001000	-65.99247277
2016.001000	44.27046042
2017.001000	-60.34731211
2018.001000	-9.52232199
2019.001000	66.05993660
2020.001000	-55.03379988
2021.001000	-4.85855549
2022.001000	81.05253424
2023.001000	-8.88475116
2024.001000	10.68225919
2025.001000	-32.70129582
2026.001000	13.89869517
2027.001000	69.79692657
2028.001000	68.46787470
2029.001000	0.82885272
2030.001000	2.69519936
2031.001000	-129.36039742
2032.001000	86.94401990
2033.001000	-2.37811045
2034.001000	-14.22202918
2035.001000	-7.18518901
2036.001000	43.34086974
2037.001000	9.99007784
2038.001000	14.96577241
2039.001000	44.70045013
2040.001000	93.06536245
2041.001000	-0.65858324
2042.001000	56.04473719
2043.001000	60.83877453
2044.001000	44.87539685
2045.001000	21.12432104
2046.001000	-59.78859751
2048.000000	-25.15377538
2049.000000	30.19824929
2050.000000	38.46570685
2051.000000	92.81055092
2052.000000	34.44442892
2053.000000	-37.63959542
2054.000000	0.25598070
2055.000000	-44.28084331
2056.000000	-37.33773833
2057.000000	67.24656943
2058.000000	30.07278036
2059.000000	-31.11638741
2060.000000	-78.46432117
2061.000000	36.95943044
2062.000000	26.97264348
2063.000000	72.21938160
2064.000000	-14.62342075
2065.000000	-17.89079913
2066.000000	-60.99701495
2067.000000	-49.76521698
2068.000000	-53.77093917
2069.000000	-105.55041230
2070.000000	18.98897312
2071.000000	-66.07038071
2072.000000	17.53294241
2073.000000	-43.46311637
2074.000000	-25.10386904
2075.000000	43.72876105
2076.000000	121.74925150
2077.000000	-18.57263405
2078.000000	-17.08287057
2079.000000	61.73864303
2080.000000	-4.27872388
2081.000000	-67.86011763
2082.000000	-24.92040045
2083.000000	-31.73567583
2084.000000	11.45881097
2085.000000	-47.27664376
2086.000000	2.87613929
2087.000000	-37.58336142
2088.000000	92.87215127
2089.000000	-23.55183724
2090.000000	24.04858330
2091.000000	-78.62921762
2092.000000	35.41907604
2093.000000	49.02905389
2094.000000	7.04723793
2095.000000	-40.31758155
2096.000000	49.40102668
2097.000000	48.23193643
2098.000000	-13.87443971
2099.000000	-73.62427148
2100.000000	-27.65765500
2101.000000	29.43666569
2102.000000	1.76614409
2103.000000	-33.83039090
2104.000000	34.37021188
2105.000000	-57.71617957
2106.000000	-10.46591847
2107.000000	52.94007409
2108.000000	133.57064774
2109.000000	6.92122155
2110.000000	28.01896411
2111.000000	2.14789610
2112.000000	-49.26153175
2113.000000	37.30878863
2114.000000	-36.88389615
2115.000000	6.26328852
2116.000000	90.45578412
2117.000000	-128.44194046
2118.000000	-9.30635063
2119.000000	-8.66464444
2120.000000	-46.49941867
2121.000000	-19.62310263
2122.000000	7.33853790
2123.000000	-29.51081592
2124.000000	-13.32283217
2125.000000	-82.22397648
2126.000000	57.61853436
2127.000000	-56.28032492
2128.000000	74.86370628
2129.000000	36.44220061
2130.000000	-60.68433088
2131.000000	15.03644331
2132.000000	105.23497785
2133.000000	46.26434728
2134.000000	-25.38254635
2135.000000	30.96944273
2136.000000	-62.51691698
2137.000000	2.25851932
2138.000000	-19.98114649
2139.000000	4.67704235
2140.000000	30.00972834
2141.000000	28.63814966
2142.000000	-53.73099045
2143.000000	98.73735244
2144.000000	21.75685150
2145.000000	-7.78156567
2146.000000	-26.10046239
2147.000000	13.28953290
2148.000000	-74.71518995
2149.000000	-0.79194730
2150.000000	-60.13060050
2151.000000	-102.62943144
2152.000000	12.11521387
2153.000000	-3.78783984
2154.000000	92.66143914
2155.000000	-74.25951518
2156.000000	-46.48784103
2157.000000	-47.98214031
2158.000000	48.12447177
2159.000000	-52.82540843
2160.000000	7.44728837
2161.000000	45.60054809
2162.000000	0.27438841
2163.000000	11.84632944
2164.000000	28.30074315
2165.000000	15.65131645
2166.000000	53.99239939
2167.000000	25.00445725
2168.000000	-100.01191726
2169.000000	110.82410782
2170.000000	-22.04633431
2171.000000	12.69049194
2172.000000	-16.98507670
2173.000000	-8.05985497
2174.000000	9.43933942
2175.000000	38.93505622
2176.000000	-54.62786377
2177.000000	-58.90676080
2178.000000	-70.22398236
2179.000000	21.86024803
2180.000000	-29.91523718
2181.000000	26.88622954
2182.000000	-66.62419785
2183.000000	235.12603279
2184.000000	-76.13456325
2185.000000	97.85055775
2186.000000	-2.23514928
2187.000000	-34.94237807
2188.000000	73.37386022
2189.000000	-1.51379425
2190.000000	-32.01439236
2191.000000	-41.55698391
2192.000000	-72.62630528
2193.000000	33.58053116
2194.000000	-77.73672838
2195.000000	-6.12503287
2196.000000	40.42929850
2197.000000	-30.39090453
2198.000000	-60.37791612
2199.000000	105.29797704
2200.000000	-24.39783691
2201.000000	30.95284267
2202.000000	-37.35645459
2203.000000	-32.34443958
2204.000000	-9.30782155
2205.000000	57.84936573
2206.000000	27.66908128
2207.000000	7.57522666
2208.000000	-98.89716569
2209.000000	27.92558126
2210.000000	-16.03956166
2211.000000	9.37347164
2212.000000	-40.30171541
2213.000000	83.52111860
2214.000000	23.93344794
2215.000000	122.16898202
2216.000000	4.47682409
2217.000000	69.16929181
2218.000000	64.92646455
2219.000000	0.80695000
2220.000000	21.67463223
2221.000000	-42.21067702
2222.000000	-41.06277789
2223.000000	14.49254117
2224.000000	-14.72372024
2225.000000	16.22710337
2226.000000	-64.75631620
2227.000000	38.69977523
2228.000000	-37.58750658
2229.000000	-60.14711172
2230.000000	-2.53943722
2231.000000	83.76942804
2232.000000	169.03481987
2233.000000	-86.40417473
2234.000000	38.21667313
2235.000000	-8.09076043
2236.000000	-11.03415013
2237.000000	98.75815380
2238.000000	27.51617769
2239.000000	16.01496107
2240.000000	40.97391706
2241.000000	-71.49864217
2242.000000	-37.96394197
2243.000000	-14.48171869
2244.000000	81.50314999
2245.000000	65.08329626
2246.000000	-39.09894092
2247.000000	102.79447846
2248.000000	9.65242617
2249.000000	-9.27513375
2250.000000	10.46752681
2251.000000	-1.47972379
2252.000000	89.45721582
2253.000000	-86.98150872
2254.000000	-64.00728912
2255.000000	71.16899847
2256.000000	-15.41162714
2257.000000	-44.49316639
2258.000000	-52.29313425
2259.000000	37.09311212
2260.000000	-10.54408785
2261.000000	-88.36907263
2262.000000	-38.81986078
2263.000000	-30.41860023
2264.000000	-20.44727232
2265.000000	-5.09964501
2266.000000	71.57948268
2267.000000	-23.71807315
2268.000000	54.20567421
2269.000000	-13.64710727
2270.000000	-18.55008568
2271.000000	-12.90598091
2272.000000	5.13422631
2273.000000	-30.05703399
2274.000000	-98.85411394
2275.000000	90.32116534
2276.000000	-74.06069588
2277.000000	43.18520306
2278.000000	-28.90928147
2279.000000	1.10456855
2280.000000	-10.98583809
2281.000000	50.66064150
2282.000000	47.35053383
2283.000000	2.63193046
2284.000000	-8.34276681
2285.000000	-51.99821712
2286.000000	65.28443724
2287.000000	47.75488230
2288.000000	28.53143537
2289.000000	8.37129925
2290.000000	-25.56293181
2291.000000	-4.63913966
2292.000000	78.20933215
2293.000000	73.57139216
2294.000000	20.03897484
2295.000000	-2.13199773
2296.000000	34.11894345
2297.000000	-2.85542716
2298.000000	-41.31478685
2299.000000	93.58221065
2300.000000	83.79878884
