# F(k,t) correlation function
# Reference time: 0.000 ps
# lag_time_ps	F(k,t)
0.000000	675.21245401
1.000000	23.87328753
2.000000	30.32014708
3.000000	-65.90547810
4.000000	40.33783300
5.000000	-33.46625121
6.000000	4.22922857
7.000000	42.04993963
8.000000	77.11508719
9.000000	-77.25245606
10.000000	95.93820072
11.000000	-12.62696581
12.000000	0.99869561
13.000000	72.55944900
14.000000	49.32463831
15.000000	-8.85754180
16.000000	-69.58185681
17.000000	-70.13129502
18.000000	-34.00390177
19.000000	53.82830816
20.000000	-52.19373455
21.000000	-33.60813916
22.000000	44.89718909
23.000000	93.10375958
24.000000	81.68389914
25.000000	56.74807627
26.000000	34.77709167
27.000000	-54.07772743
28.000000	83.66607775
29.000000	24.47925137
30.000000	-54.57298211
31.000000	-111.60863599
32.000000	60.70159157
33.000000	36.39407392
34.000000	-0.58382403
35.000000	-59.87140431
36.000000	24.65544227
37.000000	-8.17944277
38.000000	118.56831405
39.000000	96.92378549
40.000000	-30.86162161
41.000000	-11.44114015
42.000000	-24.75012170
43.000000	-22.90405262
44.000000	3.51459123
45.000000	-66.67816146
46.000000	22.75235942
47.000000	34.33804564
48.000000	-18.91269357
49.000000	-2.38954809
50.000000	19.45366254
51.000000	45.23219937
52.000000	-0.92136726
53.000000	-25.08839418
54.000000	181.30479923
55.000000	-6.65533635
56.000000	33.42209772
58.000000	-22.46587939
60.000000	-67.47385120
62.000000	-0.32425529
64.000000	88.94016208
66.000000	33.49544439
68.000000	-42.94681457
70.000000	7.74095681
72.000000	-64.14524000
74.000000	-2.58077037
76.000000	-128.30987684
78.000000	80.29787632
80.000000	-30.80047091
82.000000	57.21628426
84.000000	-0.83445733
86.000000	76.70585155
88.000000	14.26001101
90.000000	88.13670939
92.000000	-48.39436393
94.000000	14.47346499
96.000000	39.24881681
98.000000	8.57809944
100.000000	95.96884360
102.000000	16.94121118
104.000000	-55.28537797
106.000000	-95.52768414
108.000000	-27.80074893
110.000000	-43.01114935
112.000000	18.30280047
114.000000	24.24936019
116.000000	-59.74918083
118.000000	-54.91172741
120.000000	73.10624894
122.000000	-60.09826193
124.000000	-30.93582756
126.000000	-95.18176997
128.000000	-117.87087853
130.000000	-95.95653645
132.000000	-10.37402232
134.000000	-79.40811813
135.001000	17.42547231
137.001000	90.09418188
139.001000	12.74443544
141.001000	-50.19775020
143.001000	2.56193386
145.001000	69.50871041
147.001000	3.35117766
149.001000	84.40863793
151.001000	-26.50185736
153.001000	-52.90760317
155.001000	60.21567029
157.001000	-11.42711232
159.001000	-45.86668721
161.001000	-76.37744190
163.001000	-43.30100496
165.001000	85.58465413
167.001000	-63.13930290
169.001000	41.87089936
171.001000	6.92561686
173.001000	54.13858231
175.001000	8.83600243
177.001000	-22.24679960
179.001000	11.95617796
181.001000	-65.20989756
183.001000	-9.56988119
185.001000	6.78819061
187.001000	-61.08903467
189.001000	-15.41277772
191.001000	-106.41696437
193.001000	23.33682908
195.001000	-97.38342382
197.001000	-23.00210414
199.001000	-61.12904824
201.001000	-77.17490586
203.001000	60.49957764
205.001000	47.02113683
207.001000	27.98353218
209.001000	-50.12292389
211.001000	-5.61407014
213.001000	-41.11925856
215.001000	84.70772062
217.001000	48.52037311
219.001000	-7.78687326
221.001000	-28.08532756
223.001000	78.81666281
225.001000	-4.33900717
227.001000	-16.58173838
229.001000	71.62208031
231.001000	-39.72135790
233.001000	-85.62250902
235.001000	-109.15960161
237.001000	1.14414414
239.001000	-27.45453768
241.001000	35.76011679
243.001000	50.95952118
245.001000	24.58796951
247.001000	47.34836662
249.001000	-13.48065720
251.001000	35.15691153
253.001000	-12.15372689
255.001000	116.36276307
257.001000	-21.85161151
259.001000	40.74053294
261.001000	-13.17842288
263.001000	30.13586559
265.001000	7.40777106
267.001000	-96.02810083
269.001000	-80.99149843
271.001000	-90.27511235
273.001000	77.72068825
275.001000	-25.96584106
277.001000	69.07209188
279.001000	72.14274436
281.001000	-45.49583867
283.001000	-145.65159223
285.001000	-106.94532682
287.001000	-32.78964829
289.001000	-95.18332713
291.001000	-15.14503180
293.001000	-31.36294541
295.001000	3.51178465
297.001000	-55.38158424
299.001000	27.97686457
301.001000	66.91619596
303.001000	18.11549092
305.001000	-78.13956572
307.001000	121.86032687
309.001000	68.21880216
311.001000	17.16845698
313.001000	-68.47648606
315.001000	61.08064190
317.001000	-65.86317007
319.001000	-12.07871415
321.001000	49.22548649
323.001000	-37.60991169
325.001000	-4.88634269
327.001000	-97.94838010
329.001000	-87.46501465
331.001000	-141.75120478
333.001000	17.97812154
335.001000	-15.79898619
337.001000	26.83454340
339.001000	-36.07654958
341.001000	-74.04202608
343.001000	65.49359754
345.001000	-81.38949309
347.001000	246.36516300
349.001000	4.37870775
351.001000	71.51563647
353.001000	-80.93745248
355.001000	58.74389490
357.001000	-25.55871315
359.001000	-91.33081299
361.001000	-17.18667379
363.001000	57.04774867
365.001000	-14.64444664
367.001000	15.17408526
369.001000	-9.32186920
371.001000	37.20362267
373.001000	-26.22628697
375.001000	49.90315376
377.001000	-8.80191798
379.001000	-36.67335888
381.001000	14.20902330
383.001000	69.28909658
385.001000	-113.18861005
387.001000	46.42183768
389.001000	0.54432244
391.001000	-36.65124499
393.001000	8.90733879
395.001000	132.11938560
397.001000	-62.71748960
399.001000	17.67972358
401.001000	39.81461618
403.001000	4.72908225
405.001000	-42.41590829
407.001000	44.43408148
409.001000	-28.61541051
411.001000	16.49680860
413.001000	-83.00611563
415.001000	-17.23406410
417.001000	-25.56171595
419.001000	78.83853846
421.001000	28.63844838
423.001000	26.90608684
425.001000	-26.34570132
427.001000	19.26612386
429.001000	-26.37479840
431.001000	18.10839039
433.001000	33.63029977
435.001000	-42.04381404
437.001000	4.86867408
439.001000	-13.12619064
441.001000	75.58332395
443.001000	72.57913307
445.001000	95.98354405
447.001000	-33.99241089
449.001000	-18.41893341
451.001000	-17.76668415
453.001000	71.40509633
455.001000	-56.59269931
457.001000	70.50275584
459.001000	-41.69051804
461.001000	-59.32390405
463.001000	14.11168373
465.001000	-27.08510620
467.001000	127.94291458
469.001000	-12.87990618
471.001000	-50.79671281
473.001000	27.64090476
475.001000	13.82898560
477.001000	108.12152700
479.001000	14.63300841
481.001000	-58.20073000
483.001000	98.99988474
485.001000	16.17289611
487.001000	-29.52892087
489.001000	66.10798187
491.001000	-9.45581493
493.001000	-74.60959360
495.001000	-54.45965127
497.001000	7.93031752
499.001000	-22.79977863
501.001000	41.61902027
503.001000	-6.17201636
505.001000	-8.16200708
507.001000	-70.24984476
509.001000	-61.05577262
511.001000	80.48605797
513.001000	-28.59542262
515.001000	-85.60132563
517.001000	-8.07656123
519.001000	-7.08248088
521.001000	-34.26611455
523.001000	51.72199518
525.001000	25.82530940
527.001000	-21.11174715
529.001000	73.15296073
531.001000	67.71918106
533.001000	-87.57789331
535.001000	-12.96656280
537.001000	-24.62412585
539.001000	-9.57783149
541.001000	-11.47204330
543.001000	-13.20297795
545.001000	-26.88726188
547.001000	4.01081855
549.001000	-9.86646863
551.001000	4.16911450
553.001000	-88.21337933
555.001000	53.72473815
557.001000	68.98375098
559.001000	25.32018980
561.001000	57.45716116
563.001000	-140.35533652
565.001000	60.52942897
567.001000	-31.24364609
569.001000	-14.70150981
571.001000	18.48621115
573.001000	19.76320872
575.001000	-9.42223599
577.001000	84.17187567
579.001000	58.34122064
581.001000	-0.79677870
583.001000	13.35582005
585.001000	19.69167539
587.001000	-35.29362983
589.001000	42.14499140
591.001000	51.70620207
593.001000	14.67374980
595.001000	-93.42813024
597.001000	-70.57730673
599.001000	47.69174228
601.001000	-6.13557360
603.001000	-12.45616389
605.001000	6.20730457
607.001000	-7.14403953
609.001000	-32.98011381
611.001000	44.05834631
613.001000	56.27526543
615.001000	44.87598007
617.001000	-7.47542039
619.001000	9.11898768
621.001000	-15.90131294
623.001000	-48.72814822
625.001000	1.33963897
627.001000	21.03219678
629.001000	33.04348411
631.001000	18.70180248
633.001000	-51.60271961
635.001000	-13.97586525
637.001000	-38.26273798
639.001000	47.37743021
641.001000	55.69975346
643.001000	-59.69833715
645.001000	18.70883400
647.001000	62.71424077
649.001000	89.10201001
651.001000	-37.10920960
653.001000	77.18497107
655.001000	56.93585582
657.001000	-29.16956938
659.001000	53.30289236
661.001000	-53.73642590
663.001000	-39.07420653
665.001000	-21.55828170
667.001000	43.16725220
669.001000	16.09688515
671.001000	-79.55022190
673.001000	33.22538559
675.001000	21.99502943
677.001000	-71.10611795
679.001000	-106.55492607
681.001000	-34.51017824
683.001000	-33.19960272
685.001000	19.57455932
687.001000	-32.96032244
689.001000	-98.17599783
691.001000	-21.90409157
693.001000	67.24412955
695.001000	-73.90164336
697.001000	115.90761454
699.001000	-12.96881625
701.001000	28.44013755
703.001000	-36.39030012
705.001000	15.26534677
707.001000	12.41405600
709.001000	79.48228158
711.001000	-47.58616076
713.001000	28.30360466
715.001000	45.89478228
717.001000	-134.95768140
719.001000	42.83046921
721.001000	-116.08807495
723.001000	-11.68682329
725.001000	84.60174529
727.001000	-149.49700596
729.001000	27.21359012
731.001000	-105.32083778
733.001000	24.21872451
735.001000	20.58483581
737.001000	-55.79411298
739.001000	37.76771766
741.001000	-1.43728933
743.001000	-34.17083913
745.001000	52.16782337
747.001000	57.10072482
749.001000	-51.89749142
751.001000	-64.85806814
753.001000	-145.03114485
755.001000	-26.09635020
757.001000	-35.94925737
759.001000	145.64733563
761.001000	-112.39398472
763.001000	33.28177706
765.001000	-31.91464016
767.001000	17.90283956
769.001000	31.66211182
771.001000	-52.44065119
773.001000	27.64653271
775.001000	87.67411093
777.001000	-28.13672958
779.001000	41.69484951
781.001000	-56.77981236
783.001000	85.02711196
785.001000	-40.09122179
787.001000	25.42681916
789.001000	-45.75714354
791.001000	-34.52844137
793.001000	-103.21115329
795.001000	-29.83849254
797.001000	95.81545602
799.001000	-103.33483728
801.001000	23.22799676
803.001000	-4.95952075
805.001000	-46.40672554
807.001000	-88.77325908
809.001000	-58.13708925
811.001000	12.94830216
813.001000	-35.52777043
815.001000	-15.74288271
817.001000	35.60189287
819.001000	-92.06972041
821.001000	190.50698306
823.001000	-24.32352065
825.001000	40.58326377
827.001000	41.36253116
829.001000	-45.59109722
831.001000	-103.92491316
833.001000	36.87964727
835.001000	34.95421786
837.001000	45.91653415
839.001000	45.56956885
841.001000	-35.54890164
843.001000	43.60395858
845.001000	29.64760026
847.001000	11.41452985
849.001000	-76.08519103
851.001000	-82.06334560
853.001000	-83.35171755
855.001000	21.83985596
857.001000	-56.55660246
859.001000	-1.21294966
861.001000	61.35423420
863.001000	-86.46525938
865.001000	98.89479421
867.001000	-83.81834876
869.001000	-32.66313298
871.001000	73.19789605
873.001000	-32.79676963
875.001000	38.76407064
877.001000	-89.71005778
879.001000	-55.11863014
881.001000	68.74214836
883.001000	-81.27473236
885.001000	77.80611082
887.001000	-113.88595089
889.001000	86.25396731
891.001000	54.53297905
893.001000	14.77027702
895.001000	87.47859966
897.001000	72.89120358
899.001000	67.59013163
901.001000	22.56111417
903.001000	-56.86997310
905.001000	17.59623778
907.001000	64.82389162
909.001000	39.94469561
911.001000	76.59586308
913.001000	48.40274691
915.001000	11.87794699
917.001000	-31.48759829
919.001000	50.46886563
921.001000	43.85504661
923.001000	1.69520126
925.001000	23.71689425
927.001000	-107.35278998
929.001000	-30.13891194
931.001000	-67.61661193
933.001000	-26.74792493
935.001000	49.25715350
937.001000	-41.64748478
939.001000	-93.50791388
941.001000	-2.60434039
943.001000	51.34970025
945.001000	28.27104375
947.001000	-92.15038387
949.001000	-1.23167171
951.001000	20.79026208
953.001000	11.60521917
955.001000	4.83430306
957.001000	47.60053018
959.001000	-54.59759356
961.001000	-6.53278808
963.001000	68.74688680
965.001000	36.84746774
967.001000	-22.77859389
969.001000	-71.48841922
971.001000	88.38347915
973.001000	-40.14005275
975.001000	-20.99208487
977.001000	-22.69234704
979.001000	3.56369066
981.001000	-26.51317770
983.001000	97.33569995
985.001000	-77.56685892
987.001000	-25.02090506
989.001000	-62.79574990
991.001000	-30.17467461
993.001000	117.14482911
995.001000	-70.53524378
997.001000	-25.72435809
999.001000	70.56549173
1001.001000	-42.38765361
1003.001000	-32.82841314
1005.001000	-58.47294420
1007.001000	-18.08508089
1009.001000	-147.75470638
1011.001000	125.50632811
1013.001000	111.21941071
1015.001000	-26.96410562
1017.001000	-82.34703660
1019.001000	-48.45761367
1021.001000	100.45804872
1023.001000	95.01822098
1025.001000	-101.83694170
1027.001000	65.43798050
1029.001000	97.57094518
1031.001000	50.10748326
1033.001000	51.95329103
1035.001000	-58.39035731
1037.001000	4.48541933
1039.001000	-48.83165684
1041.001000	-71.78559095
1043.001000	-16.60190510
1045.001000	12.10910616
1047.001000	-61.06689039
1049.001000	34.35667383
1051.001000	-4.63207116
1053.001000	49.70967187
1055.001000	-22.73498985
1057.001000	88.27176848
1059.001000	-52.13081974
1061.001000	30.76510295
1063.001000	5.85237984
1065.001000	25.17060558
1067.001000	-35.00699467
1069.001000	-109.35372159
1071.001000	-96.53544351
1073.001000	-109.96128648
1075.001000	-168.57295049
1077.001000	13.99084286
1079.001000	43.97185422
1081.001000	53.56532838
1083.001000	7.40294576
1085.001000	25.48256582
1087.001000	-166.05119364
1089.001000	-13.93733977
1091.001000	-18.53948445
1093.001000	-21.49414355
1095.001000	11.23073730
1097.001000	6.27190313
1099.001000	-126.95851857
1101.001000	-2.22415206
1103.001000	27.72710169
1105.001000	-63.62817117
1107.001000	-73.92906948
1109.001000	-27.76564186
1111.001000	-60.98965002
1113.001000	22.19554899
1115.001000	-94.54203057
1117.001000	-92.80955079
1119.001000	29.88614731
1121.001000	-44.33966248
1123.001000	20.97874494
1125.001000	-6.04534654
1127.001000	-80.82995324
1129.001000	-11.04036554
1131.001000	-88.34481124
1133.001000	-42.39265559
1135.001000	-26.63778412
1137.001000	-95.90454926
1139.001000	-16.77771084
1141.001000	-88.56849742
1143.001000	52.06693011
1145.001000	-103.01908538
1147.001000	74.61930101
1149.001000	83.18801841
1151.001000	-40.32222387
1153.001000	-36.22591532
1155.001000	-153.67553662
1157.001000	110.82616082
1159.001000	43.00753181
1161.001000	75.59749643
1163.001000	-46.66992121
1165.001000	-12.35270153
1167.001000	-107.96963182
1169.001000	71.55411246
1171.001000	15.75965708
1173.001000	79.78952239
1175.001000	69.49755884
1177.001000	-20.53947138
1179.001000	-7.08655287
1181.001000	3.47647112
1183.001000	99.51975688
1185.001000	80.89452967
1187.001000	-82.92266571
1189.001000	-82.00598574
1191.001000	-133.69760569
1193.001000	14.37891618
1195.001000	39.06049050
1197.001000	27.20312881
1199.001000	39.12571630
1201.001000	8.87105626
1203.001000	12.92253736
1205.001000	-58.63151797
1207.001000	4.62517837
1209.001000	53.07566620
1211.001000	3.07138063
1213.001000	58.91879954
1215.001000	93.09039603
1217.001000	-33.59659326
1219.001000	-35.27648214
1221.001000	39.18770099
1223.001000	-45.04938551
1225.001000	-85.74816027
1227.001000	-88.42301644
1229.001000	28.20224485
1231.001000	-116.71594539
1233.001000	-3.93760916
1235.001000	68.65359076
1237.001000	-56.81211232
1239.001000	45.90418448
1241.001000	5.41581128
1243.001000	-89.56157354
1245.001000	-35.01035294
1247.001000	0.67499793
1249.001000	35.14009558
1251.001000	-3.49479936
1253.001000	94.56337980
1255.001000	10.45190958
1257.001000	-15.16984190
1259.001000	-14.31561533
1261.001000	-6.75622047
1263.001000	-3.49030375
1265.001000	-125.61931571
1267.001000	13.58791107
1269.001000	-73.30457214
1271.001000	13.78169049
1273.001000	-69.35225877
1275.001000	-100.86421280
1277.001000	-193.77720493
1279.001000	-24.72476237
1281.001000	2.13926069
1283.001000	-54.16803960
1285.001000	-103.63604017
1287.001000	-13.23760777
1289.001000	80.89638622
1291.001000	-35.13443932
1293.001000	91.28860565
1295.001000	-42.21254629
1297.001000	123.91072644
1299.001000	-35.38048463
1301.001000	13.45587993
1303.001000	13.09983090
1305.001000	55.64859767
1307.001000	41.89275388
1309.001000	-10.80220346
1311.001000	-63.02345079
1313.001000	-67.16149524
1315.001000	-26.77065139
1317.001000	-67.30801203
1319.001000	-20.88029996
1321.001000	-61.13670564
1323.001000	63.98779868
1325.001000	-4.26037935
1327.001000	-20.25883782
1329.001000	-81.59727434
1331.001000	-155.30924883
1333.001000	-37.59299753
1335.001000	-25.39446057
1337.001000	-15.83744773
1339.001000	75.50369522
1341.001000	29.28570045
1343.001000	-100.96841726
1345.001000	-24.52803830
1347.001000	49.80691478
1349.001000	63.50350854
1351.001000	-33.35822011
1353.001000	-62.47314952
1355.001000	66.90025335
1357.001000	63.38700675
1359.001000	-65.59730887
1361.001000	66.41106392
1363.001000	-13.17428192
1365.001000	0.84812540
1367.001000	33.13082421
1369.001000	30.29245749
1371.001000	115.67253648
1373.001000	-14.23356007
1375.001000	51.34794629
1377.001000	91.25336391
1379.001000	-52.37376422
1381.001000	-4.93884807
1383.001000	30.41984868
1385.001000	-13.55979449
1387.001000	-43.91675637
1389.001000	22.97210559
1391.001000	10.21439535
1393.001000	-110.05918540
1395.001000	46.37505777
1397.001000	95.28849955
1399.001000	-31.47726043
1401.001000	-83.97399955
1403.001000	-15.47222304
1405.001000	57.40708231
1407.001000	1.55650591
1409.001000	-72.02390793
1411.001000	5.68336943
1413.001000	80.21229910
1415.001000	-33.27970769
1417.001000	-20.09622751
1419.001000	80.47692012
1421.001000	170.41285212
1423.001000	-100.97648848
1425.001000	45.94977497
1427.001000	-63.42303620
1429.001000	43.85628355
1431.001000	-55.65384942
1433.001000	56.28475525
1435.001000	-19.39730083
1437.001000	40.27996923
1439.001000	-78.03631914
1441.001000	38.93631337
1443.001000	88.19430703
1445.001000	-19.80707915
1447.001000	-11.59793398
1449.001000	-25.32000591
1451.001000	-36.47065482
1453.001000	5.57946679
1455.001000	27.66979432
1457.001000	5.12190659
1459.001000	1.70364187
1461.001000	-15.73680442
1463.001000	18.56137167
1465.001000	-60.30062832
1467.001000	23.96158907
1469.001000	-39.22054024
1471.001000	-131.89637578
1473.001000	-83.58548148
1475.001000	-68.45510490
1477.001000	44.31948427
1479.001000	-101.59860574
1481.001000	8.87638881
1483.001000	-26.53419368
1485.001000	39.88938889
1487.001000	27.39484667
1489.001000	-3.34365429
1491.001000	-109.84164463
1493.001000	-31.40943814
1495.001000	19.98168233
1497.001000	-9.80747781
1499.001000	6.18228850
1501.001000	79.81556974
1503.001000	-2.18083185
1505.001000	21.38822669
1507.001000	-63.91085708
1509.001000	-50.37175325
1511.001000	-23.60367825
1513.001000	-11.81744784
1515.001000	35.38887664
1517.001000	68.47293415
1519.001000	-21.83202895
1521.001000	45.48268473
1523.001000	22.56107244
1525.001000	-42.84879912
1527.001000	141.03879591
1529.001000	32.48138973
1531.001000	6.24511635
1533.001000	19.92286841
1535.001000	5.78565769
1537.001000	83.55937106
1539.001000	81.81381888
1541.001000	116.54245043
1543.001000	-21.43775583
1545.001000	26.49181621
1547.001000	102.98836597
1549.001000	-13.50919979
1551.001000	-11.39238148
1553.001000	-35.61676124
1555.001000	-112.32016040
1557.001000	122.59275964
1559.001000	-82.58853479
1561.001000	-45.56511371
1563.001000	33.03396676
1565.001000	30.84877451
1567.001000	-44.43330540
1569.001000	64.60897878
1571.001000	101.43184352
1573.001000	24.36713422
1575.001000	-58.69658053
1577.001000	70.45475259
1579.001000	51.94441996
1581.001000	42.24997527
1583.001000	-80.88659680
1585.001000	78.47050350
1587.001000	-27.46017623
1589.001000	56.03041413
1591.001000	141.15595874
1593.001000	-111.36227537
1595.001000	-85.39347651
1597.001000	98.71963253
1599.001000	8.49960543
1601.001000	71.82600687
1603.001000	-17.44269142
1605.001000	47.97121064
1607.001000	31.47098953
1609.001000	-29.16260658
1611.001000	26.76993570
1613.001000	40.55005152
1615.001000	-59.58954210
1617.001000	51.30403922
1619.001000	71.78258551
1621.001000	156.98332052
1623.001000	-82.39705232
1625.001000	-19.45072241
1627.001000	4.49664355
1629.001000	-92.52728042
1631.001000	110.02307017
1633.001000	11.35417986
1635.001000	-67.94936253
1637.001000	21.34394064
1639.001000	6.04037489
1641.001000	25.16142472
1643.001000	61.15558915
1645.001000	11.08918448
1647.001000	-31.56288767
1649.001000	-32.83465837
1651.001000	-8.12562391
1653.001000	11.53470683
1655.001000	-3.42856658
1657.001000	-62.09654932
1659.001000	6.64743242
1661.001000	61.94268897
1663.001000	-31.78246985
1665.001000	22.82740722
1667.001000	28.36004514
1669.001000	-107.61082928
1671.001000	29.84061548
1673.001000	123.50236097
1675.001000	116.05904831
1677.001000	-84.65560999
1679.001000	-159.11915617
1681.001000	-53.41537460
1683.001000	19.78825842
1685.001000	28.02524645
1687.001000	-8.58469397
1689.001000	31.53446738
1691.001000	25.53911481
1693.001000	48.13050936
1695.001000	-59.06562877
1697.001000	24.68277415
1699.001000	30.57905317
1701.001000	0.91799028
1703.001000	38.52173009
1705.001000	-10.36493204
1707.001000	-73.82965457
1709.001000	-11.23841195
1711.001000	-36.85998069
1713.001000	-46.54215581
1715.001000	-17.24713966
1717.001000	-16.76429018
1719.001000	38.09199284
1721.001000	-105.69940742
1723.001000	12.34168981
1725.001000	104.92767530
1727.001000	-9.62113284
1729.001000	4.07301421
1731.001000	11.77570622
1733.001000	87.80317511
1735.001000	-69.71209274
1737.001000	9.26440662
1739.001000	56.52021980
1741.001000	9.92955547
1743.001000	42.72255578
1745.001000	-42.95321429
1747.001000	-52.37885523
1749.001000	0.22442872
1751.001000	-22.46429953
1753.001000	150.15571370
1755.001000	71.65231026
1757.001000	-0.07658094
1759.001000	171.86050074
1761.001000	40.87355260
1763.001000	55.40413074
1765.001000	40.63092203
1767.001000	-9.59308703
1769.001000	29.26239480
1771.001000	-7.84320781
1773.001000	-59.98828185
1775.001000	13.30366586
1777.001000	-2.39096684
1779.001000	75.02108706
1781.001000	0.71377694
1783.001000	-70.46504510
1785.001000	-24.25271027
1787.001000	114.77389377
1789.001000	92.59722759
1791.001000	-25.22299303
1793.001000	23.10181703
1795.001000	43.05631833
1797.001000	1.97191503
1799.001000	-81.63478897
1801.001000	17.00483096
1803.001000	3.73028522
1805.001000	23.47604301
1807.001000	-76.49403511
1809.001000	-53.30854635
1811.001000	-62.13165976
1813.001000	43.55844390
1815.001000	-100.93099435
1817.001000	20.90968699
1819.001000	-79.50546744
1821.001000	-34.64215680
1823.001000	83.68791893
1825.001000	-27.36413189
1827.001000	-83.43665986
1829.001000	12.02945302
1831.001000	-5.10997840
1833.001000	-75.27239935
1835.001000	-34.04773867
1837.001000	24.35505692
1839.001000	-41.80354693
1841.001000	-66.57200260
1843.001000	107.69822816
1845.001000	-33.08330707
1847.001000	69.33357456
1849.001000	10.37458310
1850.001000	-67.25862922
1851.001000	18.17664533
1852.001000	33.91927752
1853.001000	31.60347496
1854.001000	44.79121722
1855.001000	-42.24632738
1856.001000	-32.84891948
1857.001000	-2.57115233
1858.001000	-59.01522289
1859.001000	52.95678538
1860.001000	-57.22492026
1861.001000	-46.81039308
1862.001000	-3.68655997
1863.001000	45.41778046
1864.001000	-37.59191014
1865.001000	79.57694003
1866.001000	16.68889984
1867.001000	37.54465585
1868.001000	-4.15020340
1869.001000	6.08470578
1870.001000	-57.78071213
1871.001000	48.66661610
1872.001000	-37.76902724
1873.001000	-51.00024852
1874.001000	-21.36010143
1875.001000	-70.89981154
1876.001000	-64.48784811
1877.001000	32.93290599
1878.001000	-65.46199629
1879.001000	108.06874803
1880.001000	5.04756602
1881.001000	-11.01356459
1882.001000	-43.48783100
1883.001000	-9.82256628
1884.001000	-9.43356403
1885.001000	31.06178217
1886.001000	14.69741159
1887.001000	84.88993728
1888.001000	124.10982045
1889.001000	73.19114091
1890.001000	-16.38127587
1891.001000	49.86554135
1892.001000	39.73545660
1893.001000	-57.99638710
1894.001000	-27.06548604
1895.001000	33.06741387
1896.001000	110.19825537
1897.001000	-70.65427817
1898.001000	-5.94094791
1899.001000	56.71951595
1900.001000	-15.20826363
1901.001000	-30.01084784
1902.001000	-137.81440003
1903.001000	-26.76502920
1904.001000	-154.16093064
1905.001000	42.93947630
1906.001000	-37.73970942
1907.001000	36.91955604
1908.001000	65.74126284
1909.001000	47.67288182
1910.001000	-15.28230274
1911.001000	65.10503302
1912.001000	66.77695958
1913.001000	40.09272878
1914.001000	54.97116271
1915.001000	132.84138520
1916.001000	24.99618469
1917.001000	81.29400029
1918.001000	24.46251760
1919.001000	-8.01085562
1920.001000	111.83433014
1921.001000	-47.77484140
1922.001000	-78.43548379
1923.001000	-49.95578752
1924.001000	-84.50355906
1925.001000	-66.24363295
1926.001000	-24.24234277
1927.001000	-11.80642243
1928.001000	-23.37260167
1929.001000	-58.97140349
1930.001000	205.65313301
1931.001000	43.58537016
1932.001000	-95.96208358
1933.001000	-112.31388985
1934.001000	-142.31491227
1935.001000	36.71717435
1936.001000	-48.73373667
1937.001000	42.29410384
1938.001000	8.98276570
1939.001000	-70.18562190
1940.001000	92.19650266
1941.001000	26.19247150
1942.001000	41.54038659
1943.001000	-81.05589987
1944.001000	32.92242589
1945.001000	58.27553974
1946.001000	-58.82215712
1947.001000	83.81329400
1948.001000	-54.97697310
1949.001000	-35.91816226
1950.001000	-0.87859399
1951.001000	-110.01903190
1952.001000	37.24052847
1953.001000	66.71596139
1954.001000	-42.12876870
1955.001000	-92.90811456
1956.001000	6.36227190
1957.001000	28.00278827
1958.001000	10.60327677
1959.001000	83.51837402
1960.001000	14.29582925
1961.001000	-56.04111099
1962.001000	-63.14511651
1963.001000	14.56279137
1964.001000	-47.46279751
1965.001000	57.60728276
1966.001000	28.15809305
1967.001000	7.84849898
1968.001000	11.81097232
1969.001000	-15.90833689
1970.001000	44.12694890
1971.001000	25.14227762
1972.001000	-37.12655162
1973.001000	35.99315324
1974.001000	108.18267236
1975.001000	90.68979594
1976.001000	-45.10145270
1977.001000	5.91181717
1978.001000	29.97496060
1979.001000	41.27152470
1980.001000	-24.05307013
1981.001000	17.49194291
1982.001000	-11.54688092
1983.001000	-23.77622766
1984.001000	92.43693717
1985.001000	37.79706159
1986.001000	48.86884177
1987.001000	-15.66248838
1988.001000	41.06087853
1989.001000	-57.14479639
1990.001000	29.52670528
1991.001000	81.54149090
1992.001000	38.35239936
1993.001000	6.76968844
1994.001000	-12.83645464
1995.001000	90.01671582
1996.001000	-50.28032886
1997.001000	-97.27540714
1998.001000	-97.82573193
1999.001000	-71.79988039
2000.001000	23.45095705
2001.001000	3.94170712
2002.001000	12.29869754
2003.001000	-88.84688479
2004.001000	10.48318400
2005.001000	63.79434855
2006.001000	22.79706524
2007.001000	-47.57547910
2008.001000	1.28881900
2009.001000	-3.00190202
2010.001000	-9.08677422
2011.001000	-50.84502868
2012.001000	60.94981047
2013.001000	-35.73168602
2014.001000	-18.56797120
2015.001000	85.29762052
2016.001000	-22.27641135
2017.001000	60.37725293
2018.001000	22.25620852
2019.001000	23.49371069
2020.001000	-65.78551759
2021.001000	91.20134973
2022.001000	6.84026054
2023.001000	-62.50805287
2024.001000	56.39624051
2025.001000	-17.61904791
2026.001000	50.97107545
2027.001000	-60.89115107
2028.001000	43.37100389
2029.001000	-91.91851961
2030.001000	-48.19252053
2031.001000	-75.29513151
2032.001000	19.42460343
2033.001000	-24.56849497
2034.001000	30.52093716
2035.001000	187.31183288
2036.001000	68.04643363
2037.001000	101.57966434
2038.001000	10.12297150
2039.001000	26.25710943
2040.001000	46.04399556
2041.001000	-125.84605780
2042.001000	-44.79562428
2043.001000	-13.52482873
2044.001000	-11.70704010
2045.001000	-95.71982763
2046.001000	30.79055700
2048.000000	111.37923507
2049.000000	84.10813605
2050.000000	-4.55567922
2051.000000	-29.83387025
2052.000000	9.42701177
2053.000000	-146.66578289
2054.000000	22.89271539
2055.000000	-27.80595167
2056.000000	-37.90578267
2057.000000	42.73556923
2058.000000	33.64335350
2059.000000	-67.02808626
2060.000000	20.68138496
2061.000000	-20.71046525
2062.000000	39.42324479
2063.000000	-8.35455776
2064.000000	-66.96861156
2065.000000	3.64067033
2066.000000	75.92657310
2067.000000	35.62342478
2068.000000	38.14674475
2069.000000	81.35877980
2070.000000	80.24464278
2071.000000	-78.27816137
2072.000000	79.29189519
2073.000000	-137.70405683
2074.000000	46.10077547
2075.000000	-7.01044754
2076.000000	-12.56088638
2077.000000	81.26223119
2078.000000	-97.55941026
2079.000000	-65.07811476
2080.000000	-44.80124056
2081.000000	47.59065641
2082.000000	-22.23062259
2083.000000	-4.73984838
2084.000000	-125.99430690
2085.000000	-27.73670766
2086.000000	-51.11142619
2087.000000	35.51805737
2088.000000	30.08719582
2089.000000	89.21263793
2090.000000	-10.10921862
2091.000000	119.61186542
2092.000000	-47.71317641
2093.000000	-63.24071509
2094.000000	15.74796376
2095.000000	-32.61331344
2096.000000	39.34148726
2097.000000	104.02301153
2098.000000	-13.91896543
2099.000000	43.28321357
2100.000000	46.86643895
2101.000000	-115.61437006
2102.000000	71.93049621
2103.000000	23.42626161
2104.000000	-20.01629040
2105.000000	17.35216699
2106.000000	-131.17580485
2107.000000	55.75670522
2108.000000	39.49058336
2109.000000	-18.80055694
2110.000000	140.04311803
2111.000000	76.99363601
2112.000000	10.96962660
2113.000000	30.16921160
2114.000000	-1.94922504
2115.000000	-36.99014150
2116.000000	78.14512779
2117.000000	106.18086267
2118.000000	-58.86375280
2119.000000	59.33369736
2120.000000	-58.50353464
2121.000000	77.59937803
2122.000000	-65.58042429
2123.000000	31.59354582
2124.000000	-170.41659316
2125.000000	-23.38383270
2126.000000	42.54681872
2127.000000	28.08358613
2128.000000	77.31892041
2129.000000	5.08575287
2130.000000	116.61019399
2131.000000	-64.64531522
2132.000000	20.58846645
2133.000000	-104.81424999
2134.000000	-10.89324145
2135.000000	-74.37791051
2136.000000	62.96685317
2137.000000	48.67282837
2138.000000	16.15191819
2139.000000	7.61955689
2140.000000	-47.00260111
2141.000000	-18.29323414
2142.000000	56.86350198
2143.000000	-75.31884714
2144.000000	62.66719441
2145.000000	4.74911751
2146.000000	-18.77014865
2147.000000	14.04845742
2148.000000	-24.80502400
2149.000000	83.73781999
2150.000000	-53.55368750
2151.000000	7.91419153
2152.000000	-55.96793944
2153.000000	24.98901965
2154.000000	0.46216037
2155.000000	90.45753843
2156.000000	-126.37400858
2157.000000	26.91023402
2158.000000	31.15599759
2159.000000	42.09857325
2160.000000	-55.58691297
2161.000000	24.92522280
2162.000000	-134.68368661
2163.000000	114.64072565
2164.000000	37.52269651
2165.000000	6.72860186
2166.000000	-32.78201120
2167.000000	45.99658788
2168.000000	-69.40856716
2169.000000	-94.48039125
2170.000000	25.33359474
2171.000000	14.84765741
2172.000000	-130.37330323
2173.000000	124.65423544
2174.000000	-7.97510238
2175.000000	4.23896545
2176.000000	-11.33121504
2177.000000	32.16748374
2178.000000	-66.77115018
2179.000000	6.24463789
2180.000000	-23.60843133
2181.000000	45.27623962
2182.000000	-139.30334088
2183.000000	-7.10366629
2184.000000	-48.42168378
2185.000000	-48.07648235
2186.000000	53.85185029
2187.000000	-9.70992379
2188.000000	9.24275597
2189.000000	-82.10272696
2190.000000	-6.74183464
2191.000000	36.07671666
2192.000000	-83.94139475
2193.000000	14.34956091
2194.000000	95.62395427
2195.000000	87.99250977
2196.000000	17.64062702
2197.000000	53.81242967
2198.000000	-96.92729103
2199.000000	-10.70696103
2200.000000	27.94921431
2201.000000	-8.83134417
2202.000000	82.03143537
2203.000000	78.30637524
2204.000000	15.20504947
2205.000000	-92.64360306
2206.000000	122.68211429
2207.000000	25.90154561
2208.000000	52.58255127
2209.000000	50.79776388
2210.000000	-71.58113140
2211.000000	-2.79269866
2212.000000	26.51569708
2213.000000	38.70232719
2214.000000	7.64604980
2215.000000	25.58788919
2216.000000	-36.30109803
2217.000000	-8.08583100
2218.000000	-57.96438456
2219.000000	85.70989851
2220.000000	-8.59185760
2221.000000	-37.97929069
2222.000000	-24.83011502
2223.000000	80.80647506
2224.000000	-89.20249006
2225.000000	-105.39255953
2226.000000	72.46734936
2227.000000	17.74523200
2228.000000	67.06598302
2229.000000	-76.14297038
2230.000000	0.22627408
2231.000000	7.50138999
2232.000000	48.07655033
2233.000000	55.06574250
2234.000000	27.38517195
2235.000000	13.13656077
2236.000000	-5.18493342
2237.000000	79.40631983
2238.000000	-24.49479701
2239.000000	53.60374610
2240.000000	-12.52465771
2241.000000	87.71125068
2242.000000	41.84889860
2243.000000	-82.03448706
2244.000000	-79.29159109
2245.000000	84.36452760
2246.000000	-22.00261417
2247.000000	-72.18872931
2248.000000	-50.81970071
2249.000000	-40.00746073
2250.000000	53.93891812
2251.000000	5.75661958
2252.000000	-31.72914197
2253.000000	-41.46906801
2254.000000	-9.83456663
2255.000000	-97.95766777
2256.000000	43.03579054
2257.000000	14.45446552
2258.000000	0.12009756
2259.000000	-53.91399631
2260.000000	27.69907824
2261.000000	-186.67884636
2262.000000	-50.37019798
2263.000000	133.28538396
2264.000000	-15.76239246
2265.000000	-3.76198639
2266.000000	-6.65951440
2267.000000	53.72001760
2268.000000	-5.54927549
2269.000000	29.06038547
2270.000000	-95.74940867
2271.000000	-95.56997676
2272.000000	28.57942656
2273.000000	-109.22366291
2274.000000	-39.12037138
2275.000000	-105.65444845
2276.000000	1.48845860
2277.000000	25.65663104
2278.000000	15.42660358
2279.000000	-56.39373895
2280.000000	14.08177662
2281.000000	11.50369431
2282.000000	-56.75595003
2283.000000	23.85736028
2284.000000	109.57716065
2285.000000	-85.58139942
2286.000000	-50.01548020
2287.000000	28.90349768
2288.000000	53.21419146
2289.000000	-27.23602058
2290.000000	-3.20476474
2291.000000	5.32019943
2292.000000	62.14165834
2293.000000	-85.28295198
2294.000000	9.86798581
2295.000000	84.84482589
2296.000000	-47.21585682
2297.000000	24.77925264
2298.000000	-39.24208006
2299.000000	-10.88399148
2300.000000	7.01087005
