# F(k,t) correlation function
# Reference time: 1607.001 ps
# lag_time_ps	F(k,t)
0.000000	356.77917366
2.000000	-26.37259641
4.000000	2.43739359
6.000000	-1.85557171
8.000000	-31.37243564
10.000000	-25.62878979
12.000000	24.34398122
14.000000	7.98593153
16.000000	-46.05727351
18.000000	41.31774332
20.000000	37.55830990
22.000000	17.96029798
24.000000	22.82989728
26.000000	34.64860338
28.000000	-9.34710712
30.000000	0.78132807
32.000000	22.05884472
34.000000	46.17764678
36.000000	-1.11037324
38.000000	1.59666570
