# F(k,t) correlation function
# Reference time: 803.001 ps
# lag_time_ps	F(k,t)
0.000000	783.11509543
2.000000	610.43863703
4.000000	549.53561887
6.000000	507.05362841
8.000000	484.67648767
10.000000	427.71994756
12.000000	410.88887414
14.000000	340.47832660
16.000000	317.97216753
18.000000	220.96312430
20.000000	62.41058477
22.000000	126.48010135
24.000000	27.18193822
26.000000	55.83883499
28.000000	-89.14768062
30.000000	-87.47410916
32.000000	-139.13724700
34.000000	-179.67530341
36.000000	-148.79939340
38.000000	-159.37410189
40.000000	-146.52140953
42.000000	-193.17497174
44.000000	-192.12049790
46.000000	-74.91524501
48.000000	-74.89370004
50.000000	-22.36218534
52.000000	-53.47648963
54.000000	-33.67385258
56.000000	-105.15400376
58.000000	-116.81828921
60.000000	12.83052539
62.000000	-12.60791294
64.000000	-6.77687839
66.000000	-68.26083455
68.000000	55.49720312
70.000000	36.59008784
72.000000	217.60335155
74.000000	37.43478001
76.000000	98.86520641
78.000000	165.36977239
80.000000	262.89847296
82.000000	149.41874047
84.000000	138.90025156
86.000000	163.89837817
88.000000	131.15956725
90.000000	118.45623239
92.000000	101.50287542
94.000000	30.76187434
96.000000	225.11492124
98.000000	126.47683904
100.000000	102.58733240
102.000000	15.11029278
104.000000	184.49223801
106.000000	58.69348011
108.000000	40.15532266
110.000000	-56.41465757
112.000000	-122.70303674
114.000000	-10.34396671
116.000000	-54.27468657
118.000000	-128.42784668
120.000000	-90.48763486
122.000000	-106.87087256
124.000000	-63.05618204
126.000000	-96.78733672
128.000000	0.98407399
130.000000	-76.09878093
132.000000	-50.04773300
134.000000	32.91740031
136.000000	-19.50209349
138.000000	-5.48031755
140.000000	32.98530043
142.000000	41.58267970
144.000000	-20.69166612
146.000000	22.99797192
148.000000	-0.89231674
150.000000	67.03646855
152.000000	-24.64751811
154.000000	101.92929280
156.000000	28.42126445
158.000000	-49.77533319
160.000000	-36.49191886
162.000000	-39.28691549
164.000000	-102.76628750
166.000000	-43.55911182
168.000000	-57.16528458
170.000000	62.67841974
172.000000	-44.37941235
174.000000	-51.88856282
176.000000	-67.57538633
178.000000	-40.19281614
180.000000	-15.41915593
182.000000	-61.99286752
184.000000	24.04979590
186.000000	-67.78088322
188.000000	-97.01771587
190.000000	-54.64616262
192.000000	1.22941728
194.000000	-81.95879200
196.000000	-16.03904519
198.000000	-27.52095593
200.000000	-24.32839381
202.000000	-61.14563952
204.000000	-7.82836045
206.000000	34.03050966
208.000000	-29.60926698
210.000000	16.92116498
212.000000	-2.74692354
214.000000	23.79535001
216.000000	-25.27676049
218.000000	-27.02013166
220.000000	2.97305211
222.000000	-2.32877351
224.000000	-145.84614126
226.000000	-94.19713810
228.000000	-133.98355016
230.000000	-92.32562224
232.000000	-88.23676859
234.000000	-37.71218269
236.000000	-117.28676031
238.000000	-127.16290326
240.000000	-46.11092290
242.000000	-60.54325326
244.000000	-47.71562301
246.000000	85.33473334
248.000000	-76.13273584
250.000000	-46.49974012
252.000000	-4.50334788
254.000000	2.57981271
256.000000	43.03063794
258.000000	116.60936757
260.000000	50.56013888
262.000000	-21.34891097
264.000000	-55.41550313
266.000000	19.88420595
268.000000	80.79710973
270.000000	94.78145042
272.000000	62.13697838
274.000000	56.25002891
276.000000	111.59543553
278.000000	51.50034786
280.000000	77.11938608
282.000000	138.73704764
284.000000	0.43138954
286.000000	0.45317081
288.000000	124.89378968
290.000000	50.57475494
292.000000	63.42508958
294.000000	-21.36449749
296.000000	25.60814749
298.000000	-34.32236465
300.000000	-32.34811234
302.000000	-105.85244875
304.000000	-99.16018250
306.000000	-91.80559642
308.000000	21.07341207
310.000000	-84.69262487
312.000000	-23.57179482
314.000000	26.48985974
316.000000	-120.06723240
318.000000	-57.54584736
320.000000	33.16033492
322.000000	-94.62125038
324.000000	-106.96686252
326.000000	-101.80910659
328.000000	-148.91071231
330.000000	-148.67742550
332.000000	-46.65430908
334.000000	-54.67967094
336.000000	-44.02146145
338.000000	-145.67215521
340.000000	-108.66857922
342.000000	-93.37698816
344.000000	-30.98487639
346.000000	-52.11579451
348.000000	-29.14292700
350.000000	48.69547121
352.000000	113.98065554
354.000000	2.94869653
356.000000	0.90404941
358.000000	88.96674086
360.000000	2.09528284
362.000000	-83.31782796
364.000000	-114.81709752
366.000000	-111.16593016
368.000000	-78.75798699
370.000000	-62.86227010
372.000000	13.33821016
374.000000	98.49745250
376.000000	70.80507276
378.000000	211.05167060
380.000000	117.83148700
382.000000	105.20044605
384.000000	47.25356599
386.000000	130.22642559
388.000000	66.90105678
390.000000	44.37764095
392.000000	-77.33275680
394.000000	2.90527638
396.000000	4.67774389
398.000000	14.12151603
400.000000	22.33463653
402.000000	7.78483064
404.000000	-20.74829453
406.000000	2.79270703
408.000000	-35.69554019
410.000000	-13.50673902
412.000000	-88.42513597
414.000000	-93.22089333
416.000000	-18.44186973
418.000000	39.02400137
420.000000	46.91826415
422.000000	-13.24882460
424.000000	-130.81990639
426.000000	-134.11577450
428.000000	-92.11423833
430.000000	-25.89161861
432.000000	-137.89025656
434.000000	-105.62126183
436.000000	-107.77964589
438.000000	92.99135583
440.000000	143.99394641
442.000000	12.23755073
444.000000	13.55579331
446.000000	23.50830573
448.000000	37.79874011
450.000000	-18.02239972
452.000000	2.40874044
454.000000	42.71777911
456.000000	50.55724801
458.000000	30.21926265
460.000000	59.91781047
462.000000	-17.33277952
464.000000	96.45124126
466.000000	106.20499871
468.000000	136.75615882
470.000000	13.42900306
472.000000	28.80986232
474.000000	-4.71204553
476.000000	2.46847301
478.000000	87.67152289
480.000000	51.58468155
482.000000	10.19951470
484.000000	-25.90984367
486.000000	-98.30274803
488.000000	13.25160206
490.000000	52.88513357
492.000000	-22.34018853
494.000000	-34.07167503
496.000000	-102.08119085
498.000000	-21.77432691
500.000000	-39.71933686
502.000000	-44.09986468
504.000000	-75.40427000
506.000000	-97.83233434
508.000000	-158.32432100
510.000000	-83.13562351
512.000000	-31.54425618
514.000000	-6.69609767
516.000000	1.45493520
518.000000	-51.23222633
520.000000	13.63761177
522.000000	135.27830453
524.000000	139.70062061
526.000000	49.63893481
528.000000	-65.92909672
530.000000	-50.85317516
532.000000	15.21561055
534.000000	-68.11562029
536.000000	-35.76212645
538.000000	-39.23234111
540.000000	43.57662780
542.000000	86.39513959
544.000000	56.10419827
546.000000	29.36243394
548.000000	85.78896584
550.000000	41.56072556
552.000000	38.06150294
554.000000	16.27364906
556.000000	16.65731633
558.000000	-11.73575131
560.000000	52.66994477
562.000000	67.04442067
564.000000	59.88807944
566.000000	71.43344165
568.000000	65.71903350
570.000000	54.14729844
572.000000	-16.76779641
574.000000	13.27052864
576.000000	-42.81209681
578.000000	-77.66316738
580.000000	-42.23596213
582.000000	-7.55906784
584.000000	0.72844454
586.000000	27.70841326
588.000000	70.28646152
590.000000	57.06935356
592.000000	64.74818721
594.000000	63.40927803
596.000000	131.78367386
598.000000	205.51774339
600.000000	151.45748388
602.000000	128.05238655
604.000000	105.85645159
606.000000	79.23909056
608.000000	125.47187805
610.000000	76.88330728
612.000000	64.19739649
614.000000	47.44588067
616.000000	89.84397303
618.000000	-55.02256032
620.000000	-14.58734152
622.000000	-56.20046148
624.000000	-61.73436711
626.000000	10.85219037
628.000000	-182.33711688
630.000000	-88.33874167
632.000000	-53.06246671
634.000000	-84.24080843
636.000000	-0.29600640
638.000000	-113.63499224
640.000000	-27.93111656
642.000000	-56.21517414
644.000000	-56.73133438
646.000000	-19.03569173
648.000000	-82.45741939
650.000000	2.54578153
652.000000	-42.74126512
654.000000	-41.50084325
656.000000	-0.58654839
658.000000	-58.38977124
660.000000	-31.27922442
662.000000	9.91375120
664.000000	-89.64691332
666.000000	-15.54600856
668.000000	99.13082576
670.000000	-2.16161644
672.000000	-71.76217550
674.000000	-49.73536950
676.000000	-42.14929731
678.000000	-22.58664851
680.000000	10.49615039
682.000000	8.41141362
684.000000	-42.79627560
686.000000	-96.16460401
688.000000	-17.61142254
690.000000	35.49369041
692.000000	61.13659670
694.000000	10.34762579
696.000000	-13.63528664
698.000000	-8.93275792
700.000000	-108.55368354
702.000000	-70.60715238
704.000000	9.32623628
706.000000	19.07204853
708.000000	3.89123372
710.000000	80.68764178
712.000000	20.48533715
714.000000	53.77629618
716.000000	119.34273296
718.000000	129.44455390
720.000000	58.09410460
722.000000	88.85464635
724.000000	26.93950843
726.000000	-51.83460751
728.000000	36.41896720
730.000000	-45.09171544
732.000000	-9.97481890
734.000000	128.70158666
736.000000	37.84648932
738.000000	20.68994248
740.000000	75.42527182
742.000000	13.17685595
744.000000	93.53836130
746.000000	43.79380508
748.000000	120.74935811
750.000000	8.73421335
752.000000	71.34981068
754.000000	-14.50234704
756.000000	-27.38095404
758.000000	90.73094190
760.000000	72.15382772
762.000000	135.34664024
764.000000	15.79867885
766.000000	30.20675019
768.000000	1.76239876
770.000000	-17.07957323
772.000000	-35.38708003
774.000000	18.22053875
776.000000	-31.04854794
778.000000	1.06150611
780.000000	-69.87852924
782.000000	-99.89403313
784.000000	-58.42431336
786.000000	-89.45250652
788.000000	-70.30198818
790.000000	-14.39430278
792.000000	-5.35610223
794.000000	-33.96915788
796.000000	-34.90917371
798.000000	-32.92930586
800.000000	42.03008422
802.000000	74.91054255
804.000000	15.87809959
806.000000	-50.08033728
808.000000	63.24457422
810.000000	65.22997256
812.000000	104.08724648
814.000000	-26.14979689
816.000000	53.43280133
818.000000	28.47107574
820.000000	49.51270806
822.000000	133.71723381
824.000000	103.16085586
826.000000	-48.44283358
828.000000	-50.08868886
830.000000	-73.66548609
832.000000	28.74283784
834.000000	-54.69787168
836.000000	5.93398233
838.000000	120.37336692
840.000000	61.71906669
842.000000	9.99460467
844.000000	67.92079413
846.000000	141.62810475
848.000000	65.59674372
850.000000	94.74594459
852.000000	166.93325174
854.000000	118.45734181
856.000000	176.91324109
858.000000	189.36186168
860.000000	195.57302326
862.000000	183.29658795
864.000000	157.66759458
866.000000	169.71983195
868.000000	20.89095626
870.000000	107.08671118
872.000000	100.22113759
874.000000	90.61700409
876.000000	91.62358916
878.000000	186.68801565
880.000000	107.89373535
882.000000	-36.27698804
884.000000	64.68030012
886.000000	77.89876067
888.000000	32.65224797
890.000000	72.21530516
892.000000	-29.53664672
894.000000	-85.80564687
896.000000	5.16016148
898.000000	-11.36537748
900.000000	-99.80797134
902.000000	-103.35512317
904.000000	-111.76227863
906.000000	-100.89652648
908.000000	4.13622565
910.000000	-56.80496466
912.000000	-119.83537883
914.000000	-129.22739613
916.000000	-168.14161197
918.000000	-67.88410918
920.000000	-87.35707896
922.000000	-48.87406326
924.000000	-96.93283142
926.000000	-42.47788032
928.000000	-103.95659338
930.000000	16.81673250
932.000000	-19.82441821
934.000000	-4.02683049
936.000000	23.87680164
938.000000	-53.29758085
940.000000	-8.89275855
942.000000	102.47238180
944.000000	87.06044961
946.000000	44.83292589
948.000000	65.46114206
950.000000	74.94373381
952.000000	-6.68271911
954.000000	56.04227200
956.000000	55.63462355
958.000000	79.40105620
960.000000	11.23110752
962.000000	16.41366496
964.000000	-40.68778742
966.000000	35.44005731
968.000000	11.13088359
970.000000	-57.17704833
972.000000	17.82634608
974.000000	-36.90553482
976.000000	30.74505048
978.000000	-48.39902060
980.000000	25.49586980
982.000000	-38.12080677
984.000000	-15.75460317
986.000000	-50.44259172
988.000000	-29.71052693
990.000000	65.62614298
992.000000	-7.07333160
994.000000	56.84971099
996.000000	-80.87310834
998.000000	-122.40670734
1000.000000	-133.89895883
1002.000000	7.71540220
1004.000000	-96.56136687
1006.000000	-48.09011713
1008.000000	-162.60083287
1010.000000	-38.65322234
1012.000000	-11.75279161
1014.000000	-43.06410019
1016.000000	25.91825202
1018.000000	-39.52047405
1020.000000	-26.71966812
1022.000000	38.43471867
1024.000000	39.02049395
1026.000000	-29.77430440
1028.000000	8.64761406
1030.000000	54.62557449
1032.000000	-44.65871360
1034.000000	112.96168169
1036.000000	96.53803404
1038.000000	64.76772118
1040.000000	5.86732592
1042.000000	16.01709714
1044.000000	14.13620327
1046.000000	67.78259327
1047.000000	62.49418702
1048.000000	59.99089141
1049.000000	90.99622018
1050.000000	52.08527584
1051.000000	131.30596611
1052.000000	23.02018122
1053.000000	68.33254760
1054.000000	89.03330638
1055.000000	68.64581824
1056.000000	33.71773398
1057.000000	133.78446675
1058.000000	194.10722971
1059.000000	88.47929150
1060.000000	131.93305806
1061.000000	62.60130217
1062.000000	165.82610883
1063.000000	-26.22720018
1064.000000	17.87985345
1065.000000	29.48941334
1066.000000	-3.94755206
1067.000000	49.16581216
1068.000000	-27.46527760
1069.000000	-93.73054367
1070.000000	-36.52790805
1071.000000	-75.80218408
1072.000000	-134.80745506
1073.000000	-89.01030629
1074.000000	-44.32706245
1075.000000	-53.93729637
1076.000000	-61.40195455
1077.000000	19.02849090
1078.000000	-9.91598890
1079.000000	60.48440408
1080.000000	66.50618467
1081.000000	-38.38925850
1082.000000	-76.86675886
1083.000000	-42.95141579
1084.000000	-34.42742833
1085.000000	-85.07300078
1086.000000	6.97611600
1087.000000	-32.93044413
1088.000000	-20.54714533
1089.000000	-70.01981639
1090.000000	-80.28690323
1091.000000	-53.94485002
1092.000000	-187.67510850
1093.000000	-100.27559530
1094.000000	-48.58442629
1095.000000	-105.00476977
1096.000000	-84.96087624
1097.000000	-110.74592309
1098.000000	-57.46418437
1099.000000	-82.83447034
1100.000000	-144.42652752
1101.000000	-24.17790366
1102.000000	-58.41013531
1103.000000	-2.33120558
1104.000000	-133.76616769
1105.000000	-10.77502729
1106.000000	-3.54727734
1107.000000	4.12322668
1108.000000	21.86926843
1109.000000	-13.89530254
1110.000000	15.94664265
1111.000000	-23.51292491
1112.000000	27.62355707
1113.000000	56.24980634
1114.000000	134.47329170
1115.000000	39.28943001
1116.000000	-15.26329200
1117.000000	32.81499565
1118.000000	-14.53452805
1119.000000	47.31348745
1120.000000	16.19531919
1121.000000	115.56268841
1122.000000	138.46877036
1123.000000	47.31725560
1124.000000	193.11899440
1125.000000	76.52836078
1126.000000	189.99865240
1127.000000	90.45307107
1128.000000	97.30334725
1129.000000	61.30110007
1130.000000	-15.57520799
1131.000000	9.09145763
1132.000000	48.21789830
1133.000000	75.27948805
1134.000000	68.71925644
1135.000000	-54.02511736
1136.000000	66.82086947
1137.000000	36.93915313
1138.000000	-15.57106465
1139.000000	77.95379263
1140.000000	3.75420505
1141.000000	-35.95603910
1142.000000	-16.55110337
1143.000000	88.77017919
1144.000000	22.73260173
1145.000000	126.26996975
1146.000000	106.27762610
1147.000000	114.81643215
1148.000000	12.47103514
1149.000000	40.77077181
1150.000000	-26.44136326
1151.000000	-70.79775344
1152.000000	-50.76260030
1153.000000	-30.75443127
1154.000000	-3.18322251
1155.000000	-28.02166813
1156.000000	-3.90769836
1157.000000	-7.37366002
1158.000000	-62.54201527
1159.000000	-19.13551839
1160.000000	-94.90618406
1161.000000	-6.20804211
1162.000000	-12.25282792
1163.000000	33.40228241
1164.000000	-8.02572085
1165.000000	-30.50917906
1166.000000	-10.14135960
1167.000000	-11.51845853
1168.000000	21.78751260
1169.000000	71.95009378
1170.000000	14.76201495
1171.000000	32.92412282
1172.000000	0.91562309
1173.000000	9.24458200
1174.000000	-6.77069140
1175.000000	-15.90689154
1176.000000	95.99937311
1177.000000	51.73670733
1178.000000	94.89054751
1179.000000	9.26221024
1180.000000	133.41559745
1181.000000	96.52478274
1182.000000	82.61035043
1183.000000	108.81919948
1184.000000	82.27412635
1185.000000	91.96400640
1186.000000	76.84179882
1187.000000	139.69751722
1188.000000	-20.21356830
1189.000000	-29.70300417
1190.000000	65.74576752
1191.000000	64.60326502
1192.000000	134.48710595
1193.000000	144.75494524
1194.000000	166.83950027
1195.000000	81.82700252
1196.000000	145.99273276
1197.000000	130.22375526
1198.000000	100.47576334
1199.000000	129.35641032
1200.000000	106.33333609
1201.000000	130.11068676
1202.000000	32.64213977
1203.000000	41.41657216
1204.000000	20.27201053
1205.000000	61.96140262
1206.000000	25.29564110
1207.000000	16.94221901
1208.000000	51.03765413
1209.000000	-10.04522051
1210.000000	5.01060184
1211.000000	-64.09093433
1212.000000	-69.69291831
1213.000000	-4.23292634
1214.000000	37.02411668
1215.000000	71.69099569
1216.000000	84.70598966
1217.000000	83.79723814
1218.000000	-49.29874025
1219.000000	105.99080462
1220.000000	20.83380299
1221.000000	79.94651171
1222.000000	154.14193810
1223.000000	171.96995546
1224.000000	187.06412863
1225.000000	145.99725942
1226.000000	194.94370933
1227.000000	88.26846546
1228.000000	134.66846601
1229.000000	86.48792663
1230.000000	103.70676115
1231.000000	101.76251414
1232.000000	49.40692370
1233.000000	114.49294435
1234.000000	79.19386170
1235.000000	76.83551456
1236.000000	8.64158820
1237.000000	49.01429193
1238.000000	33.25495306
1239.000000	10.69590309
1240.000000	44.00790786
1241.000000	-37.72142912
1242.000000	-10.14000173
1243.000000	-16.21774679
1244.999000	-45.06520049
1245.999000	-114.80341857
1246.999000	-106.71669399
1247.999000	-62.58053155
1248.999000	-93.19942543
1249.999000	-137.25247395
1250.999000	-246.67861438
1251.999000	-107.99026814
1252.999000	-81.19214782
1253.999000	-141.12741474
1254.999000	-165.01137051
1255.999000	-127.21694926
1256.999000	-129.20062945
1257.999000	-130.30762386
1258.999000	-188.50005172
1259.999000	-74.91703692
1260.999000	6.38021493
1261.999000	5.74924551
1262.999000	-35.63197189
1263.999000	8.07485189
1264.999000	29.98071551
1265.999000	27.34149153
1266.999000	93.50335262
1267.999000	6.40136313
1268.999000	2.13258010
1269.999000	105.71940667
1270.999000	43.39374476
1271.999000	83.13948994
1272.999000	-23.81400623
1273.999000	76.50931504
1274.999000	66.23029691
1275.999000	92.81388613
1276.999000	90.06212020
1277.999000	98.85064873
1278.999000	113.50988369
1279.999000	81.82571171
1280.999000	62.12409731
1281.999000	162.22733252
1282.999000	120.44457353
1283.999000	158.12131371
1284.999000	80.64656861
1285.999000	167.20076066
1286.999000	142.45091389
1287.999000	148.84589902
1288.999000	105.63592909
1289.999000	76.09628475
1290.999000	127.91318541
1291.999000	112.94506109
1292.999000	115.20405505
1293.999000	37.69685745
1294.999000	76.74792812
1295.999000	92.93624820
1296.999000	146.36944150
1297.999000	109.24671088
1298.999000	67.71321358
1299.999000	117.83640039
1300.999000	59.06043721
1301.999000	55.27026910
1302.999000	46.42710353
1303.999000	76.55710182
1304.999000	179.62015512
1305.999000	99.76967487
1306.999000	157.42634537
1307.999000	160.49712714
1308.999000	43.10469262
1309.999000	21.40447510
1310.999000	130.25126941
1311.999000	39.34580024
1312.999000	38.76045128
1313.999000	39.01501207
1314.999000	41.51077936
1315.999000	82.85805871
1316.999000	91.96693334
1317.999000	46.63066254
1318.999000	13.79934140
1319.999000	23.03748433
1320.999000	-70.45400803
1321.999000	-16.97800234
1322.999000	52.38760728
1323.999000	41.48610298
1324.999000	116.87727994
1325.999000	56.59502179
1326.999000	76.40482691
1327.999000	128.73643441
1328.999000	88.85912433
1329.999000	94.10615614
1330.999000	62.29561619
1331.999000	100.66506780
1332.999000	36.65440288
1333.999000	67.34458098
1334.999000	5.88649870
1335.999000	28.27923496
1336.999000	18.41945575
1337.999000	87.78690449
1338.999000	59.22431935
1339.999000	63.91569464
1340.999000	8.44798762
1341.999000	87.28038122
1342.999000	71.61448317
1343.999000	19.24264249
1344.999000	145.55719666
1345.999000	129.91923938
1346.999000	78.65468627
1347.999000	119.89427983
1348.999000	53.13271168
1349.999000	109.08670674
1350.999000	155.13503794
1351.999000	50.42505329
1352.999000	76.62320723
1353.999000	197.93575391
1354.999000	184.47126077
1355.999000	83.97170025
1356.999000	197.90165044
1357.999000	166.93127873
1358.999000	74.35256224
1359.999000	214.59169018
1360.999000	151.99070458
1361.999000	208.98773308
1362.999000	188.87869463
1363.999000	142.21193676
1364.999000	150.90117296
1365.999000	112.54254146
1366.999000	133.49912595
1367.999000	121.55823564
1368.999000	148.69470982
1369.999000	186.04458290
1370.999000	154.21585729
1371.999000	144.03455585
1372.999000	111.14961599
1373.999000	93.23754672
1374.999000	182.67548490
1375.999000	105.96961462
1376.999000	37.13164531
1377.999000	97.98914865
1378.999000	107.97109997
1379.999000	92.24216391
1380.999000	98.90980908
1381.999000	130.48922729
1382.999000	123.19286744
1383.999000	-10.01586511
1384.999000	-36.06823090
1385.999000	78.77108636
1386.999000	60.22447629
1387.999000	36.25944179
1388.999000	27.37868078
1389.999000	77.96376869
1390.999000	106.67473937
1391.999000	42.79672302
1392.999000	130.68692097
1393.999000	111.00189004
1394.999000	142.56651124
1395.999000	125.46703152
1396.999000	51.61189400
1397.999000	113.23595282
1398.999000	101.86693080
1399.999000	157.57566411
1400.999000	70.75448488
1401.999000	165.30336190
1402.999000	48.22151629
1403.999000	84.95197844
1404.999000	88.94619661
1405.999000	69.61180845
1406.999000	74.78727504
1407.999000	157.09458756
1408.999000	213.61301975
1409.999000	181.75107027
1410.999000	197.76641586
1411.999000	144.42572578
1412.999000	173.82977817
1413.999000	216.31724242
1414.999000	179.83144865
1415.999000	172.76273611
1416.999000	247.97591219
1417.999000	195.96574145
1418.999000	171.64583357
1419.999000	244.32294180
1420.999000	151.80263117
1421.999000	102.24914355
1422.999000	174.54743912
1423.999000	114.46431506
1424.999000	168.94056518
1425.999000	105.32869700
1426.999000	193.21416691
1427.999000	88.11179943
1428.999000	61.86657632
1429.999000	162.78020074
1430.999000	60.14244416
1431.999000	132.63232527
1432.999000	98.68419194
1433.999000	71.74757772
1434.999000	122.21136329
1435.999000	50.99775007
1436.999000	34.18207704
1437.999000	105.75613262
1438.999000	95.72266792
1439.999000	-11.32297999
1440.999000	45.55421827
1441.999000	84.59530975
1442.999000	51.93430321
1443.999000	-15.53879882
1444.999000	104.47296436
1445.999000	108.26706182
1446.999000	-41.51311761
1447.999000	46.98082821
1448.999000	13.12104468
1449.999000	-94.01221533
1450.999000	27.76511551
1451.999000	-32.75538220
1452.999000	-65.23495803
1453.999000	-42.75315829
1454.999000	43.71998046
1455.999000	30.80697913
1456.999000	15.81132577
1457.999000	0.19486608
1458.999000	-50.78527357
1459.999000	-58.57691985
1460.999000	-114.69346192
1461.999000	-36.78081220
1462.999000	-35.39091511
1463.999000	-71.08548326
1464.999000	16.19252355
1465.999000	-36.93315017
1466.999000	-57.04055573
1467.999000	72.03280836
1468.999000	-139.54899314
1469.999000	-17.19084317
1470.999000	31.76102096
1471.999000	19.51260425
1472.999000	-19.42259811
1473.999000	-2.17034588
1474.999000	42.65951589
1475.999000	-28.82640028
1476.999000	79.50320657
1477.999000	-4.85189502
1478.999000	-36.65361504
1479.999000	33.84506197
1480.999000	76.22303653
1481.999000	79.82080024
1482.999000	67.26391843
1483.999000	16.29496095
1484.999000	86.33065847
1485.999000	112.08644937
1486.999000	43.61761293
1487.999000	32.54030219
1488.999000	36.33023803
1489.999000	65.15824203
1490.999000	68.08807868
1491.999000	109.48261733
1492.999000	-22.35156770
1493.999000	-16.45336024
1494.999000	-119.40070019
1495.999000	-84.61866409
1496.999000	-40.67795729
